{
    "taining_accuracy": 0.9510121655621894,
    "testing_accuracy": 0.9536934345930885,
    "overall_accuracy": 0.9536934345930885,
    "precision": 0.9554152253332365,
    "recall": 0.9536934345930885,
    "f1score": 0.9536496253166893,
    "support": null,
    "true_positive_rate": 0.9844371545409608,
    "true_negative_rate": 0.9229497146452164,
    "positive_predictive_value": 0.9274129090379523,
    "negative_predictive_value": 0.9834175416285208,
    "false_positive_rate": 0.07705028535478363,
    "false_negative_rate": 0.01556284545903923,
    "failure_detection_rate": 0.07258709096204778
}
