{
    "taining_accuracy": 0.9347671385883802,
    "testing_accuracy": 0.9351170628679278,
    "overall_accuracy": 0.935117062867928,
    "precision": 0.9357573966643409,
    "recall": 0.935117062867928,
    "f1score": 0.9350932181745633,
    "fbeta": 0.9173026555750682,
    "true_positive_rate": 0.9159502089605895,
    "true_negative_rate": 0.9542839167752662,
    "false_positive_rate": 0.04571608322473374,
    "false_negative_rate": 0.08404979103941042,
    "hash": "4a4010a9a5204e96e092208a4311137c2af1fe0103b8f7d4e80e8eacd1cd8581"
}
