{
    "taining_accuracy": 0.9318797607189946,
    "testing_accuracy": 0.9327919831034017,
    "overall_accuracy": 0.9327919831034018,
    "precision": 0.934593358995369,
    "recall": 0.9327919831034017,
    "f1score": 0.9327222670782699,
    "fbeta": 0.9625991024854921,
    "true_positive_rate": 0.9649826989619377,
    "true_negative_rate": 0.9006012672448659,
    "false_positive_rate": 0.09939873275513414,
    "false_negative_rate": 0.03501730103806228,
    "hash": "e5ae238de07b911657c0a10db16738b64af79cdf2cf7ac8d13bca0fd6ab563ab"
}
