{
    "taining_accuracy": 0.9497854719616843,
    "testing_accuracy": 0.9336238346169436,
    "overall_accuracy": 0.9336238346169436,
    "precision": 0.9338056119063924,
    "recall": 0.9336238346169436,
    "f1score": 0.9336168804978653,
    "fbeta": 0.9241163024738069,
    "true_positive_rate": 0.9233887312525334,
    "true_negative_rate": 0.9438589379813539,
    "false_positive_rate": 0.05614106201864613,
    "false_negative_rate": 0.07661126874746656,
    "hash": "c9669cf8515f55cc6a643fe7fb017a21ba5d8ee676c61c658b0ec8fb8bd89d99"
}
