{
    "taining_accuracy": 0.9622316697104877,
    "testing_accuracy": 0.9394492066387015,
    "overall_accuracy": 0.9394492066387015,
    "precision": 0.9406481191580419,
    "recall": 0.9394492066387015,
    "f1score": 0.9394079920540135,
    "fbeta": 0.9152046783625731,
    "true_positive_rate": 0.9133685938354915,
    "true_negative_rate": 0.9655298194419114,
    "false_positive_rate": 0.03447018055808864,
    "false_negative_rate": 0.08663140616450848,
    "hash": "d27b3f386a6a27f6af86e88778031ee34658e80452a6360e29ae38f255d5799c"
}
