{
    "taining_accuracy": 0.970956634562603,
    "testing_accuracy": 0.9614721687113456,
    "overall_accuracy": 0.9614721687113454,
    "precision": 0.961828590195642,
    "recall": 0.9614721687113454,
    "f1score": 0.9614647337034752,
    "fbeta": 0.9743214185546448,
    "true_positive_rate": 0.9753624657812024,
    "true_negative_rate": 0.9475818716414884,
    "false_positive_rate": 0.05241812835851161,
    "false_negative_rate": 0.024637534218797528,
    "hash": "10b70cd15a72ee7883308bfdb09992b136455f555bb2ec8b74403a7aae37444e"
}
