{
    "taining_accuracy": 0.9684880239520958,
    "testing_accuracy": 0.9554744525547445,
    "overall_accuracy": 0.9554744525547445,
    "precision": 0.9555065484261438,
    "recall": 0.9554744525547445,
    "f1score": 0.9554736682019047,
    "fbeta": 0.951584593566143,
    "true_positive_rate": 0.9512773722627738,
    "true_negative_rate": 0.9596715328467154,
    "false_positive_rate": 0.04032846715328467,
    "false_negative_rate": 0.04872262773722628,
    "hash": "83733fb69b7d875b3e5a8abba61a6434b898638b491d6c5f2a932bec77a7db95"
}
