{
    "taining_accuracy": 0.9755379162298439,
    "testing_accuracy": 0.9570371871516871,
    "overall_accuracy": 0.9570371871516871,
    "precision": 0.9570489187287177,
    "recall": 0.9570371871516871,
    "f1score": 0.9570369114564813,
    "fbeta": 0.9546900336784333,
    "true_positive_rate": 0.9545040024318573,
    "true_negative_rate": 0.9595703718715168,
    "false_positive_rate": 0.04042962812848313,
    "false_negative_rate": 0.04549599756814267,
    "hash": "9a7516ff5679168a898b23c837ad6434457abbee22b418ee27488069ae88defa"
}
