{
    "taining_accuracy": 0.9327345309381238,
    "testing_accuracy": 0.9438424144217137,
    "overall_accuracy": 0.9438424144217136,
    "precision": 0.9478409488802357,
    "recall": 0.9438424144217137,
    "f1score": 0.9437167836701633,
    "fbeta": 0.9874988841754736,
    "true_positive_rate": 0.9910877050840592,
    "true_negative_rate": 0.8965971237593681,
    "false_positive_rate": 0.10340287624063196,
    "false_negative_rate": 0.008912294915940856,
    "hash": "6b1b2000d87c88c926c08e43f19283e0b90382165f03055f7c7fb5d56737c484"
}
