{
    "taining_accuracy": 0.971527798568905,
    "testing_accuracy": 0.9648610857802907,
    "overall_accuracy": 0.9648610857802906,
    "precision": 0.9649863678004709,
    "recall": 0.9648610857802906,
    "f1score": 0.964858718737398,
    "fbeta": 0.9724543398201635,
    "true_positive_rate": 0.9730682716274546,
    "true_negative_rate": 0.9566538999331267,
    "false_positive_rate": 0.043346100066873366,
    "false_negative_rate": 0.026931728372545444,
    "hash": "442e65a5168dde1bef3d0ae4b14adfedb0487e04e6dbe1a6e8f38003b69822a9"
}
