type,amount,oldbalanceOrg,newbalanceOrig,oldbalanceDest,newbalanceDest,isFraud
0,194339.88,0.0,0.0,677847.78,872187.66,0
1,13684.42,17505.0,3820.58,45843.96,59528.38,0
0,561199.82,0.0,0.0,1817079.71,2378279.53,0
1,12000.6,416.0,0.0,1433687.09,1445687.69,0
0,174265.7,47009.0,0.0,2851016.66,3025282.36,0
1,107527.06,0.0,0.0,1052552.28,1209748.11,0
1,22816.0,107950.14,85134.14,3230912.63,3253728.64,0
1,186876.29,0.0,0.0,1568534.03,1755410.33,0
1,141670.19,6197.0,0.0,0.0,141670.19,0
1,56426.1,5041.0,0.0,9932670.75,9989096.85,0
0,567456.19,31342.0,0.0,0.0,567456.19,0
1,152963.4,5601.0,0.0,0.0,152963.4,0
1,244104.86,5149.0,0.0,9183263.38,9427368.24,0
1,304863.96,0.0,0.0,441581.93,1108808.82,0
0,2181889.84,0.0,0.0,3087289.4,5269179.24,0
1,14745.44,0.0,0.0,432521.14,447266.58,0
1,119880.95,0.0,0.0,473400.78,593281.73,0
1,222446.47,42163.0,0.0,0.0,222446.47,0
1,211827.48,0.0,0.0,589432.33,801259.81,0
1,241.23,0.0,0.0,1274954.9,1275196.13,0
1,109935.84,125665.0,15729.16,0.0,109935.84,0
1,101596.13,13726.0,0.0,0.0,101596.13,0
1,61096.56,51175.0,0.0,27872.25,88968.8,0
1,162486.71,127.0,0.0,708277.34,870764.04,0
1,172868.19,0.0,0.0,3446394.52,3619262.72,0
1,200766.92,66781.65,0.0,3817055.24,4017822.16,0
1,196229.65,0.0,0.0,9036779.31,9233008.97,0
1,245022.51,0.0,0.0,563676.69,808699.2,0
1,390991.74,6302.0,0.0,0.0,390991.74,0
1,347342.03,0.0,0.0,621508.31,968850.34,0
1,95819.6,0.0,0.0,784714.49,880534.09,0
0,2164791.15,76188.0,0.0,118698.43,2283489.58,0
1,278382.93,0.0,0.0,440489.87,718872.8,0
1,65861.11,0.0,0.0,503128.5,568989.61,0
1,250229.93,324.0,0.0,778622.86,1028852.79,0
1,107376.82,540889.0,433512.18,138237.35,245614.17,0
0,755239.11,104615.0,0.0,5117725.3,5872964.41,0
1,91575.48,0.0,0.0,195231.96,286807.44,0
1,128507.19,21383.0,0.0,1774928.61,1903435.79,0
0,1416595.29,90128.0,0.0,30542.39,1447137.67,0
1,177260.88,6911.0,0.0,52495.82,229756.7,0
0,1522940.42,10614.0,0.0,3893.0,0.0,0
0,574414.41,0.0,0.0,1007972.05,1582386.46,0
1,159872.64,130055.97,0.0,1058986.14,1218858.79,0
1,12371.22,6080.0,0.0,3219545.2,3231916.43,0
1,201859.23,47071.0,0.0,843778.8,1045638.04,0
1,288746.9,1759.0,0.0,0.0,288746.9,0
1,150728.43,21528.0,0.0,2509668.79,2660397.22,0
1,257098.08,0.0,0.0,3732096.52,3989194.6,0
1,202648.81,11393.0,0.0,67080.29,269729.09,0
1,135751.98,0.0,0.0,7683751.37,7819503.35,0
1,334033.02,733.0,0.0,144804.94,478837.96,0
0,174705.57,21000.0,0.0,74534.15,249239.72,0
1,101209.64,0.0,0.0,230429.89,331639.52,0
1,3159.38,384.0,0.0,0.0,3159.38,0
1,220292.87,0.0,0.0,9998452.61,10218745.48,0
1,324089.68,127312.0,0.0,5982759.66,6306849.34,0
0,293072.97,0.0,0.0,713104.7,1006177.67,0
1,105684.08,0.0,0.0,473037.25,578721.33,0
0,84106.28,1777.0,0.0,292962.69,377068.96,0
0,1539884.2,0.0,0.0,1972638.48,3512522.69,0
1,78022.63,104415.0,26392.37,0.0,78022.63,0
1,46140.9,12226.0,0.0,952567.92,998708.82,0
1,114060.56,20795.0,0.0,0.0,114060.56,0
1,44999.18,0.0,0.0,98045.44,143044.62,0
1,260073.77,0.0,0.0,626542.23,886616.0,0
1,32874.01,100041.0,67166.99,240431.07,273305.08,0
1,146553.78,0.0,0.0,3372510.11,3519063.89,0
1,226995.75,0.0,0.0,582513.1,1153909.59,0
1,240471.87,0.0,0.0,6898933.17,7139405.04,0
0,1186903.4,0.0,0.0,1605476.79,2792380.2,0
1,102998.81,0.0,0.0,1621856.73,1724855.54,0
1,296513.17,9956.0,0.0,204916.94,501430.11,0
0,388835.9,32642.0,0.0,1411939.9,1800775.8,0
1,81050.14,259840.0,178789.86,6133830.33,6214880.47,0
1,14254.23,0.0,0.0,5079053.2,5093307.44,0
1,6488.95,0.0,0.0,109439.74,115928.69,0
1,18105.61,31028.0,12922.39,11860030.85,11878136.46,0
1,145084.95,0.0,0.0,10168830.28,10313915.23,0
1,224676.75,11350.0,0.0,0.0,224676.75,0
1,297076.55,20106.0,0.0,42628.31,339704.86,0
0,1854487.17,0.0,0.0,4063922.92,5918410.09,0
1,362762.95,82132.0,0.0,1196653.07,1559416.02,0
1,193065.79,0.0,0.0,3594563.71,3787629.49,0
1,159716.84,0.0,0.0,160804.64,320521.48,0
1,121698.57,0.0,0.0,276669.58,398368.15,0
1,36787.71,0.0,0.0,108630.87,145418.58,0
1,41681.82,0.0,0.0,307609.26,349291.09,0
1,139077.58,11376.0,0.0,235939.25,506581.33,0
1,170651.23,0.0,0.0,534092.36,704743.59,0
0,895404.36,0.0,0.0,1258259.88,2300837.02,0
1,352732.55,50259.0,0.0,0.0,352732.55,0
0,1664115.55,351.0,0.0,0.0,1664115.55,0
1,149170.25,57208.0,0.0,153903.48,303073.74,0
1,205792.41,12095.0,0.0,191299.5,397091.91,0
1,172263.05,0.0,0.0,1732784.68,1905047.73,0
0,822049.92,0.0,0.0,1561017.73,2383067.65,0
1,340659.42,23213.0,0.0,53197.64,393857.05,0
1,47825.32,100094.0,52268.68,0.0,47825.32,0
1,250232.66,16969.0,0.0,0.0,250232.66,0
1,138997.35,0.0,0.0,789537.29,928534.64,0
1,91188.14,0.0,0.0,221937.99,313126.13,0
1,181107.62,20062.0,0.0,317099.19,498206.81,0
1,384375.35,0.0,0.0,1888079.73,2272455.08,0
1,131329.73,10640.0,0.0,0.0,1273884.55,0
1,468470.09,0.0,0.0,24199013.01,24667483.1,0
1,228786.93,0.0,0.0,919159.58,1147946.51,0
1,324986.9,12545.0,0.0,0.0,324986.9,0
1,355810.6,0.0,0.0,30962771.51,31318582.11,0
1,56156.17,22356.0,0.0,263750.21,319906.38,0
1,140672.13,11551.0,0.0,1529236.92,1669909.05,0
1,90918.95,0.0,0.0,2538566.65,2966361.65,0
1,7347.01,2050.0,0.0,0.0,7347.01,0
1,171841.24,0.0,0.0,906700.7,1259348.88,0
1,182411.67,0.0,0.0,269522.51,451934.18,0
1,217970.27,752.0,0.0,26786.8,244757.07,0
1,174051.77,48623.0,0.0,600347.9,774399.68,0
1,261758.76,55348.0,0.0,0.0,261758.76,0
1,128974.84,118.0,0.0,1098444.41,1227419.26,0
1,274569.04,40464.0,0.0,101171.96,375741.0,0
1,52499.52,28902.0,0.0,161999.12,214498.64,0
1,75849.91,31787.0,0.0,69243.89,145093.8,0
0,107849.7,325940.34,218090.64,256524.43,364374.13,0
0,1679946.18,373728.43,0.0,3620035.79,5299981.97,0
1,315783.84,33090.0,0.0,83099.86,398883.7,0
0,1133851.54,20222.0,0.0,501209.89,1635061.43,0
0,10000000.0,2054.0,0.0,579528.75,17398283.36,0
1,15815.72,0.0,0.0,52693.1,68508.82,0
1,26320.22,49532.0,23211.78,456104.34,482424.56,0
1,147470.59,0.0,0.0,418477.13,565947.72,0
1,336221.65,42563.05,0.0,848946.85,1185168.5,0
1,217837.19,378426.0,160588.81,95108.46,312945.65,0
0,1142379.39,0.0,0.0,8151320.8,9293700.19,0
1,143220.18,0.0,0.0,1656304.55,1799524.73,0
1,216631.8,1553.0,0.0,1382230.91,1598862.71,0
0,416861.27,416474.0,0.0,0.0,416861.27,0
1,213649.22,0.0,0.0,417652.07,1435468.66,0
1,173725.66,0.0,0.0,1266731.96,1440457.62,0
1,248789.51,0.0,0.0,519644.25,1079699.12,0
1,159783.12,1964.0,0.0,1498327.66,1758223.23,0
0,565062.32,328505.24,0.0,2855570.55,3420632.87,0
1,17336.22,36681.66,19345.45,73003.48,90339.7,0
1,236738.42,0.0,0.0,2506215.86,2742954.28,0
0,298102.63,0.0,0.0,345111.62,643214.25,0
1,595771.23,0.0,0.0,2044142.14,2639913.38,0
0,1117347.94,0.0,0.0,1279993.36,2746507.6,0
1,118337.41,438.0,0.0,660597.02,778934.43,0
1,121225.91,0.0,0.0,1636092.49,2206499.36,0
1,9434.13,20.0,0.0,0.0,9434.13,0
1,108660.09,7238.0,0.0,42389.27,151049.36,0
1,221694.22,55919.0,0.0,3027181.48,3248875.7,0
1,79969.22,0.0,0.0,82945.66,162914.89,0
1,118759.46,0.0,0.0,266131.54,384891.0,0
1,58907.2,0.0,0.0,166858.47,438106.65,0
1,463861.27,399422.0,0.0,0.0,463861.27,0
0,2480484.34,0.0,0.0,9951575.25,12432059.59,0
1,240445.24,158546.03,0.0,1501656.7,1742101.94,0
0,169136.26,14856.0,0.0,129447.57,298583.83,0
1,128605.29,0.0,0.0,1278582.91,1407188.2,0
1,170683.45,0.0,0.0,9182036.32,9352719.77,0
1,88234.26,0.0,0.0,801013.74,889248.0,0
1,52071.45,10999.0,0.0,0.0,52071.45,0
0,897174.19,0.0,0.0,5168365.76,6065539.96,0
1,84416.84,8015.0,0.0,0.0,84416.84,0
0,337269.49,0.0,0.0,731799.03,1069068.52,0
0,302492.47,87619.31,0.0,546688.59,849181.06,0
0,663332.67,0.0,0.0,2074031.72,2307756.63,0
1,354659.54,0.0,0.0,373181.1,1114264.93,0
1,444359.6,1740.0,0.0,277295.92,721655.51,0
1,60968.01,30278.0,0.0,0.0,60968.01,0
1,100445.67,208748.0,108302.33,180521.09,280966.76,0
1,65896.33,0.0,0.0,74046.63,98597.48,0
1,51372.43,82373.0,31000.57,455057.27,506429.7,0
1,124490.28,103679.0,0.0,205868.9,330359.18,0
0,219545.11,0.0,0.0,239389.62,458934.73,0
1,18339.83,24983.0,6643.17,33818.11,52157.94,0
1,226050.72,0.0,0.0,14405696.51,14631747.22,0
1,219497.16,0.0,0.0,1033360.92,1252858.08,0
1,205375.21,0.0,0.0,314467.68,519842.88,0
1,355378.43,0.0,0.0,12539072.1,12894450.53,0
1,183617.39,0.0,0.0,197244.09,380861.48,0
0,416061.01,0.0,0.0,820831.98,1236892.99,0
1,258007.64,354359.0,96351.36,241351.29,499358.93,0
1,57847.49,230.0,0.0,201839.38,259686.87,0
1,34804.47,0.0,0.0,232820.68,267625.15,0
1,54541.29,67927.3,13386.01,12908419.83,12962961.12,0
1,44363.38,208558.94,164195.56,0.0,0.0,0
0,315904.44,0.0,0.0,680599.62,996504.07,0
0,786480.78,786480.78,0.0,0.0,0.0,1
1,70834.56,22457.0,0.0,88799.4,159633.96,0
1,34434.89,0.0,0.0,205498.98,239933.87,0
0,2033351.15,19874.0,0.0,5390436.02,7423787.18,0
1,329508.49,0.0,0.0,612764.87,942273.36,0
1,124762.56,17421.0,0.0,0.0,124762.56,0
1,31897.44,0.0,0.0,64773.34,168983.38,0
1,27555.2,0.0,0.0,4402775.02,4430330.23,0
1,248585.69,0.0,0.0,915354.39,1163940.08,0
1,67653.75,67653.75,0.0,246219.93,313873.68,1
0,1245190.5,0.0,0.0,1429190.09,2674380.59,0
0,121029.27,79566.0,0.0,0.0,121029.27,0
0,792550.19,121828.0,0.0,2926931.42,3719481.61,0
1,153988.97,4127.0,0.0,733866.41,887855.39,0
1,111967.45,0.0,0.0,17743173.54,17855140.99,0
1,72339.19,3262.85,0.0,2121308.22,2193647.41,0
1,29542.83,0.0,0.0,69740.04,99282.87,0
1,131193.72,0.0,0.0,355328.91,486522.62,0
0,512779.62,0.0,0.0,1060169.55,1572949.17,0
1,357316.08,45368.0,0.0,0.0,357316.08,0
1,138202.79,0.0,0.0,141130.28,279333.07,0
0,983295.51,0.0,0.0,1324893.84,2308189.36,0
1,31439.17,3002.0,0.0,0.0,254476.94,0
1,269908.81,0.0,0.0,10791287.13,11061195.94,0
0,403175.34,0.0,0.0,2254682.41,2657857.75,0
1,313429.44,0.0,0.0,477123.09,790552.53,0
1,11325.4,0.0,0.0,406209.28,417534.68,0
1,167075.68,0.0,0.0,641275.41,808351.09,0
1,76037.91,0.0,0.0,182216.76,258254.67,0
1,131328.55,0.0,0.0,854257.67,985586.23,0
1,191427.78,0.0,0.0,933525.36,1124953.15,0
1,126640.01,0.0,0.0,333585.55,460225.56,0
1,203596.9,0.0,0.0,3212265.01,3415861.9,0
1,43130.16,198060.0,154929.84,706172.65,749302.82,0
1,165139.11,0.0,0.0,3863972.25,4029111.36,0
0,894833.66,39788.0,0.0,0.0,894833.66,0
1,139477.78,0.0,0.0,2159899.11,2299376.89,0
0,741874.67,0.0,0.0,4137442.44,4879317.11,0
1,162411.34,0.0,0.0,694556.27,856967.61,0
1,7707.75,0.0,0.0,730314.1,738021.84,0
0,684276.33,0.0,0.0,988342.38,1672618.71,0
0,306762.45,0.0,0.0,1374142.39,1680904.85,0
0,159227.42,80401.24,0.0,6456980.35,6616207.77,0
1,106704.66,13813.0,0.0,5736796.85,7099122.27,0
1,88898.28,31211.0,0.0,861164.59,950062.87,0
1,218965.58,0.0,0.0,423737.71,642703.3,0
1,92769.39,86665.27,0.0,146023.71,238793.1,0
0,65332.63,0.0,0.0,5145949.14,5211281.76,0
1,7622.35,0.0,0.0,1955727.37,1963349.71,0
1,60083.31,0.0,0.0,904583.1,964666.41,0
1,205659.36,30878.0,0.0,58109.27,263768.63,0
1,103987.94,0.0,0.0,831325.88,935313.82,0
1,123464.25,33361.0,0.0,0.0,123464.25,0
1,228949.99,0.0,0.0,1019905.56,1248855.55,0
1,127248.01,0.0,0.0,1424936.01,1552184.01,0
1,509576.99,0.0,0.0,31258887.84,31768464.83,0
1,77680.75,56953.0,0.0,1680830.81,1758511.56,0
1,107422.01,0.0,0.0,119707.0,227129.0,0
1,326326.39,46792.0,0.0,121940.82,448267.2,0
1,2152.89,33123.0,30970.11,193735.87,195888.77,0
1,200622.55,0.0,0.0,1262575.71,1463198.27,0
1,68803.23,22814.0,0.0,0.0,68803.23,0
0,298752.74,0.0,0.0,546975.62,845728.36,0
0,798027.54,0.0,0.0,65401596.86,66199624.39,0
0,774204.01,0.0,0.0,1632411.1,2406615.12,0
1,131046.59,11174.0,0.0,5116307.11,6054028.31,0
1,121589.83,232.0,0.0,0.0,121589.83,0
1,224570.1,0.0,0.0,7926782.16,8151352.27,0
1,391742.73,0.0,0.0,4043210.23,4434952.96,0
1,98745.95,0.0,0.0,363096.18,461842.13,0
0,778972.98,0.0,0.0,10253048.59,10955526.68,0
0,1132508.37,448964.93,0.0,2317693.47,3450201.83,0
0,315669.26,115756.0,0.0,0.0,315669.26,0
1,231550.73,0.0,0.0,5105494.65,5337045.38,0
1,171989.16,9941.0,0.0,0.0,171989.16,0
1,94258.85,36807.0,0.0,0.0,94258.85,0
0,101521.83,0.0,0.0,2696665.42,2798187.25,0
1,14946.49,1083.0,0.0,47134.47,62080.97,0
1,392595.24,51775.0,0.0,373170.01,765765.25,0
1,128941.23,15916.0,0.0,0.0,128941.23,0
1,126342.06,81839.0,0.0,943470.95,765533.0,0
1,142590.34,49061.0,0.0,664646.63,807236.98,0
1,101440.78,0.0,0.0,1765414.09,1866854.87,0
1,12852.97,0.0,0.0,1598085.64,1610938.61,0
1,106797.82,0.0,0.0,669998.15,776795.97,0
1,96935.99,0.0,0.0,181540.66,278476.65,0
1,220300.64,60857.0,0.0,168089.83,388390.46,0
1,253991.62,11499.0,0.0,0.0,253991.62,0
0,247502.29,0.0,0.0,5252603.35,5500105.64,0
1,198098.52,0.0,0.0,381760.27,579858.78,0
1,80698.54,21011.0,0.0,5520651.63,5601350.17,0
1,106687.12,0.0,0.0,954527.28,1061214.41,0
1,113292.3,5654.0,0.0,0.0,113292.3,0
0,493935.05,327781.2,0.0,916968.23,1410903.28,0
0,135374.8,51575.0,0.0,646.43,136021.23,0
1,161172.0,0.0,0.0,1311726.08,1472898.07,0
0,1295786.8,0.0,0.0,1296105.28,2591892.08,0
1,268647.62,3599.64,0.0,542433.85,811081.47,0
1,50958.27,22091.0,0.0,0.0,50958.27,0
1,158376.21,142211.0,0.0,0.0,158376.21,0
1,134685.07,66267.0,0.0,0.0,134685.07,0
1,740.45,25129.0,24388.55,737430.73,738171.18,0
0,204745.14,0.0,0.0,7765366.93,7970112.07,0
1,46931.43,0.0,0.0,122151.22,169082.65,0
1,102703.32,11926.0,0.0,0.0,102703.32,0
0,168603.21,20965.0,0.0,724971.69,893574.9,0
1,244143.06,207933.0,0.0,833086.9,1077229.95,0
1,179489.18,0.0,0.0,351426.59,539940.08,0
1,79245.24,0.0,0.0,556836.05,636081.29,0
1,481365.44,97916.01,0.0,719664.66,1201030.1,0
1,118943.73,1820.0,0.0,793719.48,912663.21,0
1,388910.42,0.0,0.0,544185.16,933095.58,0
1,272298.83,0.0,0.0,980114.58,1252413.41,0
0,394880.79,0.0,0.0,1584245.31,1979126.1,0
0,1032250.07,0.0,0.0,6688975.9,7721225.97,0
1,145068.01,16077.0,0.0,299890.86,444958.87,0
1,59753.16,21275.0,0.0,125985.92,185739.08,0
1,103735.75,29678.0,0.0,0.0,103735.75,0
1,104479.78,0.0,0.0,307152.18,411631.96,0
0,537300.46,55386.0,0.0,1185431.98,1722732.44,0
1,309176.08,0.0,0.0,444603.55,753779.63,0
1,169527.39,20820.0,0.0,448604.84,540236.47,0
1,369063.28,55863.0,0.0,21932.45,462341.08,0
1,216899.17,202837.0,0.0,1344194.25,1561093.41,0
1,128328.66,10832.0,0.0,10310378.3,10590769.08,0
1,450058.58,0.0,0.0,10184112.44,10634171.02,0
1,149419.99,107604.0,0.0,0.0,149419.99,0
0,84311.46,0.0,0.0,1505464.35,1589775.8,0
1,312905.67,0.0,0.0,1270965.51,1583871.18,0
1,17395.41,1516.0,0.0,0.0,17395.41,0
1,17452.16,0.0,0.0,275310.84,292763.01,0
1,116690.6,21073.0,0.0,219282.28,335972.89,0
1,243640.65,0.0,0.0,1303015.0,1546655.65,0
1,234239.12,4055.0,0.0,93790.98,328030.1,0
1,125700.65,52070.0,0.0,5481272.69,5606973.34,0
1,445669.09,49162.0,0.0,3980438.69,4426107.78,0
1,42968.51,22088.0,0.0,3497811.06,3540779.57,0
1,273480.67,157792.5,0.0,8360425.36,8633906.03,0
1,283254.25,1117.0,0.0,0.0,283254.25,0
0,188510.85,0.0,0.0,202225.14,390735.99,0
0,1555278.1,5067.0,0.0,0.0,1555278.1,0
1,144524.41,0.0,0.0,3554986.57,3609223.57,0
1,113229.24,0.0,0.0,703193.97,816423.21,0
1,27270.33,0.0,0.0,337236.72,364507.05,0
1,32029.12,10914.0,0.0,0.0,32029.12,0
1,268717.82,241573.0,0.0,1838925.77,2107643.59,0
1,85580.82,0.0,0.0,691670.12,777250.94,0
1,103769.3,0.0,0.0,136948.4,240717.7,0
0,109957.03,574.0,0.0,739885.46,944589.98,0
1,380060.1,118904.0,0.0,180176.38,560236.47,0
1,67477.41,0.0,0.0,1150562.68,1218040.08,0
0,307408.66,47521.0,0.0,42159.6,349568.26,0
1,392372.2,0.0,0.0,6560139.9,6952512.1,0
1,133126.68,0.0,0.0,2903010.46,3036137.14,0
1,43053.52,294388.45,251334.93,0.0,43053.52,0
1,130268.11,0.0,0.0,199671.61,329939.72,0
1,105554.65,1101684.39,996129.74,1245678.77,1155813.1,0
0,871768.6,0.0,0.0,6660205.42,7531974.02,0
0,285658.68,0.0,0.0,358033.11,643691.79,0
1,211899.82,0.0,0.0,1202505.88,1414405.7,0
0,106946.25,215705.03,108758.78,502499.49,609445.74,0
1,15484.58,57134.45,41649.87,93622.66,109107.25,0
0,593849.87,0.0,0.0,781597.08,1375446.95,0
1,199239.22,387.0,0.0,729014.27,928253.49,0
1,532764.97,0.0,0.0,3461758.05,3994523.02,0
1,189904.94,79830.0,0.0,993062.77,1182967.71,0
1,133060.08,0.0,0.0,836241.98,1864700.86,0
1,396335.11,0.0,0.0,952457.43,1348792.54,0
1,204002.25,0.0,0.0,3748857.81,3952860.06,0
1,54016.82,52730.0,0.0,1643342.01,1697358.84,0
1,69815.38,0.0,0.0,496728.73,566544.12,0
1,251675.19,20324.0,0.0,176911.06,428586.24,0
1,220527.7,0.0,0.0,2534118.06,2754645.77,0
1,101603.58,0.0,0.0,5370327.73,5471931.31,0
1,179865.09,0.0,0.0,3967731.3,4147596.39,0
1,315250.8,0.0,0.0,1143197.93,1458448.73,0
0,757143.14,0.0,0.0,1188120.07,1945263.21,0
1,217221.93,479978.0,262756.07,8966.68,226188.61,0
1,104944.84,0.0,0.0,233654.39,338599.23,0
1,102728.4,41310.0,0.0,455794.6,558523.0,0
1,364786.09,0.0,0.0,1012068.21,1376854.3,0
1,56251.4,0.0,0.0,242689.93,298941.33,0
0,485829.52,0.0,0.0,1979757.92,2465587.44,0
0,9294450.41,117099.0,0.0,0.0,9294450.41,0
0,365725.62,90763.0,0.0,301801.32,667526.94,0
1,384201.2,0.0,0.0,1073584.76,1457785.95,0
0,1141168.54,5801.22,0.0,2464545.57,3605714.12,0
1,164865.4,45768.0,0.0,1740872.77,1905738.17,0
1,290507.32,12752.41,0.0,5162140.39,7859187.63,0
0,956040.33,0.0,0.0,2078640.55,3034680.88,0
1,76412.4,0.0,0.0,8626697.76,8703110.16,0
1,38806.92,0.0,0.0,2115294.61,2154101.53,0
1,121596.7,0.0,0.0,181544.64,303141.34,0
1,135069.17,99577.0,0.0,0.0,135069.17,0
1,347200.84,20761.0,0.0,255758.92,602959.76,0
1,302051.08,0.0,0.0,872935.37,1174986.46,0
1,93291.2,0.0,0.0,8536094.74,8629385.94,0
1,2858.35,0.0,0.0,724651.2,727509.55,0
0,1388878.62,117675.0,0.0,0.0,1388878.62,0
1,119374.16,204.0,0.0,147709.09,267083.24,0
1,140143.4,20572.0,0.0,0.0,140143.4,0
1,448094.11,0.0,0.0,1880520.78,2328614.9,0
1,101457.55,317799.0,216341.45,109221.91,210679.46,0
1,335185.69,0.0,0.0,695412.03,1030597.72,0
1,8757.03,0.0,0.0,1111951.92,1120708.94,0
1,67045.1,0.0,0.0,234363.99,301409.09,0
1,221973.81,193.0,0.0,233694.43,455668.23,0
1,89734.41,0.0,0.0,914539.44,1004273.85,0
0,533202.71,8918.31,0.0,2433319.11,2966521.83,0
1,313525.66,393842.28,80316.63,715196.37,1028722.02,0
0,377486.66,0.0,0.0,888315.19,1265801.85,0
1,289518.63,0.0,0.0,2610957.85,2900476.48,0
1,123450.93,21533.0,0.0,230099.81,353550.74,0
1,181951.91,0.0,0.0,739500.52,921452.43,0
0,1145852.65,0.0,0.0,5113467.79,6259320.44,0
1,207727.32,45017.19,0.0,880529.49,1088256.81,0
1,343800.9,0.0,0.0,1014232.21,1358033.11,0
1,266288.45,86953.0,0.0,0.0,266288.45,0
1,79549.48,0.0,0.0,331597.2,411146.68,0
1,242787.03,429201.0,186413.97,3185654.98,3428442.01,0
1,44388.75,46419.0,2030.25,179018.61,223407.36,0
1,133171.68,235418.09,102246.4,3348372.09,3481543.78,0
0,207648.71,20950.0,0.0,0.0,207648.71,0
1,266291.06,66831.0,0.0,0.0,266291.06,0
0,1953058.59,0.0,0.0,3591794.34,6445258.18,0
1,95709.79,0.0,0.0,270907.49,366617.28,0
1,85166.69,0.0,0.0,159172.76,134363.68,0
1,237818.42,0.0,0.0,304660.32,542478.74,0
1,20146.9,0.0,0.0,959394.9,979541.8,0
1,407002.05,0.0,0.0,440886.54,847888.59,0
0,208186.81,70876.0,0.0,0.0,208186.81,0
0,726340.65,0.0,0.0,2588530.52,3314871.18,0
1,19209.09,324028.45,304819.36,93913.52,113122.61,0
1,636397.03,80461.58,0.0,996571.98,1632969.01,0
1,132947.96,99291.0,0.0,5533612.47,5666560.43,0
1,489181.09,81897.0,0.0,0.0,489181.09,0
1,351889.39,0.0,0.0,447824.28,799713.67,0
1,326046.69,0.0,0.0,40989350.45,41315397.14,0
0,332924.54,0.0,0.0,1135788.42,1468712.96,0
0,6045806.5,0.0,0.0,10246459.54,16292266.03,0
1,191913.87,0.0,0.0,248129.23,440043.11,0
1,244987.89,0.0,0.0,251091.36,496079.25,0
1,82366.04,26051.0,0.0,91111.16,173477.2,0
1,133072.48,0.0,0.0,1662912.63,1795985.11,0
0,497075.41,101158.0,0.0,1737207.73,2234283.13,0
1,19699.45,50699.0,30999.55,150059.08,169758.52,0
0,288658.43,19250.0,0.0,34515.59,323174.02,0
0,237159.98,0.0,0.0,725807.59,962967.57,0
1,206496.31,0.0,0.0,4321224.66,4527720.97,0
0,528383.68,0.0,0.0,3719528.76,4247912.44,0
1,198593.61,4050.53,0.0,915387.93,1113981.54,0
1,127316.72,5416.0,0.0,4580043.65,4707360.37,0
1,260778.74,0.0,0.0,1510119.47,1770898.21,0
1,81077.44,0.0,0.0,1756114.82,1837192.26,0
1,52728.63,0.0,0.0,614573.05,667301.67,0
0,275285.31,12746.3,0.0,2788056.52,3063341.83,0
1,47844.74,61.0,0.0,1283397.54,1331242.28,0
1,143630.67,0.0,0.0,3774975.69,3918606.36,0
0,1452475.67,0.0,0.0,1949094.98,3401570.65,0
0,704290.37,0.0,0.0,1661579.39,2365869.75,0
0,21913.95,0.0,0.0,31530.97,0.0,0
0,1402346.3,0.0,0.0,7014763.77,9239310.83,0
1,224302.19,11283.0,0.0,0.0,266755.7,0
1,43678.97,0.0,0.0,2376495.09,2420174.06,0
0,1676421.74,0.0,0.0,3847635.03,5524056.77,0
0,1320792.5,0.0,0.0,3422167.94,7311992.0,0
1,321673.2,175019.0,0.0,0.0,321673.2,0
1,256474.9,0.0,0.0,697383.7,887994.46,0
1,13984.61,21581.0,7596.39,3866946.13,3880930.74,0
1,155400.28,4038.0,0.0,1604266.42,1759666.71,0
1,26744.25,0.0,0.0,237615.56,264359.81,0
1,435168.6,0.0,0.0,1281615.08,1716783.68,0
1,160496.48,9640.0,0.0,0.0,173715.5,0
1,16817.49,0.0,0.0,181720.57,431268.59,0
0,1053762.89,0.0,0.0,1119744.39,2173507.28,0
1,321995.37,248.0,0.0,440084.21,762079.58,0
1,38164.07,10815.0,0.0,6599.29,44763.36,0
1,71790.73,35748.0,0.0,1747407.95,1819198.68,0
1,254762.45,21028.0,0.0,7205297.93,7460060.38,0
1,37325.36,0.0,0.0,1492595.0,1529920.35,0
1,21486.09,434.0,0.0,289736.98,311223.06,0
1,456007.06,52521.0,0.0,115778.68,571785.75,0
1,155384.65,0.0,0.0,1118537.65,1273922.3,0
1,390971.86,100.0,0.0,436641.52,827613.38,0
1,255577.39,12991.0,0.0,47070.48,302647.88,0
0,155720.82,14994.0,0.0,595177.39,750898.21,0
1,333136.81,2250.0,0.0,0.0,333136.81,0
1,147473.39,0.0,0.0,187082.39,334555.78,0
1,289670.13,0.0,0.0,2228447.27,2518117.41,0
1,58232.91,432719.58,374486.67,314752.98,372985.89,0
1,5416.91,24564.0,19147.09,276798.63,282215.54,0
1,167305.3,59054.0,0.0,0.0,0.0,0
1,138191.45,0.0,0.0,324291.81,462483.26,0
1,326768.18,0.0,0.0,398764.82,725533.0,0
1,51559.4,21000.0,0.0,2428268.78,2479828.18,0
1,56897.6,11134.0,0.0,24660.0,81557.6,0
1,175562.21,52046.0,0.0,395980.45,571542.66,0
1,107589.15,0.0,0.0,432829.76,540418.9,0
1,163591.32,51188.0,0.0,622126.55,799272.8,0
1,112310.52,0.0,0.0,443487.11,555797.63,0
1,115792.12,38340.0,0.0,0.0,115792.12,0
1,144681.33,0.0,0.0,5513882.1,5870643.96,0
1,313185.68,32267.0,0.0,1264947.94,1578133.62,0
0,388751.25,4058.0,0.0,0.0,388751.25,0
1,225379.0,0.0,0.0,754078.01,979457.01,0
0,592333.19,0.0,0.0,4559383.63,5151716.82,0
1,59500.28,966.0,0.0,3654664.54,3714164.82,0
0,303266.73,0.0,0.0,1437667.17,1740933.9,0
1,268139.85,2531.0,0.0,1367039.05,1635178.9,0
1,22673.34,0.0,0.0,46430.55,69103.89,0
1,50385.65,19827.0,0.0,0.0,50385.65,0
1,390910.34,0.0,0.0,5660267.81,6051178.15,0
1,342.06,0.0,0.0,1701628.82,1701970.88,0
1,106091.93,240566.01,134474.08,1073216.87,1179308.8,0
1,214114.72,552056.0,337941.28,32803.39,246918.11,0
1,368421.35,10567.0,0.0,1193985.79,1562407.13,0
1,290069.86,0.0,0.0,2680176.79,2970246.65,0
1,124553.33,201072.0,76518.67,49364.66,173917.99,0
1,61310.37,0.0,0.0,11600310.29,11661620.66,0
0,2253507.94,0.0,0.0,2859464.79,5112972.73,0
1,175124.72,0.0,0.0,222438.91,397563.63,0
1,96999.1,0.0,0.0,286840.0,383839.1,0
1,140561.48,0.0,0.0,891280.77,1031842.24,0
1,167283.66,0.0,0.0,253672.83,420956.49,0
1,127094.9,21514.0,0.0,41902.85,168997.76,0
1,174629.0,3089.0,0.0,0.0,338178.7,0
1,359266.32,11683.0,0.0,0.0,359266.32,0
1,161996.11,0.0,0.0,571021.25,733017.35,0
1,329633.72,0.0,0.0,2280329.78,2609963.5,0
1,131037.9,20173.0,0.0,0.0,131037.9,0
1,93806.71,2422.0,0.0,0.0,93806.71,0
1,27453.77,0.0,0.0,539850.91,567304.68,0
1,158909.44,209887.03,50977.58,5035453.54,5194362.98,0
1,46619.56,0.0,0.0,189017.59,235637.15,0
0,394752.33,0.0,0.0,396628.11,791380.44,0
1,78341.83,7160.0,0.0,0.0,78341.83,0
1,54596.58,0.0,0.0,896182.72,950779.3,0
1,179057.45,162104.0,0.0,1238830.18,1417887.62,0
1,85851.12,0.0,0.0,1205558.46,1291409.58,0
1,232091.88,30173.0,0.0,426150.9,658242.78,0
1,70027.28,362008.14,291980.87,469618.06,539645.34,0
1,264226.42,0.0,0.0,1599532.26,1863758.68,0
1,206906.06,0.0,0.0,21039262.11,21246168.17,0
1,252529.11,0.0,0.0,1868752.78,2121281.9,0
1,35917.42,0.0,0.0,705083.57,741000.99,0
0,1384992.13,0.0,0.0,1419536.31,2804528.45,0
1,69988.71,0.0,0.0,367398.15,437386.87,0
1,173721.34,182914.63,9193.29,8610462.21,8784183.55,0
1,296528.2,0.0,0.0,2613131.62,2909659.83,0
1,143050.28,0.0,0.0,228334.97,371385.25,0
0,1266303.34,0.0,0.0,1857541.41,3123844.75,0
1,9023.92,0.0,0.0,1568857.67,1577881.6,0
0,2026840.57,20313.0,0.0,2431972.6,4458813.17,0
1,259251.83,21277.0,0.0,722113.56,981365.4,0
1,251598.84,0.0,0.0,1642315.66,1893914.5,0
0,1834883.93,482.0,0.0,261279.12,2096163.05,0
1,184573.75,0.0,0.0,454092.53,638666.28,0
1,33005.03,0.0,0.0,64636.08,0.0,0
1,1889.56,0.0,0.0,182335.49,184225.05,0
0,136035.11,19935.0,0.0,2995302.97,3131338.08,0
1,176208.57,0.0,0.0,13884115.13,14060323.7,0
1,116938.54,59844.0,0.0,0.0,172867.33,0
0,295555.03,0.0,0.0,385369.45,680924.48,0
1,69093.17,0.0,0.0,220429.52,289522.7,0
1,200882.67,0.0,0.0,306076.6,823250.04,0
1,99137.62,0.0,0.0,2557781.94,2656919.55,0
1,121697.85,0.0,0.0,11527940.67,11649638.52,0
1,35353.54,28515.76,0.0,837017.68,872371.22,0
1,86469.19,131.0,0.0,884032.33,970501.52,0
0,189498.3,0.0,0.0,1171888.31,1552603.06,0
1,184698.86,21091.0,0.0,0.0,184698.86,0
1,186274.88,0.0,0.0,2957731.12,3144006.0,0
0,421744.29,23976.0,0.0,0.0,421744.29,0
1,183308.28,100715.0,0.0,0.0,183308.28,0
1,394943.46,21422.1,0.0,468195.42,863138.89,0
1,116837.56,340470.16,223632.6,456446.38,573283.94,0
1,360120.23,45957.0,0.0,34323.96,394444.19,0
1,433609.18,21881.0,0.0,81467.13,515076.31,0
0,733849.33,0.0,0.0,793759.4,1527608.73,0
1,557705.13,87758.0,0.0,496926.41,1054631.54,0
1,189525.99,116894.0,0.0,148847.87,338373.86,0
0,191109.66,0.0,0.0,193332.56,384442.22,0
1,2455.73,3158.0,702.27,2580.43,5036.16,0
1,27831.78,0.0,0.0,1860978.06,1888809.84,0
1,357927.91,0.0,0.0,4202810.06,5203483.71,0
0,459551.33,0.0,0.0,570785.45,1030336.78,0
0,908053.52,20032.0,0.0,0.0,908053.52,0
1,35973.75,10084.37,0.0,160815.0,266676.39,0
1,489147.15,0.0,0.0,1692284.02,2181431.17,0
1,235858.82,7526.0,0.0,0.0,235858.82,0
1,386802.59,0.0,0.0,908325.51,1295128.1,0
1,71321.5,0.0,0.0,463796.57,535118.07,0
1,516464.94,44535.0,0.0,0.0,516464.94,0
1,69302.28,0.0,0.0,2933314.53,3002616.81,0
1,149909.36,0.0,0.0,206887.36,356796.72,0
1,64612.48,390272.0,325659.52,6622845.93,6687458.42,0
1,147422.23,0.0,0.0,335904.1,483326.33,0
0,642810.09,0.0,0.0,1705153.74,2347963.83,0
1,292355.46,11801.0,0.0,443499.59,735855.06,0
1,161717.07,0.0,0.0,353699.8,515416.86,0
1,164277.39,14652.0,0.0,43118.23,207395.63,0
1,568481.99,531.0,0.0,1288296.71,1856778.7,0
1,40442.1,0.0,0.0,4655501.45,4695943.56,0
1,164778.58,8068.0,0.0,1653228.5,2055918.27,0
0,441914.14,3997.0,0.0,567786.9,1009701.05,0
0,694623.38,0.0,0.0,851465.36,1546088.74,0
1,111963.83,2067.0,0.0,1452688.94,1564652.77,0
1,245866.22,0.0,0.0,3188006.12,3433872.34,0
0,4485766.23,401.0,0.0,1220307.48,5706073.71,0
1,145835.3,149248.0,3412.7,6138314.94,6284150.24,0
1,136614.02,0.0,0.0,3719246.3,3855860.32,0
1,103058.77,185820.0,82761.23,1121630.7,1224689.48,0
1,45484.45,0.0,0.0,101218.54,146702.99,0
1,98259.69,1151.0,0.0,7913733.17,8011992.86,0
1,189646.52,0.0,0.0,1347450.99,1537097.51,0
1,37608.74,0.0,0.0,155991.75,193600.49,0
0,1068865.03,21102.0,0.0,303155.08,1372020.11,0
1,178539.67,15289.0,0.0,518735.77,697275.44,0
1,52898.76,0.0,0.0,2893509.12,2946407.88,0
1,348437.62,51900.0,0.0,0.0,348437.62,0
1,258802.83,0.0,0.0,2117362.57,2376165.39,0
1,123884.43,0.0,0.0,2703782.16,2827666.59,0
1,106114.68,0.0,0.0,176718.58,282833.26,0
1,449397.66,8056.0,0.0,4527526.69,4976924.35,0
0,288522.55,0.0,0.0,3640991.26,3929513.81,0
1,199963.58,1541.0,0.0,1390.0,201353.58,0
1,153466.34,0.0,0.0,6402016.85,6555483.19,0
1,595616.23,0.0,0.0,7154783.23,7750399.46,0
0,208585.45,103515.0,0.0,305628.69,514214.14,0
1,216082.55,5907.0,0.0,0.0,216082.55,0
1,500287.04,0.0,0.0,1872745.76,2769039.28,0
1,36759.31,400.0,0.0,0.0,36759.31,0
1,194290.86,10810.0,0.0,0.0,194290.86,0
1,240612.15,0.0,0.0,1188232.08,1428844.23,0
0,552061.54,22975.0,0.0,677456.95,1229518.49,0
1,78730.83,75223.0,0.0,177660.0,256390.83,0
1,258685.71,691.0,0.0,56162.67,314848.38,0
1,497871.82,66451.0,0.0,27542.97,525414.8,0
1,213363.61,0.0,0.0,693270.0,888111.21,0
1,7327.54,0.0,0.0,636722.04,644049.58,0
1,98860.76,12484.0,0.0,84539.14,183399.9,0
1,94075.48,0.0,0.0,190040.01,284115.49,0
1,102035.76,0.0,0.0,500196.52,602232.28,0
0,640027.53,581.0,0.0,0.0,640027.53,0
1,87104.98,148.0,0.0,0.0,87104.98,0
1,60123.91,3035.0,0.0,20117.99,80241.9,0
1,118756.13,20330.0,0.0,0.0,118756.13,0
1,157437.33,15791.0,0.0,212490.21,369927.54,0
1,79560.04,60948.0,0.0,0.0,79560.04,0
1,15861.09,0.0,0.0,1763624.12,1779485.22,0
0,608232.6,0.0,0.0,3773327.65,4381560.25,0
0,452227.77,10310.0,0.0,51310.68,732562.69,0
0,277700.65,0.0,0.0,1500735.51,1778436.16,0
0,1869654.98,469154.0,0.0,1485200.53,3354855.51,0
1,3857.3,0.0,0.0,42253.29,46110.59,0
1,288753.48,0.0,0.0,4162763.31,4451516.79,0
1,163078.67,21035.0,0.0,495092.54,658171.21,0
1,414804.71,0.0,0.0,2463810.34,2878615.05,0
1,318435.49,30508.0,0.0,487822.73,806258.22,0
1,172350.9,51801.0,0.0,94513.78,206297.28,0
0,528146.75,7369.0,0.0,4325.21,532471.96,0
1,146505.4,1041.0,0.0,7985.65,154491.05,0
1,262371.58,454.0,0.0,981333.54,1243705.12,0
1,287820.89,0.0,0.0,505253.0,1126094.62,0
1,443755.01,34714.0,0.0,22655.81,466410.82,0
1,4754.94,83195.2,78440.26,0.0,4754.94,0
1,63216.79,11.0,0.0,0.0,63216.79,0
1,30986.55,33507.27,2520.73,60650.87,91637.42,0
1,436848.31,54985.0,0.0,0.0,436848.31,0
1,446391.75,68792.0,0.0,225890.91,672282.66,0
1,309424.48,59831.0,0.0,0.0,309424.48,0
1,461545.33,45330.0,0.0,48239.34,509784.66,0
1,473099.14,0.0,0.0,2976617.76,3449716.9,0
1,429971.34,0.0,0.0,1298124.22,1728095.55,0
1,77059.38,7098.0,0.0,0.0,77059.38,0
1,386185.87,55615.0,0.0,278537.34,664723.21,0
1,393469.1,99014.0,0.0,13141621.94,13535091.05,0
1,57704.45,0.0,0.0,151110.77,208815.21,0
1,123528.6,20535.57,0.0,166874.57,290403.17,0
1,149221.71,292.0,0.0,1406693.88,1555915.6,0
1,157169.18,25704.0,0.0,497878.28,655047.46,0
1,229121.63,0.0,0.0,2435870.0,2664991.64,0
1,138471.8,21503.0,0.0,593205.09,731676.89,0
0,1113716.29,0.0,0.0,4541019.54,5654735.83,0
1,138717.57,0.0,0.0,2946194.56,3084912.13,0
0,1693405.96,6097.0,0.0,6025120.73,7718526.7,0
1,443403.97,0.0,0.0,1168063.04,1611467.01,0
1,92798.07,14902.0,0.0,196711.11,289509.19,0
1,9732.46,182.0,0.0,1628359.85,1638092.31,0
1,51619.92,2805.05,0.0,824639.22,876259.14,0
1,18946.09,218760.14,199814.05,7463810.81,7482756.89,0
1,198958.76,354.0,0.0,1157752.3,1356711.06,0
1,181035.76,25193.0,0.0,0.0,181035.76,0
1,210891.73,0.0,0.0,481928.4,692820.13,0
1,171966.5,186193.0,14226.5,142717.55,314684.05,0
1,68536.12,47423.0,0.0,1386549.29,1455085.41,0
0,225767.04,0.0,0.0,2227684.96,2453452.01,0
1,207697.9,0.0,0.0,433995.37,641693.27,0
0,249461.75,20798.0,0.0,107344.73,356806.48,0
1,174958.4,0.0,0.0,1368514.02,1543472.42,0
1,386048.1,22483.0,0.0,2774402.47,3160450.57,0
1,298934.36,51830.0,0.0,805363.36,1104297.72,0
1,234881.7,115037.0,0.0,523807.77,758689.47,0
0,87985.12,0.0,0.0,245365.02,333350.14,0
1,365861.15,0.0,0.0,427160.39,793021.54,0
1,62817.72,10149.0,0.0,2846527.78,2909345.5,0
1,179235.32,0.0,0.0,365084.11,544319.43,0
0,4032825.41,428427.59,0.0,4654152.61,8686978.02,0
1,281100.48,51765.0,0.0,0.0,281100.48,0
0,1025348.21,0.0,0.0,7830699.19,8856047.4,0
1,167156.63,0.0,0.0,6973328.65,7140485.28,0
1,42620.33,104582.0,61961.67,0.0,42620.33,0
1,250995.42,104833.0,0.0,616874.08,867869.49,0
0,848051.22,9110.0,0.0,0.0,848051.22,0
1,417000.66,0.0,0.0,437966.67,854967.33,0
1,48758.92,0.0,0.0,1185023.27,1233782.2,0
0,1369997.05,0.0,0.0,23808360.5,25178357.56,0
1,300785.73,10700.0,0.0,0.0,300785.73,0
1,90979.63,743.0,0.0,1576.63,92556.26,0
1,122932.55,129748.37,6815.82,0.0,219330.77,0
1,21342.09,0.0,0.0,1793959.43,1815301.52,0
0,1021707.62,0.0,0.0,1958924.46,2980632.08,0
1,13255.5,0.0,0.0,219480.14,232735.63,0
1,81631.96,15482.0,0.0,65381.39,147013.35,0
0,759215.7,14270.0,0.0,0.0,759215.7,0
1,219981.06,14479.0,0.0,0.0,219981.06,0
1,2155.71,36245.0,34089.29,29171.82,31327.53,0
0,1114913.24,130751.97,0.0,1155155.31,2270068.54,0
1,399317.83,17902.0,0.0,532532.63,968880.27,0
1,35372.74,10484.0,0.0,806383.33,841756.07,0
0,66405.35,0.0,0.0,2884657.15,2951062.5,0
0,548101.09,487.0,0.0,0.0,548101.09,0
1,1944.06,103160.0,101215.94,1418895.51,1420839.57,0
1,24241.6,50138.0,25896.4,0.0,24241.6,0
1,459340.31,30153.0,0.0,0.0,459340.31,0
1,119138.9,0.0,0.0,1749588.18,1868727.08,0
1,76937.95,0.0,0.0,3759397.25,3836335.21,0
1,222849.7,160110.0,0.0,8685973.34,8908823.04,0
1,39944.33,0.0,0.0,97307.43,137251.76,0
1,576324.25,0.0,0.0,1869833.2,2446157.45,0
1,190483.97,0.0,0.0,1103470.93,1293954.91,0
1,120955.36,30861.0,0.0,280931.57,401886.93,0
1,114169.57,0.0,0.0,1728107.21,1842276.78,0
1,416180.26,347480.0,0.0,318100.43,734280.68,0
1,200327.18,20443.0,0.0,26932.34,227259.52,0
0,794427.64,36276.0,0.0,212947.99,1007375.63,0
1,169048.67,0.0,0.0,685458.55,854507.22,0
1,537717.94,0.0,0.0,1465576.55,2003294.49,0
0,370822.45,18.0,0.0,124181.44,495003.89,0
1,328264.3,0.0,0.0,408853.44,737117.73,0
1,218088.47,30239.4,0.0,244508.02,462596.49,0
1,34615.53,8691.0,0.0,3264006.36,3298621.89,0
1,107257.22,0.0,0.0,2848582.9,2955840.12,0
1,139307.71,0.0,0.0,3980485.54,4119793.25,0
0,1246918.8,60254.0,0.0,1585456.58,4955788.05,0
1,333949.19,33354.0,0.0,304640.15,638589.34,0
0,1918840.15,310634.0,0.0,0.0,1918840.15,0
0,1603294.63,350348.69,0.0,8830970.19,10434264.83,0
1,633072.61,41882.0,0.0,5923689.89,6556762.5,0
1,11448.01,0.0,0.0,607727.19,619175.2,0
1,100019.31,0.0,0.0,536330.15,636349.47,0
0,472981.27,0.0,0.0,1153313.7,1626294.97,0
1,158064.51,0.0,0.0,362312.18,210572.94,0
0,284084.58,0.0,0.0,3991152.1,4275236.67,0
1,352355.28,0.0,0.0,1661797.15,2014152.43,0
1,59740.35,0.0,0.0,4129337.42,4189077.77,0
1,100879.07,0.0,0.0,28038990.82,28139869.89,0
1,80864.66,0.0,0.0,3487172.29,3568036.95,0
1,15820.58,0.0,0.0,1204607.83,1220428.41,0
1,230807.84,0.0,0.0,2793711.07,3024518.9,0
1,21884.63,558.0,0.0,0.0,21884.63,0
1,117194.44,41734.0,0.0,179774.89,296969.33,0
1,44644.01,0.0,0.0,909589.8,954233.8,0
1,356654.45,103149.0,0.0,205363.92,562018.37,0
1,22279.77,159238.0,136958.23,521404.89,557786.14,0
1,33050.75,0.0,0.0,216201.88,249252.63,0
1,124351.68,203864.14,79512.47,2330048.56,2454400.24,0
1,102218.18,28707.0,0.0,0.0,102218.18,0
1,40989.8,0.0,0.0,8198036.33,8239026.13,0
1,216815.7,11156.0,0.0,320205.03,537020.73,0
1,169917.01,51657.0,0.0,1666422.78,1485642.86,0
1,4473.73,30592.0,26118.27,74964.39,79438.12,0
1,307246.36,0.0,0.0,4525161.1,4832407.46,0
1,269889.05,462947.0,193057.95,7181729.31,7451618.37,0
0,412847.59,0.0,0.0,1098560.73,1511408.32,0
1,144261.94,0.0,0.0,176555.01,150804.44,0
0,319234.52,0.0,0.0,453176.55,772411.07,0
1,58171.23,31244.0,0.0,0.0,58171.23,0
0,115656.3,260413.0,144756.7,15883.5,131539.81,0
1,351519.16,33474.0,0.0,0.0,351519.16,0
1,209374.46,0.0,0.0,570231.02,779605.49,0
1,153357.09,11238.0,0.0,0.0,153357.09,0
1,116484.0,0.0,0.0,140510.27,256994.28,0
1,406197.77,0.0,0.0,1765036.07,2171233.84,0
1,203586.19,546.0,0.0,0.0,203586.19,0
1,162100.78,20039.0,0.0,3127506.83,3289607.6,0
1,142857.76,0.0,0.0,526175.15,765841.26,0
1,25685.11,3848.0,0.0,0.0,25685.11,0
1,114334.89,0.0,0.0,230696.98,345031.87,0
1,80712.4,0.0,0.0,4510233.12,4590945.53,0
0,307420.36,185333.12,0.0,894695.89,1202116.25,0
1,427247.95,27704.0,0.0,0.0,427247.95,0
1,123461.58,0.0,0.0,1519428.01,1642889.59,0
1,167531.77,10659.0,0.0,21049.84,188581.61,0
1,53940.53,0.0,0.0,1197023.84,1250964.38,0
1,231285.98,0.0,0.0,1202807.1,1434093.08,0
1,356622.26,0.0,0.0,10726461.4,11346916.62,0
1,352773.28,95395.0,0.0,0.0,352773.28,0
1,110786.23,0.0,0.0,586597.47,697383.7,0
1,301263.87,0.0,0.0,1093375.58,1394639.46,0
1,120551.14,0.0,0.0,324893.2,445444.34,0
1,172498.47,50237.0,0.0,0.0,172498.47,0
1,484979.48,0.0,0.0,680977.85,1165957.32,0
1,361673.75,0.0,0.0,450581.38,812255.13,0
1,262650.52,0.0,0.0,4193392.21,4456042.73,0
1,273445.92,0.0,0.0,427137.86,700583.78,0
1,51133.13,0.0,0.0,1486950.01,1538083.14,0
1,39403.11,0.0,0.0,1300696.51,1340099.62,0
0,1414410.77,94463.33,0.0,1597670.63,3012081.4,0
1,274979.62,0.0,0.0,381650.89,656630.5,0
1,267913.83,71356.0,0.0,0.0,267913.83,0
1,223613.02,0.0,0.0,572744.27,796357.29,0
1,10940.58,0.0,0.0,324907.87,335848.46,0
1,366492.4,11658.0,0.0,50268.45,416760.86,0
1,328524.55,11778.0,0.0,219713.38,548237.93,0
1,228478.96,0.0,0.0,2958463.22,3186942.18,0
1,188467.53,0.0,0.0,207773.28,396240.81,0
1,68633.09,309884.0,241250.91,0.0,68633.09,0
1,17909.5,0.0,0.0,515330.77,533240.27,0
1,104948.89,15610.0,0.0,147849.83,765249.34,0
1,16615.8,49924.0,33308.2,140157.77,156773.57,0
1,159959.77,52305.0,0.0,63702.34,223662.11,0
1,266400.28,5874.0,0.0,37063.99,303464.27,0
1,31150.17,0.0,0.0,2078580.81,2109730.98,0
0,778192.81,0.0,0.0,5202966.68,5981159.48,0
1,69651.96,6258.0,0.0,1391719.51,1461371.47,0
0,588619.58,0.0,0.0,1820786.3,2409405.87,0
1,324061.76,810032.0,485970.24,206769.62,530831.37,0
0,1837225.31,23928.0,0.0,1880375.99,3717601.3,0
1,178433.9,106192.0,0.0,904280.26,1082714.15,0
1,571977.37,0.0,0.0,715260.03,1287237.4,0
1,5305.63,403.0,0.0,710875.54,716181.17,0
1,24114.23,20868.0,0.0,0.0,24114.23,0
1,256032.59,0.0,0.0,368025.66,624058.25,0
1,138767.16,0.0,0.0,140218.33,278985.49,0
1,19755.41,0.0,0.0,485766.28,505521.7,0
1,171941.85,0.0,0.0,306120.21,478062.06,0
1,169162.61,60413.0,0.0,80138.03,249300.63,0
0,991106.29,0.0,0.0,1845015.14,2836121.42,0
1,112697.97,0.0,0.0,4599155.44,4711853.4,0
1,246292.07,0.0,0.0,2149053.24,2395345.31,0
1,220986.04,525060.0,304073.96,0.0,220986.04,0
1,12372.28,0.0,0.0,53948.0,66320.28,0
1,544826.99,0.0,0.0,1673847.16,2218674.15,0
1,357642.29,0.0,0.0,3527038.25,3884680.54,0
1,412395.5,0.0,0.0,1840344.34,2252739.84,0
1,111266.65,148990.0,37723.35,81932.7,193199.35,0
1,140538.82,504370.0,363831.18,9750420.64,9890959.46,0
1,144031.34,167256.24,23224.9,1140963.38,1284994.72,0
1,268191.91,0.0,0.0,336283.71,604475.62,0
1,671426.44,0.0,0.0,1293100.03,1964526.47,0
0,1422405.84,0.0,0.0,6548761.91,7971167.75,0
1,152307.14,14929.0,0.0,2399652.86,2551960.0,0
0,444867.82,135793.8,0.0,481225.68,926093.51,0
0,46405.82,51426.0,5020.18,45492.42,91898.23,0
0,307477.95,366718.01,59240.05,1747722.66,2055200.62,0
1,85693.26,0.0,0.0,544990.42,630683.68,0
1,464239.68,0.0,0.0,1811637.98,2275877.66,0
0,138634.68,11550.0,0.0,0.0,138634.68,0
1,453882.66,0.0,0.0,3268302.27,3722184.93,0
1,97106.65,6043.0,0.0,218752.0,0.0,0
1,86153.18,0.0,0.0,612286.86,698440.05,0
1,184817.91,0.0,0.0,439771.22,624589.13,0
1,80605.39,30754.0,0.0,0.0,80605.39,0
1,264952.09,9170.0,0.0,1085346.86,1350298.94,0
1,163346.28,2338.0,0.0,74185.02,237531.29,0
1,173894.54,33219.0,0.0,4779993.37,4953887.91,0
1,305018.63,0.0,0.0,520067.35,752338.25,0
1,230373.02,0.0,0.0,2733825.93,2964198.96,0
1,318779.15,10506.0,0.0,298338.43,617117.58,0
1,267731.26,0.0,0.0,3627199.88,3894931.14,0
1,7062.5,43822.0,36759.5,204130.87,211193.36,0
1,343732.35,10755.0,0.0,0.0,343732.35,0
1,427419.44,0.0,0.0,4854853.05,5282272.5,0
0,453870.01,48453.0,0.0,185449.59,639319.6,0
1,264779.9,0.0,0.0,13847084.52,14111864.41,0
0,948874.38,0.0,0.0,13408028.33,14356902.71,0
1,71628.36,0.0,0.0,711478.51,783106.87,0
1,268206.13,79401.0,0.0,0.0,389003.54,0
0,15567.2,9174.11,0.0,2908455.69,2924022.89,0
1,26206.32,74118.0,47911.68,0.0,26206.32,0
1,115101.24,0.0,0.0,251694.03,366795.27,0
1,53050.21,0.0,0.0,426395.86,479446.07,0
1,195787.85,0.0,0.0,434631.29,630419.14,0
1,115248.49,0.0,0.0,247381.64,362630.12,0
1,13449.5,49916.0,36466.5,91182.06,104631.57,0
1,3718503.37,3718503.37,0.0,4365225.42,8083728.79,1
1,372913.04,646.0,0.0,1016026.26,1388939.3,0
1,126171.41,62399.0,0.0,237176.71,363348.12,0
1,198398.97,0.0,0.0,246989.63,445388.6,0
1,3166.83,197250.76,194083.94,2146485.42,2149652.24,0
1,322540.4,0.0,0.0,461498.97,784039.37,0
1,167806.93,167806.93,0.0,0.0,167806.93,1
1,421866.49,0.0,0.0,1430927.2,1852793.69,0
0,3780701.53,0.0,0.0,3958450.03,7739151.55,0
1,17706.64,0.0,0.0,75902.36,93608.99,0
0,1822658.71,0.0,0.0,2117531.68,3940190.39,0
1,312487.11,0.0,0.0,603809.74,916296.85,0
1,195332.32,30866.0,0.0,0.0,195332.32,0
1,69424.45,103001.0,33576.55,498514.79,567939.24,0
1,132003.6,0.0,0.0,256878.68,388882.28,0
1,139147.32,0.0,0.0,492482.39,631629.71,0
1,166731.37,39127.42,0.0,3105896.26,3272627.63,0
1,135565.24,0.0,0.0,214617.38,350182.62,0
0,4824221.25,0.0,0.0,21511950.93,26336172.18,0
1,215523.31,0.0,0.0,488309.53,703832.85,0
1,574992.38,1235986.73,660994.35,739377.9,1314370.28,0
0,762101.16,96690.92,0.0,6397205.97,7159307.12,0
1,436452.56,239147.45,0.0,571891.17,1008343.72,0
1,32949.79,49523.0,16573.21,1088381.66,3414034.59,0
1,113312.42,0.0,0.0,5273214.71,5386527.13,0
1,234489.0,0.0,0.0,598526.94,833015.94,0
0,306299.33,0.0,0.0,2400502.52,2706801.86,0
1,132403.72,0.0,0.0,397478.34,529882.05,0
1,2174.65,125577.0,123402.35,205292.01,207466.66,0
1,145304.97,0.0,0.0,4435216.53,4580521.5,0
1,44392.28,0.0,0.0,3631354.07,3675746.35,0
1,36844.33,0.0,0.0,1197305.1,1234149.43,0
1,179535.47,0.0,0.0,626236.11,805771.58,0
1,94589.12,112.0,0.0,333917.05,428506.16,0
1,104276.45,18550.0,0.0,0.0,104276.45,0
1,24915.44,99416.0,74500.56,1028338.84,1053254.28,0
1,228581.71,81220.33,0.0,649424.96,878006.67,0
0,1288246.86,0.0,0.0,2031840.55,3320087.4,0
1,227216.24,49808.0,0.0,1749277.75,2918243.15,0
1,77933.61,3503.0,0.0,5395808.37,5473741.98,0
1,320784.69,4584.0,0.0,724883.69,1045668.38,0
0,67293.89,0.0,0.0,190765.95,258059.84,0
1,28167.91,39659.0,11491.09,41965.52,70133.43,0
1,192629.2,20563.0,0.0,3200392.53,3393021.73,0
1,275812.55,31889.0,0.0,0.0,275812.55,0
1,165302.33,0.0,0.0,1611839.48,1777141.81,0
1,102703.18,16894.0,0.0,20406.0,123109.18,0
1,554165.2,336479.54,0.0,584776.08,1138941.28,0
0,248814.65,0.0,0.0,1732947.17,1981761.83,0
1,205196.97,0.0,0.0,1200677.13,1405874.09,0
1,286537.37,218902.0,0.0,4585934.8,4872472.17,0
1,105260.17,20208.0,0.0,0.0,105260.17,0
0,1074955.32,28065.0,0.0,1467433.53,2542388.85,0
1,132407.37,33744.0,0.0,248584.87,380992.24,0
1,196365.08,0.0,0.0,4984121.79,5180486.87,0
1,172370.69,0.0,0.0,915922.81,1088293.5,0
1,94355.41,20778.0,0.0,272216.86,366572.27,0
1,28254.36,548785.65,520531.29,37528.47,65782.83,0
0,228037.39,198240.0,0.0,101077.83,2452948.19,0
1,82634.92,0.0,0.0,1512129.5,1594764.43,0
1,54052.43,0.0,0.0,108343.28,162395.71,0
1,25213.76,19928.0,0.0,310490.73,335704.49,0
1,384863.1,32949.0,0.0,6640205.35,7025068.45,0
1,71176.41,0.0,0.0,463583.44,534759.85,0
1,350519.38,2039.0,0.0,421245.92,771765.3,0
1,156122.42,11023.0,0.0,0.0,156122.42,0
0,481456.24,0.0,0.0,4037944.13,4519400.38,0
0,206203.17,4259.0,0.0,39487.62,245690.79,0
0,2328239.01,22462.0,0.0,0.0,2328239.01,0
1,38504.86,119582.0,81077.14,0.0,38504.86,0
1,98301.14,305281.0,206979.86,2050703.0,2149004.14,0
0,476097.9,45720.0,0.0,0.0,620213.29,0
1,40538.08,0.0,0.0,2842861.98,2883400.06,0
1,44152.78,20965.0,0.0,0.0,44152.78,0
1,331773.82,20508.76,0.0,1919861.89,2251635.71,0
1,60557.95,20405.0,0.0,760272.7,820830.65,0
1,201995.97,314991.38,112995.41,0.0,201995.97,0
1,392719.34,209796.0,0.0,47238.66,439958.0,0
1,387099.93,12870.0,0.0,3256128.63,3643228.56,0
1,242151.66,0.0,0.0,389067.3,631218.96,0
0,97348.41,118759.0,21410.59,285735.67,383084.08,0
1,25804.47,0.0,0.0,265251.8,291056.27,0
0,1019100.6,0.0,0.0,10371951.53,11391052.13,0
1,526913.12,9515.0,0.0,0.0,526913.12,0
1,113624.86,146243.0,32618.14,83543.48,197168.34,0
1,185304.65,0.0,0.0,471058.58,656363.23,0
1,28423.08,0.0,0.0,363167.66,391590.73,0
1,254104.6,0.0,0.0,830655.96,1084760.57,0
1,237076.69,0.0,0.0,278837.8,515914.48,0
1,20564.59,3279.0,0.0,239205.2,259769.79,0
0,1009484.97,20906.0,0.0,366978.91,1376463.88,0
1,9724.94,21093.0,11368.06,19231.74,28956.68,0
0,856611.65,0.0,0.0,5226534.84,6083146.48,0
1,40607.79,9977.0,0.0,2089439.9,2130047.69,0
1,265617.24,0.0,0.0,345732.27,611349.51,0
1,475208.51,16462.0,0.0,3779896.98,4255105.49,0
1,113796.84,0.0,0.0,407332.73,521129.56,0
1,142302.46,59780.0,0.0,0.0,142302.46,0
0,1399259.54,604016.35,0.0,0.0,1399259.54,0
1,116571.91,62824.0,0.0,1602273.31,1718845.22,0
1,355647.07,10626.0,0.0,172098.12,527745.19,0
1,223107.22,52067.0,0.0,260642.65,483749.87,0
1,73022.54,0.0,0.0,620034.93,693057.48,0
1,71517.95,21713.0,0.0,106427.95,177945.9,0
1,50318.68,0.0,0.0,226139.9,276458.58,0
1,651556.65,0.0,0.0,5228489.46,5880046.12,0
1,4137.5,0.0,0.0,6555.28,10692.78,0
1,201620.8,0.0,0.0,1849032.87,2050653.67,0
1,191483.97,125643.0,0.0,2034521.31,2226005.29,0
1,373265.26,0.0,0.0,587336.12,960601.38,0
1,141279.54,29969.0,0.0,6569.34,147848.88,0
1,208785.77,0.0,0.0,496036.26,704822.02,0
1,204833.23,15134.0,0.0,203166.48,407999.71,0
0,801863.28,0.0,0.0,2209009.59,3010872.88,0
1,1491.9,0.0,0.0,17873.53,19365.43,0
1,128861.92,146.0,0.0,325770.01,454631.93,0
1,145892.74,21802.0,0.0,448061.35,593954.09,0
1,141392.98,123209.0,0.0,25621.0,0.0,0
1,49339.73,0.0,0.0,158450.07,207789.81,0
0,2265758.45,39647.0,0.0,0.0,2505488.8,0
1,34874.48,5587.0,0.0,1165802.08,1200676.57,0
1,176984.42,0.0,0.0,797752.91,1254690.66,0
1,58420.41,0.0,0.0,412827.61,471248.02,0
0,250571.8,547.0,0.0,10563345.49,10813917.29,0
1,298952.78,58445.0,0.0,203722.12,502674.9,0
1,710176.2,1173.0,0.0,0.0,710176.2,0
1,47438.42,0.0,0.0,1983118.18,2030556.6,0
1,40552.15,0.0,0.0,315386.35,322978.49,0
1,94284.36,0.0,0.0,2985180.83,3079465.19,0
1,4348.0,255685.0,251337.0,494601.71,498949.71,0
1,291073.96,32088.0,0.0,2428803.51,2719877.47,0
1,179149.33,7139.0,0.0,575064.65,754213.98,0
0,944821.69,249446.0,0.0,447653.3,1200442.62,0
1,89768.13,0.0,0.0,0.0,89768.13,0
1,1724.21,0.0,0.0,16650.0,0.0,0
1,134736.23,29363.0,0.0,0.0,134736.23,0
1,414309.55,344660.0,0.0,486489.74,900799.29,0
1,19609.49,42541.02,22931.54,1504647.27,1524256.76,0
1,138070.62,173139.0,35068.38,86673.86,224744.48,0
0,19166.62,0.0,0.0,95953.58,115120.2,0
1,171205.77,10670.69,0.0,1278171.22,968694.51,0
1,11810.86,0.0,0.0,27601.52,39412.38,0
1,277394.13,31068.0,0.0,113307.55,390701.69,0
0,850547.72,32156.0,0.0,4939113.15,5789660.86,0
1,162908.06,0.0,0.0,2382436.86,2545344.92,0
1,43849.18,18974.0,0.0,0.0,43849.18,0
1,104779.35,0.0,0.0,198211.6,302990.96,0
1,508217.48,0.0,0.0,4839357.55,5347575.03,0
0,275870.49,20703.0,0.0,29990.3,305860.79,0
1,13173.35,472953.54,459780.18,797905.08,811078.43,0
1,85890.16,17977.49,0.0,646165.34,732055.5,0
1,13753.5,53460.0,39706.5,164811.93,178565.43,0
1,85736.52,0.0,0.0,895752.78,981489.31,0
1,132495.34,348686.0,216190.66,1625238.49,1757733.82,0
1,134732.0,3763.0,0.0,839453.72,974185.72,0
1,113883.0,0.0,0.0,115244.46,229127.46,0
1,99864.15,210055.0,110190.85,0.0,99864.15,0
1,517108.25,13850.0,0.0,2660406.6,3177514.85,0
0,743716.82,0.0,0.0,2492074.69,3235791.51,0
1,67938.24,886.0,0.0,1376465.94,1444404.18,0
1,226770.64,0.0,0.0,1465660.36,1692431.0,0
1,53393.51,3043.0,0.0,329436.01,382829.52,0
1,52510.33,48880.0,0.0,0.0,52510.33,0
1,57366.9,25489.0,0.0,8150.19,0.0,0
0,7593.69,0.0,0.0,2697835.26,2705428.95,0
0,526787.54,526787.54,0.0,0.0,0.0,1
1,73693.43,0.0,0.0,290397.44,364090.87,0
1,169850.56,3703.0,0.0,28896.68,198747.24,0
1,152137.81,0.0,0.0,216116.03,368253.84,0
1,122497.97,0.0,0.0,1397950.75,1520448.71,0
1,183204.32,21062.0,0.0,118144.08,301348.4,0
1,269603.41,3993243.2,3723639.79,347297.84,1098396.9,0
1,55555.39,52330.0,0.0,129039.05,184594.45,0
1,272320.69,2192.0,0.0,8802775.47,9075096.16,0
1,410574.31,0.0,0.0,900466.54,1311040.85,0
1,296838.54,45705.61,0.0,3529792.92,3826631.46,0
1,65064.14,26006.0,0.0,70329.2,135393.33,0
1,187815.92,0.0,0.0,3311501.6,3499317.52,0
0,257426.74,0.0,0.0,793027.73,1050454.48,0
0,349627.17,21296.0,0.0,457914.53,807541.69,0
1,46566.85,4038.0,0.0,56175.42,102742.27,0
1,385186.17,0.0,0.0,7542519.04,7927705.21,0
1,134462.31,62451.0,0.0,0.0,134462.31,0
1,483136.99,83689.0,0.0,15149.28,498286.26,0
0,368212.47,0.0,0.0,498060.84,866273.3,0
0,586560.27,88369.96,0.0,597618.8,1184179.06,0
0,371905.68,0.0,0.0,893144.03,1265049.7,0
1,285230.0,0.0,0.0,5404510.48,5689740.48,0
0,103190.08,7151.18,0.0,3000352.78,3103542.85,0
0,203816.09,0.0,0.0,1298983.65,1502799.74,0
1,67919.22,82052.0,14132.78,230548.32,298467.54,0
1,48625.39,9040.0,0.0,1735315.49,1783940.88,0
1,126904.09,513.0,0.0,386709.38,513613.47,0
1,155691.16,11592.0,0.0,69422.48,225113.64,0
0,960800.77,0.0,0.0,1067785.26,2028586.02,0
1,106995.91,40024.0,0.0,0.0,106995.91,0
1,8921.39,450.0,0.0,1268542.2,1277463.59,0
1,383371.88,6821.0,0.0,0.0,383371.88,0
1,278286.7,18394.0,0.0,0.0,278286.7,0
1,198252.29,9024.0,0.0,0.0,198252.29,0
0,813681.03,0.0,0.0,2331715.46,3145396.49,0
1,192900.36,178667.0,0.0,1767177.36,1960077.72,0
1,3223.41,0.0,0.0,22174.32,25397.73,0
1,40042.4,20345.0,0.0,32773.95,72816.35,0
1,226104.24,9984.0,0.0,28841.98,223275.54,0
1,39983.26,0.0,0.0,993839.99,1033823.25,0
1,94767.61,0.0,0.0,723907.39,818675.0,0
0,105116.88,980.0,0.0,1014994.48,1120111.36,0
1,172672.26,0.0,0.0,192589.87,365262.13,0
1,79724.61,0.0,0.0,13301501.01,13381225.62,0
1,158497.4,5011.0,0.0,1330274.66,1488772.06,0
1,73445.92,24747.0,0.0,0.0,73445.92,0
1,113705.16,289562.0,175856.84,0.0,113705.16,0
1,260380.04,461.0,0.0,0.0,260380.04,0
1,403526.02,0.0,0.0,4736366.89,5139892.91,0
0,1016175.66,11221.0,0.0,15692136.61,16803247.5,0
1,223388.44,0.0,0.0,2702935.7,2926324.14,0
1,317580.58,165606.11,0.0,10332383.45,10649964.04,0
1,209514.43,40593.0,0.0,319858.51,529372.95,0
1,494072.33,20572.0,0.0,0.0,494072.33,0
0,381132.3,0.0,0.0,938911.88,2282193.0,0
1,22266.88,258875.66,236608.78,99070.81,121337.69,0
1,245767.63,50242.0,0.0,0.0,245767.63,0
1,247959.88,293549.0,45589.12,998492.04,1246451.93,0
1,179498.78,1307.0,0.0,130826.16,310324.94,0
1,1084.51,0.0,0.0,74398.29,75482.79,0
1,77359.71,0.0,0.0,383933.03,430252.52,0
0,468524.47,11689.12,0.0,845086.46,1313610.92,0
1,274479.77,9933.0,0.0,232279.39,506759.17,0
0,680272.72,0.0,0.0,5901389.7,6581662.42,0
1,254034.83,6251.0,0.0,3464958.89,3508118.94,0
1,176667.03,0.0,0.0,1313505.49,1490172.53,0
1,324529.14,0.0,0.0,354153.25,678682.4,0
0,340575.48,1702.0,0.0,31309.26,371884.74,0
1,140144.02,23156.0,0.0,742626.41,882770.43,0
1,158011.44,178627.0,20615.56,484686.72,642698.17,0
1,292958.01,40719.0,0.0,2050381.44,2343339.45,0
1,19819.74,0.0,0.0,194692.84,214512.58,0
1,255503.11,0.0,0.0,1820880.42,2076383.54,0
1,206781.17,35902.89,0.0,966813.55,1173594.71,0
0,31213.75,0.0,0.0,169794.19,201007.94,0
1,103865.23,0.0,0.0,229151.83,333017.06,0
1,122532.91,101796.0,0.0,1731438.07,1853970.98,0
1,136276.06,180.0,0.0,653401.17,789677.23,0
0,2827551.11,204090.0,0.0,0.0,2827551.11,0
1,308880.12,0.0,0.0,4789866.22,5098746.34,0
0,1487490.6,603462.0,0.0,559435.83,2046926.42,0
1,205798.55,0.0,0.0,1117879.61,1323678.15,0
1,4831.01,0.0,0.0,542868.1,547699.1,0
1,236074.48,299493.09,63418.61,310977.26,547051.74,0
1,111000.81,40478.0,0.0,400247.43,511248.23,0
1,113816.1,0.0,0.0,19627405.64,19741221.74,0
1,235526.77,0.0,0.0,760953.74,996480.51,0
0,1197830.24,50529.0,0.0,107273.15,1305103.4,0
0,1077159.02,0.0,0.0,3803264.65,4880423.68,0
1,241692.51,53057.93,0.0,1033037.54,1158524.41,0
1,388210.29,0.0,0.0,1066962.3,1455172.59,0
1,147154.45,0.0,0.0,231504.78,378659.24,0
0,875305.06,0.0,0.0,2782845.47,3658150.53,0
1,310011.11,0.0,0.0,326143.35,636154.46,0
1,39183.62,49851.0,10667.38,5466913.74,5506097.36,0
1,392183.48,0.0,0.0,1136241.51,1528424.99,0
0,140766.02,0.0,0.0,439620.45,580386.47,0
1,291638.51,692.0,0.0,0.0,630758.05,0
1,159042.04,32859.55,0.0,11565419.21,11724461.25,0
1,382933.49,26747.0,0.0,50966.19,433899.68,0
1,113812.29,19963.0,0.0,0.0,113812.29,0
1,66793.76,0.0,0.0,805720.04,939062.74,0
1,293696.99,7061.0,0.0,0.0,293696.99,0
1,65313.42,0.0,0.0,489852.39,555165.81,0
0,185694.87,1027105.68,841410.8,208502.79,394197.66,0
0,109598.56,15995.03,0.0,3794761.1,3904359.66,0
1,11494.6,24403.0,12908.4,0.0,11494.6,0
1,27052.55,0.0,0.0,2070051.36,2097103.91,0
0,172519.14,311499.0,138979.86,0.0,172519.14,0
1,96673.41,4189.0,0.0,142382.73,239056.14,0
1,183139.02,0.0,0.0,3489837.11,3672976.13,0
1,14643.36,0.0,0.0,6761789.68,6776433.05,0
0,55154.33,104161.0,49006.67,0.0,55154.33,0
1,174512.64,50584.0,0.0,52002.85,226515.49,0
1,1055.01,5379.0,4323.99,0.0,1055.01,0
1,194213.94,0.0,0.0,209301.93,403515.87,0
1,538267.43,269.0,0.0,1922895.49,2461162.92,0
0,69566.13,0.0,0.0,270972.54,340538.67,0
1,167842.01,74007.0,0.0,822359.58,990201.59,0
1,189613.8,50227.0,0.0,0.0,189613.8,0
1,200013.28,0.0,0.0,585213.52,785226.8,0
1,185417.22,7037.0,0.0,100115.29,285532.51,0
1,69185.0,0.0,0.0,1696972.87,1766157.86,0
1,58634.26,0.0,0.0,479731.25,538365.51,0
1,299248.37,1812.0,0.0,127108.54,385579.97,0
0,1873277.91,51249.0,0.0,0.0,1930235.81,0
1,114522.01,420683.58,306161.57,138610.05,253132.06,0
1,212286.96,61.0,0.0,0.0,212286.96,0
1,60353.29,0.0,0.0,221561.51,281914.81,0
1,74791.91,0.0,0.0,1169939.14,1244731.05,0
1,169240.29,582.0,0.0,0.0,169240.29,0
0,743715.12,0.0,0.0,1299334.2,2043049.32,0
1,262817.28,0.0,0.0,3907523.41,4170340.69,0
1,214581.33,14983.0,0.0,0.0,214581.33,0
1,100303.66,30529.0,0.0,0.0,100303.66,0
1,65536.83,0.0,0.0,1366916.7,1432453.52,0
1,109036.07,104361.0,0.0,95903.23,204939.3,0
0,33194.83,0.0,0.0,987416.88,1020611.71,0
1,154121.17,647.0,0.0,0.0,154121.17,0
1,61571.75,0.0,0.0,378773.42,1414675.65,0
1,91358.25,0.0,0.0,906337.11,786669.37,0
0,366564.16,0.0,0.0,9280816.51,9647380.66,0
1,216415.12,53054.73,0.0,583898.81,626171.93,0
1,270252.79,27345.0,0.0,7514585.87,7784838.65,0
0,238410.19,35719.0,0.0,2738426.42,2976836.6,0
1,117128.61,19008.0,0.0,2112544.18,2229672.8,0
1,411924.84,0.0,0.0,1618253.55,2030178.39,0
1,46110.67,2937.0,0.0,1998491.8,2044602.47,0
1,141701.52,0.0,0.0,276544.33,418245.85,0
1,149340.34,0.0,0.0,1493291.56,1642631.9,0
1,121269.26,0.0,0.0,980190.89,1101460.15,0
1,205699.46,39828.0,0.0,205604.35,411303.82,0
0,527047.62,0.0,0.0,1502204.71,2029252.33,0
1,273162.39,14062.0,0.0,240962.72,514125.11,0
1,175501.23,0.0,0.0,3043323.51,3218824.74,0
1,72628.32,50734.0,0.0,513008.47,585636.79,0
1,49797.06,0.0,0.0,103989.63,153786.69,0
1,173122.9,25648.0,0.0,0.0,173122.9,0
0,274147.53,49768.0,0.0,322408.75,596556.27,0
0,268372.34,0.0,0.0,5796241.48,6342623.31,0
1,415633.67,0.0,0.0,475119.31,649561.08,0
1,18024.59,0.0,0.0,900742.88,918767.47,0
1,73637.19,0.0,0.0,616992.4,690629.58,0
1,329375.79,0.0,0.0,1479320.35,1808696.14,0
1,134795.41,0.0,0.0,6218220.26,6353015.66,0
1,228855.96,30043.0,0.0,1883.24,230739.2,0
1,30554.76,324919.53,294364.77,9092622.18,9123176.94,0
1,382220.06,0.0,0.0,897409.39,1279629.46,0
0,1934577.59,0.0,0.0,3082938.26,5017515.85,0
1,174015.68,10394.0,0.0,0.0,174015.68,0
0,611034.27,0.0,0.0,1472415.0,2083449.27,0
1,320101.01,38061.0,0.0,0.0,320101.01,0
1,290582.72,0.0,0.0,4271415.78,4561998.5,0
0,139271.96,0.0,0.0,252899.96,392171.91,0
1,291731.11,151569.0,0.0,66741.49,358472.6,0
1,136327.83,0.0,0.0,583949.09,720276.92,0
1,392224.15,0.0,0.0,1392420.16,1784644.32,0
1,374122.6,41930.0,0.0,0.0,374122.6,0
0,570811.82,0.0,0.0,1165572.71,1736384.53,0
0,894436.43,0.0,0.0,6977322.88,7871759.3,0
0,135049.27,85542.0,0.0,145351.04,280400.31,0
1,284116.72,191383.28,0.0,3015151.64,3299268.36,0
0,599765.94,0.0,0.0,736406.59,1336172.53,0
1,125505.76,8837.84,0.0,642623.95,768129.7,0
1,16716.48,63383.0,46666.52,0.0,16716.48,0
1,335643.91,0.0,0.0,1074572.48,1586002.76,0
1,128517.64,3141.0,0.0,368131.65,496649.29,0
0,1146035.39,0.0,0.0,1257726.59,2403761.99,0
1,16987.6,27864.0,10876.4,1036800.26,1053787.86,0
1,104715.3,0.0,0.0,4861374.93,4966090.23,0
1,181276.81,40684.0,0.0,1661.78,247608.49,0
1,93715.55,431.0,0.0,2582.13,96297.68,0
1,69553.86,215288.0,145734.14,1793729.23,1863283.09,0
1,125199.71,0.0,0.0,4016569.26,4141768.97,0
1,357910.95,0.0,0.0,1364594.61,1722505.56,0
1,297451.15,50208.0,0.0,2669426.14,2966877.29,0
1,130776.27,398817.07,268040.8,3124840.89,3255617.16,0
1,84498.64,69941.0,0.0,87515.9,261103.52,0
1,169440.57,236066.04,66625.46,972731.87,1142172.44,0
1,326411.36,637209.69,310798.33,2455606.37,2782017.73,0
1,227940.08,194.0,0.0,344770.64,529396.88,0
1,267312.76,10146.0,0.0,816527.84,1093125.2,0
1,1256.6,14837.0,13580.4,0.0,1256.6,0
1,292849.7,14065.0,0.0,194680.82,487530.52,0
0,17861.12,0.0,0.0,202306.57,220167.7,0
1,148494.36,37403.0,0.0,1916605.15,2071480.64,0
1,148664.46,0.0,0.0,2147533.75,2296198.21,0
1,191257.01,172187.0,0.0,270774.43,731039.72,0
1,65820.68,0.0,0.0,3482095.87,3547916.56,0
1,346897.59,362366.7,15469.11,1249064.84,1595962.43,0
1,24292.68,11354.0,0.0,0.0,24292.68,0
1,285031.65,150771.0,0.0,7925744.84,8210776.49,0
1,295304.98,30053.0,0.0,1107395.54,1402700.53,0
1,218237.57,22052.0,0.0,0.0,35472.82,0
1,76981.62,0.0,0.0,467802.15,544783.77,0
1,20031.91,0.0,0.0,578250.08,598281.99,0
1,190722.37,208700.0,17977.63,347087.39,537809.76,0
1,66886.0,0.0,0.0,4588104.51,7149676.66,0
1,259699.74,0.0,0.0,1957398.38,2217098.12,0
0,52315.76,0.0,0.0,1298662.5,1350978.26,0
1,371570.4,712.0,0.0,2572936.55,2944506.95,0
0,625545.84,42129.0,0.0,7645.97,633191.81,0
1,383287.49,18628.73,0.0,686099.79,1069387.28,0
1,21683.64,109226.0,87542.36,405262.05,426945.68,0
1,120689.25,0.0,0.0,3499596.46,3529614.93,0
1,65166.29,203710.0,138543.71,73543.97,138710.26,0
1,137211.24,0.0,0.0,260842.5,398053.74,0
1,156700.67,28717.0,0.0,19151.0,175851.67,0
1,196666.7,40557.63,0.0,320191.56,516858.26,0
0,392658.27,123492.0,0.0,0.0,392658.27,0
1,50137.02,11441.0,0.0,99259.84,149396.86,0
1,92471.22,0.0,0.0,1068163.0,1160634.22,0
0,739640.64,10441.0,0.0,1434940.77,2174581.4,0
1,312883.72,0.0,0.0,348149.07,661032.79,0
0,1185946.41,0.0,0.0,2474334.15,3660280.56,0
1,303707.98,0.0,0.0,1108292.43,1412000.41,0
1,112218.93,2160.0,0.0,26210.41,138429.35,0
1,231276.3,403987.0,172710.7,973272.51,1204548.8,0
0,395782.47,101169.0,0.0,144512.38,540294.85,0
1,14154.78,0.0,0.0,20968.0,35122.78,0
1,10001.37,0.0,0.0,1341479.03,1351480.4,0
0,371011.02,0.0,0.0,754749.25,1123477.61,0
1,256357.06,11621.0,0.0,0.0,256357.06,0
1,296774.37,0.0,0.0,1357148.83,1653923.2,0
1,124934.07,30128.0,0.0,1647457.43,1772391.5,0
1,46596.53,0.0,0.0,1398932.31,1445528.84,0
1,85508.4,0.0,0.0,1531334.71,1616843.11,0
1,286151.83,21501.0,0.0,6294.0,0.0,0
1,85044.01,0.0,0.0,160226.3,245270.31,0
1,241589.19,11038.0,0.0,0.0,241589.19,0
1,123357.82,9379.0,0.0,204545.57,327903.4,0
1,67479.1,5763.0,0.0,0.0,67479.1,0
1,152729.2,10877.0,0.0,0.0,152729.2,0
1,63086.18,0.0,0.0,471341.93,534428.12,0
1,871.46,0.0,0.0,2590102.05,2590973.51,0
1,173029.79,514411.0,341381.21,0.0,173029.79,0
1,244659.9,20385.0,0.0,286961.33,531621.23,0
1,87654.25,334741.62,247087.37,924511.2,1012165.45,0
1,290977.4,0.0,0.0,1223067.8,1617743.35,0
1,495406.08,424394.0,0.0,3915127.33,4742660.29,0
1,186929.79,107949.0,0.0,0.0,186929.79,0
0,50858.65,0.0,0.0,725469.57,776328.22,0
0,729956.63,0.0,0.0,854148.47,1760664.16,0
1,131533.54,0.0,0.0,258940.82,390474.36,0
1,396452.69,0.0,0.0,3557393.68,3953846.36,0
1,166348.15,148918.0,0.0,396723.4,563071.55,0
1,105871.95,0.0,0.0,734779.93,840651.88,0
1,340421.12,10950.0,0.0,0.0,209519.95,0
1,42564.71,0.0,0.0,228341.41,270906.12,0
1,81348.02,0.0,0.0,845826.07,927174.09,0
1,233669.69,0.0,0.0,1462537.65,1696207.34,0
1,135592.39,149531.88,13939.49,3820882.96,3956475.35,0
0,637934.74,0.0,0.0,1496945.2,2134879.94,0
0,102024.86,424486.0,322461.14,763015.1,865039.97,0
1,34925.46,11339.0,0.0,166585.55,201511.01,0
1,369640.05,0.0,0.0,619076.94,988717.0,0
1,337319.09,207.0,0.0,0.0,337319.09,0
1,177193.71,0.0,0.0,572930.0,645575.12,0
0,584221.36,172306.0,0.0,0.0,584221.36,0
0,6467985.48,40234.0,0.0,1776033.61,8244019.1,0
1,75287.07,0.0,0.0,168193.67,243480.74,0
1,62925.06,3822.0,0.0,0.0,62925.06,0
1,134798.12,0.0,0.0,3326217.19,3461015.31,0
1,323227.72,950.0,0.0,0.0,323227.72,0
1,156511.32,0.0,0.0,14643916.31,14800427.63,0
1,166068.22,0.0,0.0,192785.09,358853.31,0
0,156990.48,0.0,0.0,1387965.04,1666336.19,0
1,82362.29,0.0,0.0,496365.88,656378.5,0
1,57644.55,286131.0,228486.45,1711.01,59355.56,0
1,157815.14,205793.0,47977.86,339493.92,497309.06,0
0,1310314.26,0.0,0.0,1982760.35,3293074.61,0
1,126069.36,23902.0,0.0,3763.69,129833.05,0
1,360091.72,0.0,0.0,434188.12,794279.84,0
1,199233.38,0.0,0.0,15513552.97,15712786.36,0
1,83617.86,202277.0,118659.14,0.0,83617.86,0
1,75620.14,126397.0,50776.86,132808.98,208429.12,0
0,485470.03,7048.0,0.0,87370.41,572840.44,0
1,112457.47,31352.0,0.0,0.0,112457.47,0
1,38814.14,121.0,0.0,2543086.99,2483415.09,0
1,463785.25,10838.0,0.0,0.0,463281.68,0
1,9233.6,0.0,0.0,399536.37,671069.79,0
1,238392.03,100245.0,0.0,2306230.16,2544622.19,0
1,209509.21,11647.0,0.0,303367.15,512876.36,0
1,220573.24,94925.83,0.0,718155.24,938728.48,0
1,43480.92,0.0,0.0,103736.07,147217.0,0
1,92978.13,822.0,0.0,222574.33,315552.47,0
1,259889.22,227.0,0.0,46359.16,306248.37,0
1,177102.94,0.0,0.0,339822.33,516925.28,0
1,493184.68,144658.0,0.0,728097.97,1221282.65,0
1,89690.42,0.0,0.0,333114.49,422804.91,0
1,351687.47,357276.0,5588.53,24875.0,289332.34,0
1,22784.47,51680.0,28895.53,0.0,22784.47,0
1,173740.97,0.0,0.0,555971.21,748837.39,0
1,136302.19,701.0,0.0,894480.8,1030782.99,0
1,87402.02,17345.0,0.0,1206468.06,1293870.08,0
1,95939.77,0.0,0.0,111156.69,207096.46,0
1,505774.91,12535.0,0.0,235967.67,741742.57,0
1,304158.64,497914.0,193755.36,0.0,304158.64,0
1,304246.1,0.0,0.0,507783.38,1327111.22,0
0,510935.36,50903.0,0.0,43157.32,554092.68,0
1,528413.31,35.0,0.0,117496.6,359743.96,0
0,391979.98,0.0,0.0,405687.86,797667.85,0
1,87882.68,0.0,0.0,1449087.5,1536970.18,0
0,298028.53,0.0,0.0,572246.31,870274.83,0
1,331246.94,0.0,0.0,1505541.84,1836788.79,0
1,139599.95,117106.0,0.0,0.0,139599.95,0
0,75388.14,24471.0,0.0,0.0,75388.14,0
1,38948.59,67253.0,28304.41,0.0,38948.59,0
1,222206.75,0.0,0.0,504860.6,727067.36,0
1,61465.78,14667.0,0.0,434110.56,1016132.65,0
1,28679.21,0.0,0.0,128003.03,156682.24,0
1,1911.55,0.0,0.0,3217818.32,3219729.86,0
1,237213.63,0.0,0.0,436967.13,674180.77,0
0,2728270.06,20532.0,0.0,0.0,2728270.06,0
1,359641.03,0.0,0.0,1364836.13,1724477.16,0
0,245625.33,0.0,0.0,357548.38,603173.7,0
1,411273.94,0.0,0.0,1022303.76,1433577.69,0
0,348493.31,15047.07,0.0,948259.46,1296752.76,0
0,467933.19,0.0,0.0,857050.8,1324983.99,0
1,167360.86,72282.0,0.0,296836.03,464196.88,0
0,117869.41,0.0,0.0,2306422.64,2424292.04,0
1,66382.9,0.0,0.0,396944.44,463327.34,0
1,203617.92,89759.0,0.0,0.0,203617.92,0
0,83355.5,197359.54,114004.05,164647.03,248002.53,0
1,383408.08,0.0,0.0,425517.92,808926.0,0
1,254715.78,30178.0,0.0,441686.4,696402.18,0
1,102931.77,0.0,0.0,126896.96,229828.73,0
1,160094.73,10849.0,0.0,1658699.43,1818794.16,0
1,332849.79,19839.0,0.0,7588.78,340438.57,0
1,40707.26,4983.0,0.0,7234620.82,7838427.72,0
0,516909.2,0.0,0.0,949323.52,1466232.72,0
1,687017.26,450.0,0.0,698426.15,1385443.41,0
1,154854.73,0.0,0.0,2266106.88,2420961.61,0
1,114325.28,0.0,0.0,2776359.29,2890684.57,0
1,38290.1,0.0,0.0,340450.05,378740.15,0
1,187838.31,45317.32,0.0,236879.72,424718.03,0
0,180906.26,0.0,0.0,1004493.72,1185399.99,0
1,36086.31,50286.0,14199.69,61002.48,97088.79,0
1,120353.98,97497.0,0.0,15479.4,135833.39,0
1,109867.77,20724.0,0.0,246068.78,355936.55,0
1,29515.79,0.0,0.0,419333.29,448849.08,0
0,642817.06,0.0,0.0,1076138.62,1718955.68,0
1,132126.3,0.0,0.0,330963.68,463089.98,0
1,169575.17,0.0,0.0,233650.13,403225.3,0
1,37667.8,59434.0,21766.2,981230.9,1221120.0,0
1,131298.17,206614.0,75315.83,0.0,131298.17,0
1,86448.47,79393.0,0.0,0.0,86448.47,0
0,444054.34,0.0,0.0,2046969.39,2491023.73,0
1,146294.61,487.0,0.0,0.0,146294.61,0
1,400936.99,29385.0,0.0,111136.34,512073.33,0
1,248938.52,30019.0,0.0,115713.5,364652.03,0
0,4685599.69,54556.0,0.0,0.0,4685599.69,0
1,52360.22,0.0,0.0,2046683.22,2099043.44,0
1,108587.15,0.0,0.0,10210956.95,11175977.09,0
1,58549.47,1097.0,0.0,426321.53,484871.0,0
1,295497.45,46065.0,0.0,1327789.7,1623287.14,0
1,170876.39,0.0,0.0,1371524.66,1542401.04,0
1,170303.39,49583.0,0.0,0.0,170303.39,0
1,155048.41,2191.0,0.0,0.0,155048.41,0
1,453997.12,2172.0,0.0,0.0,453997.12,0
0,1630535.55,10509.0,0.0,92927.4,1723462.95,0
1,473294.67,52286.0,0.0,0.0,473294.67,0
1,70171.49,297215.0,227043.51,1141140.99,998670.89,0
0,860104.23,0.0,0.0,3284628.34,4144732.57,0
1,703350.06,0.0,0.0,3493281.52,4196631.58,0
1,33888.05,0.0,0.0,1327247.83,1361135.88,0
1,158653.98,10915.0,0.0,53031.0,211684.98,0
1,195872.21,0.0,0.0,760187.63,956059.83,0
1,32523.6,14695.0,0.0,10566.37,43089.97,0
1,476655.3,0.0,0.0,2452528.53,2929183.83,0
1,41226.25,36119.0,0.0,1193692.38,1234918.63,0
1,117037.33,0.0,0.0,9764420.82,9881458.15,0
1,3372.95,68679.0,65306.05,0.0,3372.95,0
1,345880.5,18537.0,0.0,172898.41,518778.91,0
1,74863.01,0.0,0.0,5828713.47,5903576.48,0
1,127812.41,15884.0,0.0,6844130.94,7231072.87,0
1,242004.33,0.0,0.0,5239845.28,5241531.61,0
1,337580.74,0.0,0.0,373825.21,711405.95,0
1,15745.77,0.0,0.0,1642155.98,1657901.75,0
1,71369.01,241284.42,169915.41,253866.67,325235.68,0
1,38557.0,0.0,0.0,41590.27,80147.27,0
0,534585.59,0.0,0.0,1429615.03,1964200.62,0
1,168908.36,532515.0,363606.64,0.0,168908.36,0
1,194102.15,0.0,0.0,519583.8,713685.95,0
1,183234.8,41522.0,0.0,0.0,183234.8,0
1,109286.77,0.0,0.0,551567.17,660853.94,0
0,1109134.21,2294.0,0.0,554300.02,1663434.23,0
1,92004.42,0.0,0.0,119176.04,211180.46,0
1,215643.23,0.0,0.0,499558.29,715201.52,0
1,198652.15,70004.0,0.0,582019.6,780671.74,0
1,354752.0,67780.0,0.0,2667244.61,3021996.61,0
0,860269.73,2952.0,0.0,0.0,860269.73,0
0,410328.23,19941.0,0.0,718159.81,1128488.04,0
1,113870.36,0.0,0.0,203930.94,317801.3,0
1,115161.78,27638.0,0.0,179879.36,295041.14,0
1,222731.63,20779.0,0.0,0.0,222731.63,0
1,69661.76,21649.0,0.0,0.0,69661.76,0
1,179917.45,0.0,0.0,180608.33,360525.78,0
1,170554.76,0.0,0.0,496031.86,666586.62,0
1,94960.09,0.0,0.0,1852378.85,1947338.94,0
1,322238.88,238704.8,0.0,10270246.07,10592484.94,0
1,291569.91,86220.36,0.0,2505835.58,2797405.49,0
0,146178.66,11299.0,0.0,32442.69,178621.35,0
1,185628.76,50950.0,0.0,134090.5,319719.26,0
1,259674.04,0.0,0.0,1825216.91,2084890.95,0
0,218116.2,0.0,0.0,5569389.4,5787505.59,0
1,36376.77,56322.0,19945.23,277063.01,313439.78,0
1,82829.53,297741.0,214911.47,0.0,82829.53,0
1,242616.64,257068.33,14451.69,702275.9,944892.53,0
1,134936.46,0.0,0.0,5792748.24,5927684.71,0
1,102876.76,30497.0,0.0,170692.46,463581.36,0
1,295539.81,0.0,0.0,2381355.63,2676895.43,0
1,165276.94,1140.0,0.0,0.0,165276.94,0
1,98879.09,0.0,0.0,4355184.09,4454063.18,0
1,107621.62,0.0,0.0,7128777.29,7236398.91,0
1,91083.36,0.0,0.0,136096.79,227180.15,0
1,25536.51,0.0,0.0,391571.25,417107.76,0
0,697093.05,0.0,0.0,5811313.74,6508406.79,0
1,44888.95,391.0,0.0,266678.36,311567.31,0
0,186954.56,0.0,0.0,1689191.83,2615137.77,0
1,154631.97,10690.0,0.0,0.0,154631.97,0
1,329412.58,670.0,0.0,764042.68,1093455.26,0
1,593.43,0.0,0.0,34193.1,34786.53,0
1,76486.06,0.0,0.0,276984.91,353470.97,0
1,73897.6,221171.11,147273.51,92055.61,165953.21,0
1,74558.09,0.0,0.0,821079.34,895637.43,0
1,96617.14,10426.0,0.0,590540.05,687157.19,0
1,73894.23,0.0,0.0,235448.08,309342.31,0
1,372029.77,742.0,0.0,253310.31,598035.38,0
1,246448.43,0.0,0.0,359458.71,808625.26,0
1,250983.33,30279.0,0.0,0.0,250983.33,0
1,107514.55,10805.0,0.0,0.0,107514.55,0
0,352791.69,167.0,0.0,465142.58,817934.27,0
1,14367.58,1192.0,0.0,103722.74,118090.32,0
0,635674.49,10322.05,0.0,1563345.78,2199020.26,0
0,922156.34,0.0,0.0,3104553.93,4026710.26,0
1,162032.9,0.0,0.0,3220490.15,3382523.05,0
1,226866.03,2754.0,0.0,677284.9,904150.93,0
1,179494.94,0.0,0.0,342163.26,521658.19,0
1,13259.75,10285.0,0.0,847326.67,860586.41,0
0,908208.78,11119.95,0.0,6658657.06,7756572.07,0
0,1082986.36,147942.0,0.0,0.0,1082986.36,0
0,87552.95,0.0,0.0,1708470.12,3071176.4,0
0,306813.19,0.0,0.0,9716887.52,10023700.71,0
1,200024.08,0.0,0.0,355132.41,555156.49,0
1,65353.77,0.0,0.0,1499213.97,1564567.73,0
0,471513.54,0.0,0.0,1351226.23,1822739.77,0
1,549814.29,18941.0,0.0,208250.65,758064.94,0
1,195836.61,25138.0,0.0,0.0,195836.61,0
0,561775.9,62368.0,0.0,42581.22,604357.13,0
1,19120.94,10819.0,0.0,899199.54,918320.48,0
1,216773.77,41210.0,0.0,8303754.82,8520528.59,0
1,19227.16,0.0,0.0,199128.22,218355.38,0
1,132393.43,0.0,0.0,212019.78,344413.21,0
1,472921.44,68.0,0.0,0.0,472921.44,0
1,107405.99,0.0,0.0,1588151.58,1695557.57,0
0,652760.59,49888.0,0.0,9892414.08,10545174.67,0
0,608804.68,20401.0,0.0,210831.65,819636.33,0
1,146090.84,0.0,0.0,1746584.03,1892674.87,0
1,55075.01,11098.0,0.0,161157.67,216232.68,0
1,220487.98,0.0,0.0,2140845.03,2361333.01,0
1,18359.58,0.0,0.0,4802108.39,4820467.97,0
1,181098.02,102.0,0.0,324168.45,505266.47,0
1,78300.99,0.0,0.0,3103348.93,3181649.92,0
1,163810.52,0.0,0.0,357850.15,521660.67,0
0,196559.39,0.0,0.0,3302136.33,3498695.72,0
0,1739379.25,1264.0,0.0,214030.23,1953409.47,0
1,21913.36,0.0,0.0,138349.43,160262.79,0
1,238139.22,0.0,0.0,5400555.29,5638694.51,0
1,56389.39,18629.0,0.0,1666309.55,1722698.94,0
1,118103.11,0.0,0.0,14063866.08,14181969.19,0
0,266893.61,0.0,0.0,731361.86,998255.48,0
1,252899.37,119198.0,0.0,1488857.99,1741757.36,0
1,62827.71,33845.0,0.0,3083.36,65911.07,0
0,251271.32,0.0,0.0,1050864.77,1302136.09,0
1,150988.47,0.0,0.0,175013.0,326001.47,0
1,240107.06,21486.0,0.0,123706.78,363813.83,0
1,88137.23,2326.0,0.0,910964.43,999101.66,0
1,277684.64,0.0,0.0,3939580.07,4217264.71,0
1,114391.23,70230.0,0.0,55224.41,169615.64,0
1,26681.46,0.0,0.0,197816.12,224497.58,0
1,287637.65,31750.89,0.0,456169.63,743807.28,0
1,313408.6,0.0,0.0,684395.92,997804.52,0
1,16600.05,0.0,0.0,302860.21,319460.27,0
1,59534.94,0.0,0.0,1516023.86,1763435.57,0
1,305744.35,32408.0,0.0,0.0,305744.35,0
1,139837.32,361104.0,221266.68,3563271.26,3703108.58,0
1,132334.01,5585.0,0.0,0.0,132334.01,0
1,212302.24,12410.76,0.0,1618855.63,1831157.87,0
1,106754.62,0.0,0.0,3315715.03,3422469.65,0
1,59872.42,0.0,0.0,344780.78,404653.21,0
1,38841.46,0.0,0.0,539055.2,577896.66,0
1,170747.94,19953.0,0.0,154349.64,325097.58,0
0,146926.6,0.0,0.0,2002624.74,2149551.34,0
1,127559.09,103176.02,0.0,1828781.34,1956340.42,0
1,278327.27,0.0,0.0,1089169.29,1367496.56,0
1,90910.76,219125.6,128214.84,0.0,476102.94,0
1,370071.93,70035.38,0.0,873623.43,1243695.37,0
1,496153.55,14868.0,0.0,3160452.19,3656605.75,0
0,866754.8,0.0,0.0,4269400.56,4608098.48,0
1,408597.61,0.0,0.0,871703.96,1280301.57,0
1,223805.98,27984.0,0.0,0.0,223805.98,0
0,102397.77,20222.67,0.0,716773.29,819171.06,0
1,141592.92,0.0,0.0,708832.6,850425.52,0
1,226803.06,11315.0,0.0,0.0,226803.06,0
1,141399.65,10423.0,0.0,116744.3,258143.95,0
1,48154.59,20085.0,0.0,0.0,48154.59,0
1,126676.28,0.0,0.0,812163.46,938839.74,0
1,6217.8,0.0,0.0,48733.23,54951.04,0
1,3973.66,194742.0,190768.34,1431946.39,1435920.05,0
1,526496.53,5385.0,0.0,0.0,526496.53,0
1,121438.44,0.0,0.0,137974.5,259412.95,0
1,402683.02,14408.0,0.0,483001.68,885684.7,0
1,245983.77,256708.0,10724.23,955962.05,1201945.82,0
1,184135.64,0.0,0.0,1314436.67,1245249.47,0
1,56006.27,0.0,0.0,376447.97,432454.24,0
1,520654.84,23020.0,0.0,382224.22,902879.05,0
1,387559.81,0.0,0.0,3540044.16,3927603.98,0
0,762470.25,0.0,0.0,6484883.38,10007761.88,0
1,151684.3,10301.0,0.0,325213.43,476897.72,0
1,297170.84,722.0,0.0,134175.09,431345.93,0
0,456893.92,164266.0,0.0,0.0,456893.92,0
1,368217.92,0.0,0.0,378303.66,746521.58,0
1,150260.8,0.0,0.0,1820870.18,2182629.66,0
1,268754.67,20908.0,0.0,0.0,268754.67,0
1,434521.64,269696.0,0.0,64543.95,499065.59,0
1,76389.57,1569.0,0.0,0.0,76389.57,0
0,1735117.79,693.0,0.0,310956.09,2046073.88,0
1,122385.43,13682.0,0.0,3205124.65,3249973.95,0
1,172204.08,30281.0,0.0,0.0,172204.08,0
1,28503.14,0.0,0.0,264305.69,292808.83,0
1,387236.29,0.0,0.0,1795715.54,2182951.84,0
1,267505.99,72776.0,0.0,0.0,267505.99,0
0,72976.58,0.0,0.0,232859.16,305835.74,0
1,132805.41,118721.0,0.0,1898585.83,2031391.23,0
1,246798.76,494288.05,247489.29,1885494.29,2132293.05,0
1,37957.3,0.0,0.0,5038399.28,5076356.58,0
1,337275.46,0.0,0.0,463672.27,800947.73,0
1,125804.95,0.0,0.0,436602.86,562407.81,0
1,125717.04,0.0,0.0,191054.5,316771.55,0
0,498718.78,140.0,0.0,96830.87,595549.65,0
1,83362.25,17195.0,0.0,843556.39,926918.63,0
1,161685.76,146245.0,0.0,1729835.4,1891521.16,0
1,124572.55,69085.0,0.0,101396.22,225968.77,0
1,47769.71,104.0,0.0,0.0,47769.71,0
0,2497484.4,120021.0,0.0,308015.6,2805500.01,0
1,205867.92,0.0,0.0,1096874.58,1302742.5,0
1,151820.2,0.0,0.0,1247355.51,1399175.72,0
1,29965.53,0.0,0.0,300101.4,330066.93,0
1,77920.94,58.0,0.0,175648.82,253569.75,0
1,62409.32,0.0,0.0,161599.07,224008.39,0
1,233110.72,0.0,0.0,1900106.45,2133217.17,0
1,89548.27,0.0,0.0,98849.05,188397.32,0
1,49236.23,0.0,0.0,238232.03,287468.26,0
1,17975.06,21240.0,3264.94,287729.06,305704.12,0
1,200288.4,0.0,0.0,465331.12,883515.53,0
1,86928.0,0.0,0.0,100921.55,187849.54,0
1,16840.47,143.0,0.0,409809.6,426650.06,0
1,231878.29,0.0,0.0,237036.87,468915.16,0
1,130687.78,829.0,0.0,1328.0,0.0,0
1,80871.67,0.0,0.0,367864.48,448736.15,0
0,456072.82,0.0,0.0,863366.32,1319439.14,0
1,171927.79,0.0,0.0,886277.11,1374417.78,0
1,144565.33,0.0,0.0,3953508.29,4098073.62,0
1,68493.32,44731.61,0.0,221964.12,161687.21,0
1,167809.65,168.0,0.0,141438.71,309248.36,0
1,57007.6,0.0,0.0,802794.19,859801.79,0
0,121656.15,215314.0,93657.85,23337.4,144993.55,0
1,79158.51,27828.0,0.0,0.0,79158.51,0
0,640449.79,0.0,0.0,931687.45,1572137.24,0
1,284195.92,0.0,0.0,1111646.11,1395842.04,0
1,256053.48,0.0,0.0,267742.6,523796.08,0
1,237000.58,18901.89,0.0,4981303.84,5218304.43,0
1,54553.5,0.0,0.0,6745668.9,6800222.4,0
1,150760.77,259354.84,108594.07,161383.58,312144.35,0
1,10420.91,0.0,0.0,2947455.59,2957876.5,0
1,160815.31,11328.0,0.0,0.0,160815.31,0
1,81041.91,0.0,0.0,431970.19,513012.1,0
1,307978.26,20201.0,0.0,674491.95,982470.21,0
0,436465.32,0.0,0.0,5720850.29,6157315.6,0
1,358260.4,2638.0,0.0,157451.92,515712.33,0
1,35686.12,0.0,0.0,293663.85,329349.97,0
0,25216.29,0.0,0.0,10706271.97,10731488.26,0
0,23381.53,12685.0,0.0,85364.07,108745.6,0
1,161023.2,0.0,0.0,349360.39,510383.59,0
1,44067.43,0.0,0.0,373851.01,417918.44,0
1,11447.81,1436.0,0.0,242945.06,207615.87,0
0,467313.79,0.0,0.0,1552289.18,2019602.97,0
1,153866.06,257.0,0.0,0.0,153866.06,0
1,141958.05,103330.93,0.0,2596919.62,2738877.67,0
1,262379.58,20746.0,0.0,0.0,262379.58,0
1,199547.91,283780.17,84232.26,298140.57,497688.48,0
1,131626.45,831.0,0.0,70033.89,201660.34,0
0,414542.44,0.0,0.0,1882318.51,2296860.95,0
1,26495.08,0.0,0.0,203588.0,0.0,0
1,230436.42,21566.0,0.0,0.0,230436.42,0
1,173415.29,812832.0,639416.71,305982.23,479397.52,0
1,133172.82,235232.0,102059.18,77178.13,210350.95,0
1,50694.44,0.0,0.0,236699.78,287394.22,0
1,318066.89,10771.0,0.0,1034308.38,1352375.27,0
0,268082.72,22819.0,0.0,42744.97,310827.69,0
0,28867.31,0.0,0.0,369014.42,397881.73,0
1,12262.93,134743.0,122480.07,4091.34,16354.27,0
1,64296.44,48569.06,0.0,781668.45,845964.89,0
1,256474.55,0.0,0.0,2654918.31,2911392.86,0
1,351243.73,0.0,0.0,392939.71,744183.43,0
1,143922.28,0.0,0.0,779066.6,922988.89,0
0,220810.6,0.0,0.0,331498.7,373903.24,0
1,131486.44,20263.0,0.0,0.0,131486.44,0
0,32008.86,41574.0,9565.14,3598079.41,3873122.62,0
1,135556.89,19886.0,0.0,1195366.53,1330923.42,0
1,134417.09,0.0,0.0,2472558.64,2606975.73,0
1,118039.8,30031.0,0.0,0.0,118039.8,0
1,321760.46,51184.0,0.0,1306798.72,1628559.17,0
1,216767.66,0.0,0.0,402042.35,618810.01,0
1,786452.04,0.0,0.0,3335347.32,4121799.36,0
0,98747.22,0.0,0.0,700224.34,798971.56,0
1,230089.89,0.0,0.0,840652.64,1155934.13,0
1,155285.71,0.0,0.0,1646339.07,1801624.79,0
1,94676.55,0.0,0.0,2378808.53,2473485.08,0
1,333633.78,52380.0,0.0,29792.92,363426.7,0
1,62368.85,39915.0,0.0,0.0,62368.85,0
1,377747.89,25020.0,0.0,15707.31,393455.2,0
0,714209.22,0.0,0.0,955733.61,1669942.83,0
1,312544.17,0.0,0.0,6889626.13,7202170.31,0
1,402561.26,21333.0,0.0,92868.72,718775.75,0
1,156185.84,21446.0,0.0,0.0,156185.84,0
0,1236028.82,0.0,0.0,1836344.93,3072373.75,0
1,161967.53,0.0,0.0,500570.2,662537.72,0
0,438980.67,21726.0,0.0,110598.79,549579.47,0
1,279410.63,426443.0,147032.37,1519850.5,1799261.13,0
1,105949.89,225289.0,119339.11,2071885.85,2177835.74,0
1,292255.39,4555.0,0.0,857450.57,1149705.96,0
1,227629.59,62992.0,0.0,536330.5,763960.09,0
0,277826.94,0.0,0.0,1782272.18,2060099.12,0
1,205963.9,141.0,0.0,224489.5,430453.4,0
1,393304.2,156489.0,0.0,937194.38,1330498.58,0
0,822744.01,99237.0,0.0,80439.16,903183.17,0
1,357458.52,9064.0,0.0,0.0,357458.52,0
1,155809.0,32315.08,0.0,558035.79,713844.78,0
1,304184.43,12210.0,0.0,0.0,304184.43,0
1,203939.17,137484.0,0.0,225184.95,429124.11,0
1,162202.12,0.0,0.0,737025.03,899227.16,0
0,1182480.1,0.0,0.0,1386527.19,4375323.22,0
1,119405.19,0.0,0.0,735678.92,855084.11,0
1,60539.64,0.0,0.0,821147.35,881686.99,0
1,211628.44,0.0,0.0,643904.81,966289.07,0
0,527641.15,0.0,0.0,2066947.13,2594588.28,0
1,99188.4,186931.6,87743.21,4543890.08,4643078.47,0
0,1284328.94,0.0,0.0,17998506.46,19282835.4,0
1,48561.17,255.0,0.0,1861635.79,1910196.96,0
1,102461.58,51944.0,0.0,4450470.33,4552931.91,0
0,922897.04,0.0,0.0,1312426.06,2235323.1,0
1,92471.88,9430.14,0.0,847972.85,940444.73,0
1,141280.25,81413.41,0.0,267399.24,408679.49,0
1,80201.72,11606.0,0.0,0.0,80201.72,0
1,57090.12,25027.0,0.0,0.0,57090.12,0
1,46235.0,0.0,0.0,81264.54,127499.54,0
1,121141.0,0.0,0.0,2267103.92,2388244.92,0
1,46373.24,301245.0,254871.76,15738525.95,15784899.19,0
0,888956.61,29704.0,0.0,392785.05,1281741.67,0
1,133562.18,46570.0,0.0,241031.82,374594.0,0
1,134405.53,0.0,0.0,358828.13,493233.66,0
0,161268.02,30705.0,0.0,85255.73,246523.75,0
0,68439.15,463.0,0.0,660183.49,728622.64,0
1,300112.16,0.0,0.0,2637703.27,3205226.88,0
1,228646.79,148686.0,0.0,3009236.46,3237883.24,0
0,124446.87,11310.0,0.0,395947.98,520394.85,0
1,339087.35,0.0,0.0,550274.06,889361.41,0
1,3967.15,8406.0,4438.85,178381.26,182348.4,0
1,46825.68,0.0,0.0,57775.13,104600.81,0
1,269557.73,401363.0,131805.27,36747.43,306305.16,0
1,174189.35,22938.0,0.0,745372.0,526684.23,0
1,49422.52,0.0,0.0,53237.43,102659.95,0
0,641905.71,407202.0,0.0,58468.19,700373.91,0
0,525554.6,0.0,0.0,1592502.13,2118056.73,0
1,57740.68,21593.0,0.0,239130.4,296871.08,0
1,51068.63,0.0,0.0,111679.37,162747.99,0
0,1027344.16,0.0,0.0,3258093.28,4285437.44,0
1,65383.02,30286.0,0.0,1101665.2,1167048.23,0
1,172409.97,0.0,0.0,240936.74,413346.71,0
1,146244.36,549.0,0.0,3309832.79,3456077.15,0
1,45343.09,0.0,0.0,2841338.74,2886681.84,0
1,317999.88,458.0,0.0,0.0,317999.88,0
1,158547.83,0.0,0.0,2113571.53,2272119.36,0
1,23097.08,541.0,0.0,0.0,23097.08,0
1,215662.57,80272.0,0.0,0.0,215662.57,0
1,215935.92,217939.0,2003.08,0.0,215935.92,0
1,350326.59,104950.0,0.0,0.0,144492.94,0
1,454217.18,31991.0,0.0,3225.07,719848.32,0
1,64943.49,20055.0,0.0,106330.34,171273.83,0
0,1300758.57,0.0,0.0,1999422.14,3300180.72,0
1,45243.52,21594.0,0.0,1488289.96,1533533.48,0
1,10992.33,0.0,0.0,41464.81,52457.14,0
0,688038.3,42738.0,0.0,262415.04,950453.33,0
1,57842.06,96625.0,38782.94,110618.64,168460.7,0
1,44845.44,988.0,0.0,7681597.5,7726442.94,0
1,100316.08,0.0,0.0,4538623.26,4638939.34,0
1,66694.86,163655.0,96960.14,3774618.69,3932174.47,0
1,341532.18,7033.0,0.0,427521.62,835828.23,0
1,63388.96,11072.0,0.0,0.0,63388.96,0
1,12720.97,0.0,0.0,178011.89,190732.86,0
1,324837.66,189823.93,0.0,845245.35,1170083.01,0
0,562422.8,440291.81,0.0,813328.18,1375750.97,0
1,140653.73,342003.23,201349.5,10825649.61,10966303.34,0
1,62554.1,0.0,0.0,2699803.73,2762357.83,0
1,412816.56,0.0,0.0,670326.19,1083142.75,0
1,62908.8,0.0,0.0,109714.52,172623.32,0
1,342053.07,0.0,0.0,2213024.0,2555077.08,0
1,130448.97,41078.0,0.0,0.0,130448.97,0
1,168250.93,21077.0,0.0,167421.34,120022.01,0
0,450674.71,0.0,0.0,603325.3,1054000.01,0
0,27748.49,0.0,0.0,1791676.43,1819424.92,0
1,81039.63,52954.0,0.0,0.0,81039.63,0
0,716620.91,0.0,0.0,1371559.64,2088180.54,0
1,195058.74,21363.0,0.0,0.0,195058.74,0
0,824960.5,20255.0,0.0,328089.32,1153049.82,0
1,126035.18,0.0,0.0,2415992.56,2542027.74,0
0,656398.12,222046.68,0.0,5929669.77,6586067.9,0
1,92972.9,0.0,0.0,156760.46,249733.36,0
0,1116826.41,38018.0,0.0,2780.94,1119607.35,0
1,298702.3,11401.0,0.0,843506.19,1142208.49,0
1,8326.16,8009.0,0.0,180077.2,188403.36,0
0,808581.66,0.0,0.0,2285349.61,3093931.27,0
0,1486955.35,1486955.35,0.0,0.0,0.0,1
1,211239.78,0.0,0.0,607353.09,818592.86,0
1,49253.78,0.0,0.0,5101748.41,5151002.19,0
0,695420.95,0.0,0.0,1950286.81,2645707.76,0
1,214024.98,115564.36,0.0,614196.6,828221.58,0
1,160669.24,0.0,0.0,1241282.94,1401952.18,0
1,321047.95,49798.0,0.0,200772.82,521820.78,0
1,132114.54,0.0,0.0,232276.06,364390.6,0
1,202225.36,266.0,0.0,729373.53,931598.9,0
0,1102986.12,0.0,0.0,1223454.4,2326440.52,0
1,77110.98,0.0,0.0,334833.12,411944.1,0
1,287461.19,8141.0,0.0,2622414.21,2909875.4,0
1,94454.49,0.0,0.0,656030.88,1305491.03,0
1,164381.94,34719.0,0.0,7517714.89,7682096.84,0
1,366052.09,0.0,0.0,794125.91,1160178.0,0
1,597239.7,0.0,0.0,1201297.47,1802389.95,0
1,27471.17,71177.0,43705.83,958731.65,986202.82,0
1,4355.3,0.0,0.0,1942361.76,2073574.14,0
0,673264.6,52029.0,0.0,880274.65,1553539.25,0
1,175864.37,10862.0,0.0,60807.75,236672.12,0
0,806443.46,20186.0,0.0,4236187.65,5042631.11,0
0,269306.24,5409.14,0.0,403370.61,908941.64,0
1,32385.74,0.0,0.0,2932633.01,2965018.75,0
0,241225.94,0.0,0.0,1322578.55,1563804.49,0
1,227255.08,242.0,0.0,487752.49,927182.72,0
1,364465.53,143819.0,0.0,416033.68,780499.21,0
1,50395.86,0.0,0.0,87574.65,137970.52,0
1,257607.28,41458.0,0.0,478430.84,184000.48,0
1,198727.28,0.0,0.0,778518.85,977246.13,0
0,4810771.56,0.0,0.0,19445152.8,24255924.36,0
1,64940.66,5689.32,0.0,2409063.43,2474004.1,0
1,350408.21,13017.0,0.0,118265.81,468674.03,0
1,175043.91,13389.0,0.0,701710.1,876754.01,0
0,242109.74,0.0,0.0,1228598.6,1470708.33,0
0,205054.41,18563.0,0.0,23501.95,228556.36,0
1,9872.54,0.0,0.0,3149135.5,3159008.04,0
1,486104.6,0.0,0.0,628546.18,1114650.78,0
1,31741.49,20609.0,0.0,605388.15,637129.63,0
0,311678.44,24502.0,0.0,0.0,311678.44,0
1,509496.72,0.0,0.0,2880266.9,3389763.63,0
1,32151.79,2125.0,0.0,15975.36,48127.14,0
1,163942.85,99118.0,0.0,222347.21,513896.41,0
1,144055.48,10.0,0.0,60273.0,177098.2,0
1,340855.81,0.0,0.0,934972.85,1275828.66,0
0,137754.22,0.0,0.0,438460.41,576214.63,0
1,278598.76,36954.0,0.0,0.0,278598.76,0
1,591501.78,0.0,0.0,1610537.18,2202038.96,0
1,104112.27,0.0,0.0,569141.0,976847.74,0
1,81304.99,21150.0,0.0,24894.46,106199.45,0
0,2979114.36,0.0,0.0,15242086.3,18221200.66,0
1,153636.26,0.0,0.0,5317908.18,5471544.44,0
0,202575.99,198337.0,0.0,1624841.16,1827417.15,0
1,198792.39,0.0,0.0,605228.57,1031704.91,0
1,359086.7,0.0,0.0,419948.41,779035.11,0
1,82688.18,0.0,0.0,129412.66,212100.84,0
0,2291230.28,0.0,0.0,2732951.71,5024182.0,0
1,244931.53,39073.0,0.0,0.0,244931.53,0
1,329808.82,5689.6,0.0,1836863.8,2166672.61,0
0,1894383.27,0.0,0.0,6062697.04,7957080.32,0
1,198599.87,0.0,0.0,554089.18,752689.06,0
1,46613.96,50155.0,3541.04,186577.67,233191.63,0
0,2102490.35,9018.0,0.0,0.0,2102490.35,0
1,291263.84,0.0,0.0,705939.75,997203.58,0
1,19853.82,23689.0,3835.18,236636.84,256490.66,0
1,151079.86,0.0,0.0,1272485.3,1423565.16,0
0,3457832.82,20644.0,0.0,241796.9,3699629.72,0
0,1478708.0,16198.0,0.0,260537.66,1739245.66,0
0,1354642.11,0.0,0.0,1394465.06,3060592.01,0
1,424565.87,18.0,0.0,0.0,424565.87,0
1,277781.88,0.0,0.0,351898.46,629680.34,0
1,283728.86,120.0,0.0,0.0,283728.86,0
0,630556.11,20302.0,0.0,60945.15,691501.27,0
1,403183.71,0.0,0.0,4429975.92,4833159.63,0
1,102996.54,0.0,0.0,1169526.69,1552581.61,0
1,22246.85,71124.0,48877.15,1778238.52,1800485.37,0
1,49137.48,0.0,0.0,1224083.41,1273220.89,0
1,28286.0,0.0,0.0,2364192.96,2392478.96,0
1,82975.0,10730.0,0.0,0.0,82975.0,0
1,228418.25,48789.0,0.0,1825480.66,2053898.91,0
1,229516.28,0.0,0.0,1178928.95,1408445.23,0
1,129917.59,0.0,0.0,204251.08,334168.67,0
1,263822.81,15455.0,0.0,0.0,263822.81,0
1,12956.45,0.0,0.0,1002793.78,1015750.24,0
1,263205.19,0.0,0.0,292758.2,555963.39,0
0,806031.9,286092.55,0.0,3239129.99,4045161.89,0
1,186416.84,0.0,0.0,2591300.39,2777717.23,0
1,360343.37,72385.0,0.0,1314266.01,1674609.38,0
1,223996.3,0.0,0.0,1647936.14,1871932.44,0
0,236052.83,32616.0,0.0,987141.05,1223193.88,0
0,24958.97,0.0,0.0,145578.14,170537.11,0
1,383049.87,3003.0,0.0,0.0,383049.87,0
1,332962.18,0.0,0.0,8905712.5,9238674.69,0
1,42783.61,55175.0,12391.39,4794069.32,4836852.93,0
1,49484.63,1027.0,0.0,0.0,49484.63,0
1,481466.34,0.0,0.0,968450.87,1449917.21,0
1,432458.18,104895.0,0.0,162375.87,594834.06,0
1,264049.06,0.0,0.0,689131.92,953180.97,0
1,63176.02,0.0,0.0,539229.11,602405.13,0
1,147908.83,159198.0,11289.17,180832.29,328741.12,0
1,173642.46,0.0,0.0,972044.22,1145686.68,0
1,449740.19,0.0,0.0,1699412.5,2149152.68,0
1,78361.44,0.0,0.0,0.0,78361.44,0
1,104024.42,0.0,0.0,3910150.67,4014175.09,0
1,98798.96,84823.1,0.0,1182867.08,1281666.05,0
1,135765.83,0.0,0.0,3844390.96,3980156.79,0
1,261144.01,0.0,0.0,833587.6,1094731.61,0
1,242642.05,11049.0,0.0,551737.98,794380.03,0
0,370197.41,303557.0,0.0,0.0,370197.41,0
1,60104.95,110757.29,50652.34,10600611.88,10660716.83,0
0,368907.87,352.0,0.0,0.0,493340.13,0
0,95889.54,0.0,0.0,825242.53,921132.07,0
1,24845.93,413292.45,388446.53,239571.49,264417.42,0
0,133999.35,0.0,0.0,238433.83,372433.18,0
1,118122.97,388561.33,270438.36,546045.72,664168.69,0
1,226867.67,30779.0,0.0,1397688.71,1624556.38,0
0,522660.81,9949.0,0.0,1540405.54,2063066.36,0
1,537109.32,0.0,0.0,1074454.11,1611563.43,0
1,37683.29,20013.0,0.0,0.0,37683.29,0
0,2371388.62,15967.0,0.0,0.0,2371388.62,0
0,1606074.13,0.0,0.0,3180898.74,4786972.86,0
1,416677.44,0.0,0.0,11490314.8,11906992.23,0
1,100044.6,60083.89,0.0,1842008.14,1942052.75,0
1,175432.54,1177.0,0.0,68366.34,243798.88,0
1,213516.71,19480.0,0.0,249859.89,708518.27,0
1,64952.72,384045.27,319092.55,118696.5,183649.23,0
1,166337.2,35908.74,0.0,543280.01,709617.22,0
1,136004.04,1485.0,0.0,361834.93,497838.97,0
1,70945.48,0.0,0.0,1078247.75,1149193.24,0
1,107594.23,0.0,0.0,168987.84,684098.12,0
1,230400.68,0.0,0.0,1128664.66,1359065.34,0
1,312198.71,11494.0,0.0,0.0,312198.71,0
1,161286.34,0.0,0.0,1155388.28,1316674.62,0
0,326179.99,0.0,0.0,1078316.49,1404496.48,0
1,129891.37,0.0,0.0,438557.37,568448.74,0
1,169417.65,0.0,0.0,1463669.99,1633087.65,0
1,309825.6,90430.0,0.0,24677.87,334503.47,0
1,170248.43,116836.0,0.0,147681.88,317930.31,0
0,697920.05,0.0,0.0,7377985.75,8075905.8,0
0,26030.61,20667.0,0.0,0.0,26030.61,0
1,16843.35,7990.0,0.0,8346630.46,8363473.82,0
0,487667.47,0.0,0.0,791668.51,638571.12,0
1,253988.77,8736.0,0.0,1368985.21,1622973.98,0
1,173140.54,139.0,0.0,0.0,173140.54,0
1,54499.99,328.0,0.0,22426.01,76926.0,0
0,704619.33,0.0,0.0,2377828.89,3082448.22,0
1,56371.36,0.0,0.0,158121.97,214493.33,0
1,68058.14,0.0,0.0,112216.23,180274.38,0
0,2209905.12,156132.0,0.0,0.0,2257299.62,0
1,60127.05,11172.0,0.0,858917.48,919044.53,0
1,170973.21,172618.0,1644.79,143625.84,314599.05,0
1,206901.44,136927.41,0.0,1434419.64,1641321.08,0
1,136476.83,3879.4,0.0,5268031.25,5404508.08,0
1,142376.36,13790.0,0.0,264052.13,406428.49,0
1,115729.96,61520.0,0.0,3964969.63,3599068.56,0
1,111403.66,15177.0,0.0,422643.28,534046.94,0
1,92874.68,0.0,0.0,136303.85,229178.53,0
1,255225.3,0.0,0.0,1103959.23,1359184.53,0
1,108341.8,228820.0,120478.2,0.0,108341.8,0
1,212071.6,0.0,0.0,963245.86,1500704.07,0
1,160546.7,0.0,0.0,1367138.88,1527685.59,0
1,98694.07,0.0,0.0,4999454.69,5098148.76,0
1,475947.47,0.0,0.0,4020738.52,4496685.99,0
1,398108.32,60003.0,0.0,28072.92,426181.24,0
1,72176.52,90712.0,18535.48,1276.0,73452.52,0
1,51445.24,69051.0,17605.76,235073.97,286519.21,0
1,176482.09,0.0,0.0,824067.61,1000549.7,0
1,491223.86,0.0,0.0,3283889.85,3775113.71,0
1,86088.74,173256.9,87168.16,425879.84,511968.58,0
1,122812.43,0.0,0.0,125874.71,248687.15,0
0,521135.22,5925.0,0.0,0.0,521135.22,0
1,7675.93,1407.0,0.0,4010722.68,4018398.62,0
1,34374.01,416439.0,382064.99,69348.08,103722.09,0
1,170716.99,412221.36,241504.37,548590.19,719307.18,0
1,92972.91,114859.0,21886.09,0.0,92972.91,0
0,11232720.17,0.0,0.0,11482102.75,22714822.93,0
0,186222.87,723252.0,537029.13,0.0,186222.87,0
1,36958.16,217223.0,180264.84,3604094.04,3641052.2,0
1,314159.26,20545.0,0.0,0.0,314159.26,0
0,1908123.11,3818.75,0.0,2748193.92,4599913.28,0
1,423139.72,91186.0,0.0,0.0,423139.72,0
0,858558.44,0.0,0.0,15408257.13,16266815.57,0
1,242996.73,87657.95,0.0,396359.15,639355.87,0
1,6183238.55,6183238.55,0.0,1289583.48,7472822.03,1
1,196453.37,0.0,0.0,1031444.27,1227897.64,0
1,427925.47,0.0,0.0,5954274.7,6382200.18,0
1,48553.7,5055.0,0.0,1171768.5,1220322.19,0
1,111185.33,50944.0,0.0,0.0,111185.33,0
1,65169.41,0.0,0.0,128123.36,193292.77,0
1,98006.27,0.0,0.0,7684585.47,7782591.73,0
0,101143.04,70145.0,0.0,49588.17,0.0,0
0,450659.31,0.0,0.0,1306307.0,2076282.98,0
1,177348.11,0.0,0.0,10598091.29,10775439.4,0
1,334284.61,33.0,0.0,110358.66,444643.27,0
1,445435.86,0.0,0.0,4997250.97,6490673.7,0
1,30409.77,0.0,0.0,95935.28,126345.05,0
1,28176.05,20738.0,0.0,252086.19,280262.24,0
1,172033.19,0.0,0.0,422739.16,594772.35,0
1,356937.37,8489.37,0.0,480958.66,837896.03,0
1,39917.12,121710.0,81792.88,5543164.53,5583081.65,0
1,170499.75,52697.26,0.0,1369087.0,1539586.75,0
1,160864.84,10239.0,0.0,0.0,160864.84,0
1,218370.68,0.0,0.0,542756.62,1684151.5,0
1,91600.5,27480.0,0.0,185520.03,277120.53,0
1,402236.46,28871.0,0.0,67007.79,469244.25,0
1,278775.57,0.0,0.0,665316.72,944092.3,0
1,234506.52,82313.0,0.0,0.0,234506.52,0
1,17393.44,19385.39,1991.95,38431.49,55824.93,0
1,151475.08,0.0,0.0,252181.09,403656.17,0
1,147999.22,171.0,0.0,2743303.69,2891302.91,0
1,227240.49,0.0,0.0,291449.35,518689.84,0
1,44476.57,67052.0,22575.43,140794.16,185270.73,0
0,1688737.69,0.0,0.0,13388834.86,15077572.56,0
1,351306.5,878.0,0.0,637332.94,988639.44,0
1,179152.57,10013.0,0.0,79240.48,491787.34,0
1,404277.2,104859.0,0.0,286940.38,691217.59,0
1,77656.96,0.0,0.0,127351.52,205008.48,0
1,223221.02,0.0,0.0,658683.04,881904.06,0
1,34431.49,195796.26,161364.77,503941.27,538372.76,0
1,91671.38,30294.0,0.0,1985689.4,2077360.79,0
1,60994.12,49.0,0.0,0.0,60994.12,0
1,21281.29,103597.0,82315.71,503392.64,524673.93,0
1,228801.97,0.0,0.0,320579.44,549381.41,0
1,295957.79,117956.0,0.0,0.0,295957.79,0
1,82047.44,31357.0,0.0,40766.07,122813.52,0
1,152330.18,0.0,0.0,275053.59,427383.78,0
1,117344.76,0.0,0.0,249013.37,366358.13,0
1,22492.95,0.0,0.0,1699037.55,1721530.5,0
0,2769598.77,0.0,0.0,4181487.75,6951086.52,0
1,199536.35,0.0,0.0,47336359.64,47535895.99,0
1,195008.94,0.0,0.0,259940.59,454949.53,0
1,23902.69,34224.0,10321.31,0.0,23902.69,0
0,429270.76,314366.58,0.0,3022447.31,3451718.06,0
1,51554.57,0.0,0.0,188054.53,239609.11,0
1,463620.52,0.0,0.0,2488892.88,3402017.43,0
1,64147.35,18259.0,0.0,0.0,64147.35,0
1,317081.38,0.0,0.0,748341.44,1065422.82,0
1,90334.88,21972.0,0.0,157347.34,247682.22,0
1,57576.2,0.0,0.0,768146.51,825722.71,0
1,26514.25,0.0,0.0,1016180.33,1042694.58,0
1,279635.95,59452.0,0.0,1594722.14,1874358.09,0
0,1305998.18,0.0,0.0,1389781.47,2881009.86,0
0,1642168.81,0.0,0.0,9942261.54,11584430.34,0
1,236725.72,19435.0,0.0,0.0,236725.72,0
1,266783.92,630147.0,363363.08,444197.49,710981.41,0
1,41743.64,10946.0,0.0,385287.64,427031.28,0
1,168493.92,0.0,0.0,2426037.99,2594531.91,0
0,453988.92,0.0,0.0,602891.92,1056880.84,0
1,170188.87,49706.0,0.0,0.0,170188.87,0
1,53231.3,0.0,0.0,89428.32,142659.62,0
0,380073.42,0.0,0.0,9789939.12,10170012.54,0
0,153892.99,15839.0,0.0,4401741.31,4555634.3,0
1,10177.2,438.0,0.0,91204.88,101382.08,0
1,72084.84,6053.0,0.0,386220.64,688404.15,0
1,127906.45,39261.9,0.0,421496.73,549403.18,0
1,62816.35,0.0,0.0,5440601.91,5503418.27,0
1,132214.33,395.0,0.0,383362.39,515576.73,0
1,161853.45,0.0,0.0,1218177.66,1380031.11,0
1,278152.52,0.0,0.0,4645781.81,5029964.72,0
1,63881.41,0.0,0.0,306594.23,370475.63,0
1,206929.87,30973.0,0.0,1652006.97,1858936.84,0
1,438983.4,2167.0,0.0,131260.34,570243.74,0
1,218027.48,0.0,0.0,1856279.68,2074307.16,0
1,313580.76,63972.0,0.0,197199.95,510780.72,0
1,139861.69,0.0,0.0,5698135.05,5837996.74,0
0,630685.29,0.0,0.0,635372.68,1266057.97,0
1,258363.74,0.0,0.0,1732014.02,1990377.76,0
1,93055.59,0.0,0.0,93162.47,186218.07,0
1,643805.41,11346.0,0.0,0.0,643805.41,0
1,35882.57,462916.4,427033.83,164835.91,200718.47,0
1,193868.22,42815.0,0.0,6939778.5,7133646.72,0
1,192573.17,0.0,0.0,1531961.93,1724535.1,0
1,6643.85,0.0,0.0,4172450.11,4179093.96,0
0,3749877.2,0.0,0.0,7064034.08,10813911.28,0
1,250721.2,0.0,0.0,504958.01,755679.21,0
1,92751.62,10298.0,0.0,0.0,92751.62,0
1,186188.29,0.0,0.0,18547358.41,18733546.7,0
1,120464.04,0.0,0.0,3681609.74,3802073.78,0
1,90150.08,0.0,0.0,2373708.89,2463858.98,0
1,61008.93,55466.0,0.0,71619.38,132628.31,0
1,358013.46,2800.0,0.0,648070.48,1006083.94,0
1,157833.87,31251.0,0.0,276127.48,567814.61,0
0,335235.58,120221.25,0.0,625460.48,960696.06,0
1,8138.45,0.0,0.0,3148697.04,3156835.49,0
1,430958.86,0.0,0.0,2429330.99,2860289.85,0
1,176669.33,0.0,0.0,803493.98,980163.31,0
1,386309.96,0.0,0.0,887599.94,1273909.9,0
1,55591.86,0.0,0.0,9676479.27,9898010.83,0
1,327942.37,2648766.26,2320823.89,659026.09,1538912.37,0
1,29392.01,1683.0,0.0,722301.25,751693.27,0
1,134807.89,0.0,0.0,6323313.77,6458121.66,0
1,14674.51,455047.0,440372.49,0.0,14674.51,0
1,43249.27,20196.0,0.0,0.0,43249.27,0
1,169083.97,300803.0,131719.03,0.0,169083.97,0
1,22957.8,0.0,0.0,295094.17,318051.96,0
1,112894.43,0.0,0.0,1218787.66,1331682.08,0
1,196342.62,0.0,0.0,710506.03,906848.65,0
1,324003.49,0.0,0.0,907666.19,1231669.67,0
1,145140.06,1061.0,0.0,317952.56,463092.62,0
1,46251.53,0.0,0.0,4426634.15,4472885.68,0
1,109762.33,0.0,0.0,320825.38,430587.7,0
1,31388.73,10030.0,0.0,55293.1,86681.83,0
1,74644.63,304.0,0.0,173905.22,248549.85,0
1,903151.73,0.0,0.0,1306337.11,2209488.84,0
1,45174.24,0.0,0.0,762388.11,807562.35,0
1,149269.84,0.0,0.0,221461.35,499535.11,0
1,160482.51,0.0,0.0,1302172.28,1462654.79,0
1,504532.72,504532.72,0.0,0.0,504532.72,1
1,410736.79,0.0,0.0,783051.74,1193788.53,0
1,53083.76,0.0,0.0,794397.24,847481.0,0
1,87907.97,0.0,0.0,192674.08,280582.04,0
1,3273.6,0.0,0.0,1941295.87,1944569.47,0
1,185789.86,0.0,0.0,1585747.25,1771537.11,0
0,298188.28,20444.0,0.0,1558244.76,1930815.72,0
1,66641.17,25436.68,0.0,401882.07,468523.24,0
1,147106.45,0.0,0.0,358380.6,505487.05,0
1,83973.48,0.0,0.0,258275.5,199179.11,0
0,1033091.39,83879.0,0.0,0.0,1033091.39,0
1,215140.4,229.0,0.0,2641768.02,2856908.42,0
1,140266.06,22413.0,0.0,0.0,140266.06,0
1,75267.87,305910.0,230642.13,30978.09,106245.96,0
1,434007.75,2571.0,0.0,943274.62,1377282.37,0
1,211432.05,0.0,0.0,1114487.64,1325919.69,0
1,258677.31,51515.0,0.0,2011468.43,1726991.5,0
1,13366.93,0.0,0.0,409282.68,422649.61,0
1,24586.52,0.0,0.0,397511.93,422098.45,0
1,156849.29,10485.0,0.0,2333780.23,2490629.52,0
1,21061.98,1216.0,0.0,5256314.63,5277376.6,0
1,205435.86,0.0,0.0,2328889.72,2534325.58,0
1,91779.94,6385.0,0.0,6739.52,98519.46,0
1,109188.34,0.0,0.0,1389542.73,1498731.07,0
1,537241.38,1090.0,0.0,1959819.48,2497060.86,0
1,70913.31,0.0,0.0,782155.86,853069.17,0
0,1823896.31,49033.0,0.0,229405.0,2053301.31,0
0,1651159.05,0.0,0.0,2181490.97,3832650.02,0
1,72134.02,11538.0,0.0,2603759.96,2675893.98,0
1,144842.7,0.0,0.0,2538994.98,2683837.68,0
1,130786.11,0.0,0.0,1313887.93,1444674.05,0
1,28007.63,0.0,0.0,315205.15,343212.78,0
0,473985.11,0.0,0.0,966749.1,1440734.21,0
1,277741.11,0.0,0.0,355329.99,633071.11,0
1,209641.02,6056.0,0.0,0.0,209641.02,0
1,171098.15,31132.0,0.0,1212283.71,1383381.87,0
0,518130.43,0.0,0.0,541153.07,1059283.5,0
1,256929.28,4069.0,0.0,481867.19,738796.47,0
1,191730.05,67206.0,0.0,678072.96,869803.01,0
0,284569.16,756.0,0.0,10073.63,294642.79,0
1,204193.0,5110.0,0.0,303695.85,507888.85,0
1,463215.37,0.0,0.0,1098191.27,1561406.64,0
1,210672.58,470078.96,259406.38,324513.71,535186.29,0
1,118946.73,332651.0,213704.27,1444500.45,2999796.07,0
1,158161.54,19870.0,0.0,0.0,158161.54,0
1,121576.66,203063.0,81486.34,10806400.4,10927977.06,0
1,211319.46,0.0,0.0,708477.88,919797.34,0
0,352519.4,50158.0,0.0,0.0,121803.73,0
0,1539096.0,0.0,0.0,1633859.02,3172955.02,0
1,178420.21,51995.0,0.0,253093.44,431513.65,0
1,89419.52,0.0,0.0,506070.15,595489.68,0
1,211178.34,0.0,0.0,1853306.34,2064484.69,0
1,106356.29,120717.0,14360.71,237419.06,343775.35,0
1,351275.89,0.0,0.0,13852023.16,14203299.05,0
1,297908.49,0.0,0.0,4220390.03,4518298.52,0
0,1690529.42,0.0,0.0,2946533.69,4637063.11,0
1,226458.71,59957.0,0.0,1183022.69,1409481.4,0
0,719597.76,0.0,0.0,1905821.26,2625419.02,0
1,209936.08,202335.0,0.0,0.0,209936.08,0
1,50728.23,0.0,0.0,3966511.28,4017239.51,0
1,380804.55,54136.0,0.0,476727.87,857532.42,0
1,348839.51,7014.0,0.0,1449948.93,1798788.44,0
1,55172.22,99324.0,44151.78,51604.85,106777.08,0
1,245446.61,0.0,0.0,327889.41,796019.45,0
1,126201.05,0.0,0.0,614943.69,741144.74,0
1,102961.84,0.0,0.0,3783280.27,3886242.11,0
0,990000.25,0.0,0.0,4154281.31,5144281.56,0
1,206714.91,18103.0,0.0,397183.54,603898.45,0
1,55024.38,0.0,0.0,2991150.25,3046174.62,0
1,166064.51,0.0,0.0,955707.89,1121772.4,0
1,193872.73,9179.0,0.0,0.0,193872.73,0
0,853320.21,108276.52,0.0,1853876.79,2707197.0,0
1,167783.0,709.0,0.0,67.98,167850.99,0
1,173504.01,1193.0,0.0,104508.76,278012.77,0
1,127870.54,10758.0,0.0,0.0,50963.66,0
1,149416.52,224.0,0.0,0.0,149416.52,0
1,31454.61,25878.98,0.0,499305.5,530760.11,0
1,32893.23,0.0,0.0,7635246.51,7668139.74,0
0,422819.0,21120.0,0.0,0.0,422819.0,0
1,219103.11,0.0,0.0,443050.95,662154.06,0
0,891272.51,67081.4,0.0,945079.8,1578437.73,0
1,2437.26,17030.0,14592.74,72990.85,75428.11,0
1,146086.51,3095.0,0.0,557144.83,721502.67,0
1,379627.5,11625.0,0.0,0.0,379627.5,0
1,39834.23,0.0,0.0,242794.65,282628.89,0
1,108065.11,0.0,0.0,1477614.84,1585679.95,0
0,374760.7,9030.0,0.0,0.0,374760.7,0
1,282098.07,21478.0,0.0,218008.55,500106.62,0
1,75657.46,26913.0,0.0,42336.0,0.0,0
1,46438.05,2064.0,0.0,4360408.92,4406846.97,0
1,23816.39,30975.0,7158.61,19933.0,43749.39,0
1,132888.61,0.0,0.0,385160.51,518049.12,0
1,15332.51,0.0,0.0,363338.64,378671.15,0
1,244454.43,60714.0,0.0,0.0,244454.43,0
1,318637.91,14069.0,0.0,0.0,318637.91,0
0,808075.77,340.0,0.0,0.0,808075.77,0
1,359019.46,4458.0,0.0,961400.67,1320420.13,0
1,55331.44,28010.0,0.0,0.0,55331.44,0
1,299743.13,223297.0,0.0,925073.39,1224816.51,0
1,328664.94,5019.0,0.0,1191568.26,1520233.2,0
1,227509.1,106762.0,0.0,11645.74,239154.84,0
1,70273.91,0.0,0.0,291011.8,361285.71,0
0,1109012.15,0.0,0.0,14349128.12,15458140.26,0
1,28031.63,24469.0,0.0,0.0,28031.63,0
0,1231421.94,828.0,0.0,86218.52,1317640.46,0
1,223351.75,30745.0,0.0,498873.65,722225.4,0
1,169982.15,0.0,0.0,3610385.78,3780367.92,0
1,102382.78,107864.0,5481.22,4101.09,106483.87,0
1,34500.68,0.0,0.0,73092.79,51817.94,0
1,104775.76,0.0,0.0,350833.94,455609.7,0
1,109519.65,0.0,0.0,2209798.36,2319318.01,0
1,49702.5,3507.0,0.0,7957.78,57660.28,0
0,1193118.78,256006.0,0.0,229350.49,1422469.28,0
0,93487.23,0.0,0.0,1276788.7,1370275.94,0
1,250360.85,2280.0,0.0,120177.88,370538.72,0
1,578341.7,82092.0,0.0,112179.17,690520.87,0
1,29316.7,0.0,0.0,953581.37,982898.07,0
1,35754.58,16149.0,0.0,591258.08,627012.66,0
1,107953.22,67375.0,0.0,550160.27,658113.48,0
1,49829.87,0.0,0.0,1048439.36,1098269.23,0
1,59119.08,19964.0,0.0,370261.33,429380.41,0
1,286955.35,218133.0,0.0,34774.36,321729.7,0
1,41407.34,20572.0,0.0,0.0,41407.34,0
1,70935.46,0.0,0.0,135936.15,206871.61,0
1,214739.7,0.0,0.0,1756201.08,1970940.78,0
0,78101.6,102758.0,24656.4,2261064.09,2339165.69,0
1,85002.41,22671.0,0.0,0.0,85002.41,0
1,71006.6,51744.0,0.0,5883.0,0.0,0
0,162941.35,19835.0,0.0,239430.06,402371.41,0
1,139729.85,0.0,0.0,889849.87,1029579.71,0
1,15998.46,0.0,0.0,5672709.13,5688707.6,0
1,42517.79,2533.0,0.0,264437.91,306955.7,0
1,202930.71,65241.06,0.0,371564.41,574495.13,0
1,180908.54,5064.0,0.0,0.0,180908.54,0
1,145781.94,0.0,0.0,187654.01,333435.95,0
1,218771.8,0.0,0.0,891409.63,1110181.43,0
1,180839.46,317151.0,136311.54,41970.98,222810.44,0
1,102596.58,25383.0,0.0,591922.26,694518.84,0
1,103188.29,34540.0,0.0,589973.98,693162.27,0
1,3563.45,0.0,0.0,1759080.99,1762644.44,0
1,309187.65,0.0,0.0,2467913.32,2777100.98,0
1,1992.05,76479.0,74486.95,20394.84,22386.89,0
1,353450.08,0.0,0.0,495738.66,849188.73,0
1,123735.63,100978.0,0.0,635555.06,759290.69,0
1,52329.76,0.0,0.0,397555.35,449885.11,0
1,761543.5,362396.0,0.0,584191.16,1539012.51,0
1,7405.51,0.0,0.0,1431712.64,1439118.15,0
0,1418586.23,40345.0,0.0,662870.99,2081457.21,0
1,128021.74,10345.0,0.0,0.0,128021.74,0
1,85656.63,0.0,0.0,558160.88,643817.51,0
1,458256.2,0.0,0.0,461539.11,919795.31,0
1,329013.02,0.0,0.0,4865027.91,5194040.92,0
0,696967.93,0.0,0.0,2276555.76,2973523.68,0
0,116689.5,44342.0,0.0,3568803.68,3685493.19,0
0,2711633.86,20861.0,0.0,0.0,2711633.86,0
1,163372.73,0.0,0.0,7785437.23,7948809.97,0
0,460681.87,41963.0,0.0,78969.65,676831.22,0
1,55065.33,0.0,0.0,167853.05,222918.38,0
1,88786.96,102951.0,14164.04,1402230.09,2183157.2,0
1,208391.15,0.0,0.0,607420.18,815811.33,0
1,150184.8,0.0,0.0,208501.12,358685.92,0
1,189895.75,0.0,0.0,1347727.9,1537623.65,0
1,622913.02,4112.0,0.0,303579.23,926492.25,0
1,77689.66,0.0,0.0,1030517.59,1108207.26,0
1,12500.54,55052.0,42551.46,1338107.47,1350608.0,0
1,71431.89,7763.0,0.0,0.0,71431.89,0
1,190593.4,0.0,0.0,2886510.92,2620192.01,0
1,126227.01,0.0,0.0,2591103.97,2717330.98,0
1,6867.19,3564.0,0.0,662.06,7529.26,0
1,98463.64,63981.0,0.0,0.0,98463.64,0
1,24062.35,150045.0,125982.65,3191730.14,3215792.49,0
1,119790.3,0.0,0.0,864192.75,983983.05,0
1,80162.3,0.0,0.0,2000184.65,1924346.69,0
1,42961.52,0.0,0.0,81201.37,124162.89,0
1,49450.32,0.0,0.0,319720.62,207090.83,0
1,195267.8,19676.0,0.0,290077.57,485345.37,0
1,60460.16,0.0,0.0,132909.26,193369.43,0
0,27259.54,416946.0,389686.46,0.0,27259.54,0
1,160349.06,0.0,0.0,274666.3,435015.36,0
1,136354.15,55.0,0.0,212645.53,348999.67,0
1,305412.92,0.0,0.0,2374434.01,2679846.93,0
1,20885.83,44924.7,24038.87,135087.16,155972.99,0
0,688397.12,0.0,0.0,1295347.02,1983744.14,0
0,3499683.58,0.0,0.0,5599034.79,9098718.37,0
1,24632.2,87587.68,62955.48,440284.65,464916.85,0
1,286467.21,0.0,0.0,1398267.85,1684735.06,0
0,1169881.56,0.0,0.0,1676788.81,2846670.37,0
1,426.39,0.0,0.0,146072.85,146499.24,0
1,43939.15,0.0,0.0,120200.81,164139.95,0
1,178224.98,27595.0,0.0,0.0,178224.98,0
1,178142.69,0.0,0.0,350041.93,528184.62,0
1,169911.84,42713.0,0.0,2123674.88,2293586.72,0
1,88822.06,0.0,0.0,194553.16,283375.22,0
1,285174.38,52216.0,0.0,0.0,285174.38,0
0,394675.02,0.0,0.0,458104.02,852779.04,0
1,305140.46,381.0,0.0,149722.72,454863.19,0
1,337801.18,1565.0,0.0,0.0,337801.18,0
1,168081.46,5008.0,0.0,401039.62,569121.07,0
1,200964.1,0.0,0.0,353896.75,554860.85,0
1,156748.07,32290.8,0.0,582276.97,739025.03,0
1,162824.54,0.0,0.0,826513.94,1199671.65,0
1,213536.42,12374.0,0.0,341749.42,555285.85,0
1,10094.52,0.0,0.0,52586.61,62681.13,0
1,111891.34,10369.0,0.0,0.0,111891.34,0
1,88379.51,0.0,0.0,3202484.26,3290863.77,0
1,327864.62,11647.0,0.0,256228.15,739308.65,0
1,131953.46,654.0,0.0,0.0,131953.46,0
1,202850.78,0.0,0.0,691302.43,975459.59,0
1,83268.86,0.0,0.0,620108.66,703377.52,0
0,343563.42,20352.0,0.0,0.0,343563.42,0
1,143867.53,266492.0,122624.47,421520.39,565387.92,0
1,161940.48,0.0,0.0,163069.53,325010.01,0
1,394406.55,0.0,0.0,2386752.69,2781159.24,0
0,60662.34,0.0,0.0,1459086.38,1519748.72,0
1,85568.92,34834.0,0.0,228378.63,313947.54,0
1,342611.53,16587.0,0.0,526756.93,869368.45,0
1,58968.32,0.0,0.0,1738391.07,1797359.4,0
1,268837.02,0.0,0.0,1030043.92,1298880.94,0
1,674463.99,110256.0,0.0,259111.64,933575.63,0
0,334730.23,10073.0,0.0,0.0,334730.23,0
1,91492.17,40796.0,0.0,484958.51,576450.68,0
0,604458.95,0.0,0.0,757875.07,1362334.01,0
1,181401.28,39433.36,0.0,23155.11,507711.26,0
1,7123.05,30601.0,23477.95,84605.56,91728.61,0
1,308730.84,0.0,0.0,611756.76,920487.61,0
0,946238.65,111332.95,0.0,6275899.51,7222138.16,0
1,476129.67,21321.0,0.0,1447107.51,1923237.19,0
1,115412.57,0.0,0.0,1102606.66,1218019.23,0
1,155127.91,0.0,0.0,676756.39,831884.3,0
1,97299.27,0.0,0.0,197174.89,294474.16,0
1,106239.81,0.0,0.0,181841.62,288081.43,0
1,221061.1,0.0,0.0,1045683.88,1266744.98,0
0,473974.64,0.0,0.0,780843.61,1254818.25,0
1,411340.23,438.0,0.0,111090.47,522430.7,0
1,213388.56,0.0,0.0,3900471.74,4113860.29,0
1,152720.91,816.0,0.0,1292328.64,1445049.55,0
1,53146.55,46621.0,0.0,2548962.78,2602109.33,0
1,176110.82,21687.0,0.0,276512.9,452623.71,0
1,104236.79,0.0,0.0,1306827.33,1411064.12,0
1,145897.32,0.0,0.0,1122551.03,1268448.35,0
0,467443.67,0.0,0.0,467539.98,934983.64,0
1,71341.54,180559.17,109217.63,144007.99,215349.53,0
1,165563.77,0.0,0.0,1098257.03,1263820.81,0
1,17487.47,0.0,0.0,123278.83,70597.6,0
1,556478.96,30212.0,0.0,91016.46,647495.43,0
0,433993.41,223454.28,0.0,761317.49,1195310.9,0
1,7133.36,0.0,0.0,31486.86,38620.22,0
1,265458.67,1575.0,0.0,394154.41,659613.08,0
1,150970.83,0.0,0.0,219612.16,370582.99,0
1,307058.89,0.0,0.0,3906203.47,4213262.35,0
1,256831.59,120.0,0.0,99828.09,356659.67,0
1,174462.79,0.0,0.0,6777463.45,6951926.24,0
1,480351.79,0.0,0.0,1040982.69,1521334.48,0
1,15657.36,0.0,0.0,1456894.76,1175041.12,0
0,899071.37,0.0,0.0,1538563.22,2437634.59,0
1,89061.28,0.0,0.0,1561765.19,1650826.47,0
1,107286.83,56043.0,0.0,27494.61,134781.44,0
1,35996.8,0.0,0.0,6258681.17,6294677.97,0
1,139752.84,0.0,0.0,293319.25,486638.77,0
0,262031.21,0.0,0.0,1725745.31,1987776.53,0
1,12750.48,0.0,0.0,421800.58,434551.06,0
1,111522.68,0.0,0.0,1550579.2,1662101.88,0
1,41248.26,26621.0,0.0,445452.02,486700.28,0
1,238714.91,64216.0,0.0,4145672.42,4384387.33,0
1,497667.42,86730.0,0.0,88493.77,586161.19,0
1,382862.05,0.0,0.0,874320.18,1257182.23,0
1,268154.06,1768.0,0.0,654371.95,922526.0,0
1,61366.81,0.0,0.0,1382062.1,1443428.91,0
1,57916.61,0.0,0.0,273612.98,331529.59,0
1,325782.29,30617.0,0.0,0.0,325782.29,0
0,1498501.93,0.0,0.0,2636776.77,4135278.71,0
1,90019.93,21225.29,0.0,234789.17,324809.09,0
1,120889.38,92126.0,0.0,760218.08,881107.46,0
1,74949.04,0.0,0.0,8709843.84,8784792.88,0
1,13644.0,0.0,0.0,417719.47,431363.47,0
1,236164.46,9946.0,0.0,488738.26,724902.72,0
1,190422.08,100390.0,0.0,30791494.7,30981916.77,0
1,1853.49,40341.0,38487.51,297969.15,299822.64,0
1,83296.1,505284.0,421987.9,0.0,83296.1,0
1,119979.56,0.0,0.0,260983.85,380963.41,0
1,37649.06,0.0,0.0,88584.0,0.0,0
1,77845.93,0.0,0.0,2238418.62,2316264.55,0
1,59565.74,0.0,0.0,1984253.9,2043819.63,0
1,409534.82,55353.0,0.0,0.0,409534.82,0
1,564928.54,19871.0,0.0,0.0,564928.54,0
1,7556.09,0.0,0.0,452408.07,459964.16,0
1,235241.5,0.0,0.0,3060548.21,3295789.71,0
0,196199.72,2653.42,0.0,682921.15,879120.87,0
1,307998.45,13118.0,0.0,0.0,610939.88,0
0,440630.94,22131.0,0.0,249723.45,690354.38,0
0,1332260.21,38741.0,0.0,4968.0,2461777.79,0
1,84412.27,811.0,0.0,3272281.63,3356693.9,0
1,308802.16,14443.0,0.0,0.0,308802.16,0
0,301206.06,0.0,0.0,314969.99,616176.05,0
1,99617.42,45447.0,0.0,426266.57,525883.99,0
1,97981.28,0.0,0.0,1063171.17,1161152.45,0
0,330034.41,0.0,0.0,1813277.37,2143311.77,0
1,119727.09,0.0,0.0,690291.17,810018.26,0
1,172725.95,0.0,0.0,2619263.08,2791989.03,0
1,264.8,0.0,0.0,1162772.41,1163037.2,0
1,302073.55,60631.0,0.0,44170.69,346244.24,0
1,171844.38,0.0,0.0,216855.48,388699.87,0
0,757083.56,0.0,0.0,1897038.02,2654121.58,0
1,169188.85,12365.0,0.0,1716184.43,2125942.45,0
0,965883.03,0.0,0.0,1856681.52,2969657.52,0
1,26604.08,20850.0,0.0,0.0,26604.08,0
1,342937.71,0.0,0.0,365387.85,708325.56,0
0,344545.49,0.0,0.0,1074295.52,1418841.01,0
0,109952.39,0.0,0.0,1974620.56,2084572.95,0
1,101981.02,5921.0,0.0,9822333.31,9924314.33,0
1,92340.8,71417.0,0.0,0.0,92340.8,0
1,53349.8,10031.0,0.0,1837906.97,1891256.77,0
1,230609.12,31007.0,0.0,0.0,230609.12,0
1,160015.03,43966.0,0.0,1241273.9,1401288.94,0
1,219926.64,141143.0,0.0,545566.56,765493.21,0
1,295142.6,0.0,0.0,942886.41,1238029.01,0
0,177597.86,0.0,0.0,1565901.82,1743499.68,0
1,146140.7,40158.07,0.0,165296.04,404447.73,0
1,198026.61,2977.0,0.0,85853.27,283879.88,0
0,160725.01,0.0,0.0,215044.86,375769.87,0
1,1536.8,0.0,0.0,2089832.79,2091369.59,0
1,230086.09,0.0,0.0,746497.99,976584.08,0
1,269593.6,254726.0,0.0,335207.06,604800.66,0
1,48168.35,20859.0,0.0,12290.28,60458.63,0
1,330114.45,0.0,0.0,333334.53,663448.98,0
1,88432.86,21206.0,0.0,495232.01,583664.86,0
1,262704.97,441.0,0.0,0.0,262704.97,0
1,80063.46,141459.0,61395.54,46236.4,126299.86,0
1,136734.91,9969.0,0.0,0.0,136734.91,0
1,69089.63,3114.93,0.0,559253.58,628343.2,0
0,50900.67,3093.0,0.0,4709898.26,4760798.93,0
1,259647.77,3316.0,0.0,0.0,259647.77,0
1,293894.46,0.0,0.0,3438568.09,3732462.55,0
1,100992.29,0.0,0.0,112552.78,213545.07,0
1,258196.42,0.0,0.0,330250.57,588446.99,0
1,74086.98,0.0,0.0,207223.18,281310.16,0
1,456059.57,0.0,0.0,1064952.32,1521011.89,0
1,44917.78,0.0,0.0,140303.53,185221.32,0
1,132478.64,13932.15,0.0,2148162.25,2280640.89,0
1,111006.32,496661.0,385654.68,0.0,111006.32,0
1,63682.97,0.0,0.0,199651.62,464353.56,0
1,188601.51,0.0,0.0,1334796.07,1523397.58,0
1,64408.56,0.0,0.0,1400044.17,1716214.85,0
1,68206.47,333270.77,265064.31,340689.29,1312592.23,0
1,119947.12,0.0,0.0,329189.78,449136.9,0
1,190731.37,0.0,0.0,315350.23,266014.13,0
1,52798.84,0.0,0.0,270684.46,323483.3,0
0,1211.91,0.0,0.0,19801628.13,19802840.04,0
0,250157.8,147829.0,0.0,374804.47,624962.27,0
1,105421.79,394.0,0.0,211841.94,317263.73,0
1,127920.35,10138.0,0.0,222383.12,350303.47,0
1,105655.73,0.0,0.0,8944679.17,9050334.9,0
0,190374.45,51791.0,0.0,485050.81,675425.26,0
1,105959.95,0.0,0.0,724000.24,895023.38,0
0,11902.83,0.0,0.0,3012182.19,3024085.02,0
1,234332.98,202017.42,0.0,1644609.16,1878942.14,0
1,64326.29,0.0,0.0,82387.4,146713.69,0
0,40916.65,9963.0,0.0,19901.0,60817.65,0
1,84276.13,15150.0,0.0,0.0,84276.13,0
0,562161.36,489395.25,0.0,661309.29,1223470.64,0
0,202934.69,249.0,0.0,151648.39,354583.07,0
1,404300.11,27921.0,0.0,176836.01,679521.53,0
0,71108.53,0.0,0.0,84510.92,155619.44,0
1,135684.89,20576.0,0.0,296854.28,432539.17,0
0,163865.15,50863.0,0.0,0.0,163865.15,0
1,157607.36,0.0,0.0,257704.56,415311.93,0
1,90864.44,20843.0,0.0,0.0,90864.44,0
1,146791.84,0.0,0.0,307830.15,454621.99,0
1,4304.71,0.0,0.0,436769.14,441073.85,0
1,62243.18,0.0,0.0,148596.75,227173.95,0
1,232235.15,49021.0,0.0,0.0,232235.15,0
1,406224.36,912.0,0.0,1875576.4,2281800.75,0
1,455257.64,7048.21,0.0,3445455.39,3900713.03,0
1,89550.22,20143.0,0.0,0.0,222967.74,0
1,113743.78,0.0,0.0,1460427.42,1574171.19,0
1,207534.42,31796.0,0.0,150580.82,358115.24,0
1,135694.36,10796.62,0.0,738115.66,873810.02,0
1,464032.86,2216.0,0.0,170403.3,634436.16,0
1,169965.28,0.0,0.0,640033.3,809998.58,0
1,101559.25,11612.0,0.0,301807.55,403366.81,0
1,45845.83,0.0,0.0,1552881.63,1748424.37,0
1,360979.71,633795.73,272816.02,0.0,360979.71,0
1,303897.49,411022.0,107124.51,1629139.71,1933037.21,0
1,39372.53,29909.0,0.0,45025.98,84398.51,0
0,10000000.0,349472.0,0.0,9948.4,28658509.78,0
1,196373.56,0.0,0.0,327582.3,523955.86,0
0,291140.73,0.0,0.0,596191.08,887331.81,0
1,193760.17,0.0,0.0,3755094.54,3948854.71,0
1,219348.34,0.0,0.0,327943.57,547291.92,0
1,67044.59,0.0,0.0,2543758.6,2610803.19,0
1,56387.5,528.0,0.0,0.0,56387.5,0
0,879855.28,95925.29,0.0,2013152.65,2893007.92,0
1,4464.67,0.0,0.0,1042383.89,1917756.99,0
1,56052.74,0.0,0.0,111181.07,167233.81,0
1,174465.23,0.0,0.0,830296.31,1004761.54,0
1,88563.41,0.0,0.0,820440.64,909004.05,0
0,304388.25,198252.0,0.0,97258.34,401646.59,0
1,227009.96,0.0,0.0,619475.37,846485.33,0
1,107888.63,0.0,0.0,2250026.84,2357915.47,0
1,359120.7,72800.0,0.0,2565976.2,2925096.9,0
1,71129.26,77497.0,6367.74,283704.67,354833.93,0
1,484833.13,0.0,0.0,3512816.04,3997649.17,0
1,313810.67,0.0,0.0,566291.71,880102.39,0
1,306142.68,218.0,0.0,3432491.76,3738634.44,0
1,54328.35,117391.0,63062.65,288590.34,342918.69,0
1,20189.6,3752.0,0.0,811880.22,832069.83,0
0,2212233.58,107090.57,0.0,2348444.42,4560677.99,0
1,219635.39,150585.29,0.0,3085440.13,3305075.52,0
1,57222.93,90303.0,33080.07,4443460.84,4500683.77,0
1,265622.68,0.0,0.0,1016222.16,1281844.84,0
1,193721.74,214669.3,20947.56,674199.04,867920.78,0
1,431841.33,21963.0,0.0,0.0,431841.33,0
1,37235.98,0.0,0.0,81071.95,118307.93,0
1,155355.0,0.0,0.0,691314.93,846669.94,0
1,87312.1,1056.0,0.0,0.0,87312.1,0
1,40831.98,8540.0,0.0,0.0,40831.98,0
1,69892.04,0.0,0.0,450028.34,519920.37,0
1,8794.71,193260.17,184465.46,223625.51,232420.22,0
1,166750.31,0.0,0.0,186349.19,377453.37,0
0,303681.75,33467.0,0.0,0.0,303681.75,0
1,57466.16,0.0,0.0,90315.79,147781.95,0
1,67858.27,15515.0,0.0,2222683.49,2290541.77,0
1,139045.37,0.0,0.0,3172555.37,3311600.74,0
0,2370761.52,0.0,0.0,2481162.58,4851924.1,0
1,222154.87,102918.75,0.0,727226.67,949381.54,0
1,114437.09,0.0,0.0,622995.81,737432.9,0
0,1512898.64,99554.0,0.0,20765.38,1533664.02,0
1,229731.3,0.0,0.0,7357101.94,7586833.24,0
1,256871.01,65560.0,0.0,944514.94,1201385.95,0
1,51359.14,535.0,0.0,0.0,51359.14,0
1,425528.9,8632.0,0.0,274242.5,699771.4,0
1,277113.96,0.0,0.0,3313748.71,3590862.67,0
1,207365.11,2048.0,0.0,131713.63,339078.74,0
1,233393.55,0.0,0.0,35287679.86,35429026.59,0
1,46420.92,0.0,0.0,656007.1,702428.02,0
1,318359.43,52603.0,0.0,0.0,318359.43,0
1,120639.04,53242.0,0.0,91549.99,212189.04,0
1,397915.03,0.0,0.0,1091233.55,1489148.58,0
1,32318.08,11309.0,0.0,49933.18,82251.26,0
1,85506.5,6649.0,0.0,2068562.9,2154069.4,0
0,755741.52,183.0,0.0,0.0,755741.52,0
1,270919.49,0.0,0.0,928067.29,1198986.78,0
1,75379.35,0.0,0.0,216810.04,292189.39,0
1,217942.93,63486.0,0.0,97923.82,315866.75,0
1,255244.83,17936.55,0.0,5901143.45,6156388.28,0
1,163027.36,10211.0,0.0,127948.1,290975.46,0
1,347297.13,1453.0,0.0,364169.47,711466.6,0
1,210777.34,0.0,0.0,1437870.17,1648647.51,0
1,319991.46,31871.0,0.0,0.0,395719.51,0
0,968093.93,0.0,0.0,1599741.23,2567835.17,0
0,232580.45,178035.0,0.0,148321.0,380901.45,0
1,199706.24,60559.0,0.0,75874.36,275580.6,0
1,121283.16,0.0,0.0,335728.3,457011.46,0
1,131497.83,29022.0,0.0,2691795.37,2823293.2,0
0,968685.87,0.0,0.0,6001874.14,6970560.01,0
1,62067.52,163789.0,101721.48,0.0,62067.52,0
0,1179714.16,0.0,0.0,1923670.71,3103384.86,0
1,212797.71,22336.0,0.0,2813169.03,3025966.74,0
1,45107.32,87279.0,42171.68,15786.0,60893.32,0
1,361280.39,14932.0,0.0,175142.6,536422.98,0
1,233239.62,0.0,0.0,1591459.59,1824699.21,0
1,167689.66,0.0,0.0,2132798.24,2300487.9,0
1,90312.31,20469.0,0.0,134658.89,224971.2,0
1,410709.78,0.0,0.0,5601179.44,6011889.21,0
0,700184.02,0.0,0.0,5112972.73,5813156.75,0
0,351304.61,55633.0,0.0,0.0,351304.61,0
1,97987.01,0.0,0.0,281091.9,379078.91,0
0,851231.46,0.0,0.0,1196911.89,2048143.34,0
1,354309.0,32006.0,0.0,0.0,354309.0,0
1,2950.76,49261.38,46310.62,932255.88,935206.64,0
1,231784.44,206.0,0.0,4455374.9,4687159.34,0
1,48642.89,198477.0,149834.11,0.0,48642.89,0
1,81496.89,0.0,0.0,2139809.54,2221306.43,0
1,168419.98,15084.0,0.0,6116917.78,6285337.76,0
1,166750.68,74.0,0.0,548760.84,715511.52,0
1,500589.59,36263.0,0.0,973026.63,1473616.22,0
0,1047000.17,0.0,0.0,1926219.13,2973219.29,0
1,93242.7,1709.0,0.0,161858.74,255101.44,0
1,96717.46,116.0,0.0,0.0,96717.46,0
1,210776.81,0.0,0.0,621872.65,1063799.78,0
1,142368.59,15155.0,0.0,0.0,142368.59,0
1,32896.17,195591.98,162695.81,144794.46,177690.63,0
1,209193.95,0.0,0.0,2268159.36,2477353.31,0
1,110997.26,0.0,0.0,458847.04,569844.3,0
1,73811.16,0.0,0.0,337220.59,411031.75,0
1,299892.44,0.0,0.0,1231669.31,1531561.75,0
0,829046.46,0.0,0.0,1373600.46,2202646.92,0
1,113953.5,0.0,0.0,1425716.24,1647532.66,0
1,10436.31,51552.0,41115.69,0.0,10436.31,0
1,123642.13,34604.0,0.0,0.0,0.0,0
0,2152390.9,109551.0,0.0,1027407.68,3179798.58,0
1,366041.49,913.0,0.0,510773.43,876814.92,0
0,1717172.55,0.0,0.0,17750309.03,19467481.58,0
1,18452.55,627.0,0.0,5110639.84,5129092.39,0
0,1157124.0,21485.0,0.0,4310094.85,5467218.84,0
1,63789.08,1605.0,0.0,1483397.13,1604941.04,0
1,160521.67,0.0,0.0,709420.22,869941.89,0
1,28991.97,0.0,0.0,2477387.34,2506379.31,0
1,237726.42,11214.0,0.0,0.0,237726.42,0
1,151525.22,52237.0,0.0,120525.25,272050.47,0
0,362730.08,0.0,0.0,1259888.66,1622618.74,0
1,162388.82,0.0,0.0,3042965.59,3205354.41,0
0,69030.98,0.0,0.0,1705767.07,1774798.05,0
1,147865.93,0.0,0.0,2605139.19,2753005.12,0
0,237813.21,29794.0,0.0,19614.65,257427.86,0
1,89135.65,0.0,0.0,169467.79,258603.44,0
0,996142.9,112672.0,0.0,1163075.88,2159218.79,0
0,219792.8,40063.06,0.0,2284032.9,2503825.69,0
1,16230.6,154620.0,138389.4,16677107.19,17283848.06,0
0,449868.14,24497.05,0.0,525503.71,975371.84,0
0,29797.83,0.0,0.0,114163.22,143961.05,0
1,287019.0,0.0,0.0,633247.67,920266.66,0
1,463693.27,0.0,0.0,929067.63,1449010.58,0
1,75275.37,1869.0,0.0,39719.82,114995.18,0
1,288463.5,11276.0,0.0,573193.41,1066892.44,0
1,60721.07,0.0,0.0,922589.07,983310.15,0
1,55659.72,8348.0,0.0,1213327.17,936111.41,0
1,558050.49,558050.49,0.0,105134.97,810052.81,1
1,129242.36,0.0,0.0,3323469.4,3452711.76,0
1,277327.01,0.0,0.0,1848334.02,2125661.02,0
1,103304.5,165.0,0.0,494174.63,286203.61,0
1,106439.03,213473.0,107033.97,91668.06,198107.1,0
1,244163.88,0.0,0.0,397403.26,641567.14,0
1,124198.41,0.0,0.0,4658782.78,6189326.61,0
1,738.27,12221.0,11482.73,0.0,738.27,0
1,114046.9,0.0,0.0,336453.79,450500.69,0
1,97520.19,16526.23,0.0,329813.1,556071.74,0
1,210181.25,26718.0,0.0,123084.93,333266.17,0
1,249558.49,0.0,0.0,471324.7,720883.19,0
1,82110.79,5558.0,0.0,15178.78,97289.57,0
0,530575.66,0.0,0.0,1301229.65,1831805.31,0
1,49475.84,0.0,0.0,53825.46,103301.3,0
1,224763.42,30451.0,0.0,128520.57,353283.99,0
1,358829.64,21525.0,0.0,0.0,358829.64,0
1,126859.56,93213.0,0.0,607951.37,734810.93,0
0,614976.78,0.0,0.0,3395317.3,4010294.08,0
0,2247065.86,0.0,0.0,23692711.72,25939777.58,0
1,66606.07,37610.0,0.0,31157.75,97763.82,0
1,310107.57,79774.0,0.0,951200.58,1261308.15,0
1,21802.1,772.0,0.0,85068.31,106870.41,0
1,250723.81,0.0,0.0,1963607.75,2214331.56,0
1,145987.82,16180.0,0.0,30618.2,176606.02,0
1,271357.76,338.0,0.0,750009.46,1021367.21,0
1,106779.73,0.0,0.0,1183383.77,1290163.49,0
0,603711.49,1095.0,0.0,237689.83,841401.33,0
1,144707.65,0.0,0.0,1373640.47,1518348.12,0
1,39439.58,20077.0,0.0,202629.62,390792.04,0
1,247387.53,115647.0,0.0,46758.25,294145.78,0
1,323321.31,34362.0,0.0,124173.46,447494.77,0
1,130758.3,51769.0,0.0,0.0,130758.3,0
1,155382.02,0.0,0.0,436126.67,591508.7,0
0,10000000.0,35625.0,0.0,4691969.51,14896068.25,0
0,1455523.25,10346.0,0.0,0.0,1455523.25,0
1,328865.33,0.0,0.0,1835626.04,1997422.14,0
1,74104.1,0.0,0.0,322177.05,396281.15,0
1,213259.67,21901.0,0.0,197643.72,410903.39,0
0,139781.07,26216.0,0.0,159779.14,299560.21,0
0,145748.5,0.0,0.0,5365298.26,5511046.76,0
1,174941.46,0.0,0.0,758077.56,1669844.31,0
1,23982.59,0.0,0.0,271615.54,295598.13,0
1,181483.5,107901.0,0.0,184526.4,366009.9,0
0,3129497.48,0.0,0.0,20951534.06,24081031.54,0
0,1347788.9,0.0,0.0,3382168.16,4729957.06,0
1,128721.63,107037.0,0.0,143997.37,272719.0,0
1,75640.27,10871.0,0.0,8410955.78,8486596.05,0
1,72039.32,0.0,0.0,163275.16,235314.48,0
1,29101.46,29971.0,869.54,0.0,29101.46,0
0,1167682.17,0.0,0.0,2923071.35,4090753.52,0
1,87243.53,363980.0,276736.47,59799.73,147043.26,0
1,214004.77,0.0,0.0,1511977.31,1725982.08,0
1,126380.46,0.0,0.0,2945086.18,3071466.64,0
1,303337.08,0.0,0.0,529579.61,832916.69,0
0,1183903.89,1064.0,0.0,17133.32,610754.88,0
1,54232.35,179986.94,125754.58,1685946.5,1740178.86,0
1,292799.25,20249.0,0.0,0.0,292799.25,0
1,516534.27,0.0,0.0,1945796.1,2462330.37,0
1,145143.46,107425.32,0.0,150893.52,296036.98,0
1,206571.7,134416.0,0.0,11482.0,49967.85,0
1,79374.42,1097.0,0.0,0.0,79374.42,0
0,419476.7,77058.0,0.0,5573431.18,5992907.89,0
0,784558.64,0.0,0.0,812621.27,2809178.29,0
1,22239.66,11564.0,0.0,708749.48,730989.14,0
1,24875.35,0.0,0.0,398774.97,423650.32,0
1,248862.02,0.0,0.0,693820.12,942682.14,0
0,935360.13,314306.0,0.0,98636.34,1033996.47,0
1,2351.45,773.0,0.0,27246.71,29598.16,0
1,15120.94,32441.0,17320.06,0.0,15120.94,0
1,342695.03,0.0,0.0,1493109.55,1835804.58,0
1,72373.84,0.0,0.0,21090650.45,21163024.29,0
0,1773729.55,7224.0,0.0,433233.76,2206963.31,0
1,416005.25,0.0,0.0,1157361.27,1573366.51,0
1,186430.49,0.0,0.0,190425.65,376856.14,0
1,297265.99,36939.15,0.0,1058367.96,1343525.96,0
1,180665.17,0.0,0.0,215335.62,396000.79,0
1,34048.21,10532.0,0.0,25294460.38,25328508.59,0
1,188168.52,11268.0,0.0,0.0,188168.52,0
0,270945.62,0.0,0.0,311904.54,582850.16,0
1,56405.97,0.0,0.0,2226741.34,2283147.31,0
1,24591.37,56779.32,32187.95,111387.75,197389.65,0
1,113328.18,21389.0,0.0,92886.14,206214.32,0
0,1016880.91,0.0,0.0,5075432.88,6092313.79,0
1,126382.37,39134.0,0.0,46649.12,173031.49,0
1,188705.03,0.0,0.0,1275555.91,1464260.94,0
0,193442.03,0.0,0.0,1771681.87,1965123.91,0
0,597100.02,1159.0,0.0,1551515.1,2148615.12,0
1,68683.04,0.0,0.0,5231810.07,5300493.11,0
1,177816.63,103609.0,0.0,0.0,177816.63,0
1,83740.13,4069.0,0.0,403044.68,486784.81,0
1,239281.5,53682.0,0.0,3313415.84,3552697.33,0
1,24457.3,0.0,0.0,10554846.77,10579304.07,0
0,37002.2,5003.0,0.0,0.0,37002.2,0
1,210180.16,0.0,0.0,6356243.24,6566423.41,0
1,349675.04,21382.0,0.0,0.0,349675.04,0
0,878923.9,20240.0,0.0,0.0,878923.9,0
1,45979.63,58931.98,12952.35,960735.33,1006714.97,0
1,165646.28,0.0,0.0,268895.06,434541.33,0
1,163331.4,0.0,0.0,2463987.22,2627318.63,0
1,34423.19,0.0,0.0,1818554.62,1852977.81,0
1,410032.2,0.0,0.0,917342.39,1327374.59,0
0,647121.73,253530.0,0.0,0.0,647121.73,0
1,229584.43,771.0,0.0,2366634.75,2596219.19,0
1,89976.81,0.0,0.0,268860.09,358836.9,0
1,379696.11,0.0,0.0,1216522.04,1596218.16,0
1,123677.1,0.0,0.0,246422.12,370099.22,0
1,81670.69,411696.79,330026.1,365302.98,446973.68,0
1,116880.2,0.0,0.0,1697456.73,1814336.93,0
1,66349.19,41012.0,0.0,0.0,66349.19,0
1,228698.11,35433.0,0.0,168756.97,397455.08,0
1,335419.65,0.0,0.0,6928296.17,7263715.83,0
1,463095.96,30054.0,0.0,500617.0,963712.97,0
1,18579.37,0.0,0.0,106271.34,124850.7,0
1,250314.62,11083.0,0.0,106448.74,356763.36,0
1,48145.68,92082.12,43936.44,1321592.44,1369738.12,0
1,24972.47,0.0,0.0,719752.87,744725.34,0
0,971648.61,0.0,0.0,1136009.44,2107658.05,0
1,125320.46,0.0,0.0,242059.87,367380.33,0
1,116091.88,20302.0,0.0,0.0,116091.88,0
1,158720.75,144030.92,0.0,2494593.4,2653314.16,0
1,181759.3,2010.0,0.0,50794.0,221284.29,0
1,319381.62,0.0,0.0,3333909.86,3653291.47,0
1,167778.08,249778.73,82000.65,1358707.99,1526486.07,0
1,107049.05,0.0,0.0,435133.61,542182.66,0
1,178701.6,108691.0,0.0,318986.28,497687.88,0
1,77966.64,149392.05,71425.42,1909257.23,1987223.87,0
1,193717.62,0.0,0.0,2293478.4,2487196.02,0
0,111882.79,0.0,0.0,640908.39,752791.18,0
1,59068.83,0.0,0.0,565598.22,624667.05,0
1,162770.21,0.0,0.0,824208.92,986979.13,0
1,65918.48,0.0,0.0,1147926.8,1213845.27,0
1,83160.08,0.0,0.0,7129559.36,6778202.0,0
1,63909.95,6938.0,0.0,347233.66,411143.61,0
1,211177.88,5153.0,0.0,306035.96,611206.98,0
1,274813.81,34789.56,0.0,285044.33,461315.99,0
0,91325.7,0.0,0.0,1353997.05,1445322.75,0
1,24473.2,20491.0,0.0,826458.44,850931.64,0
1,364417.88,148.0,0.0,0.0,364417.88,0
1,167868.09,0.0,0.0,263751.9,431619.99,0
1,47686.01,41546.0,0.0,614275.75,661961.76,0
1,25788.34,69873.0,44084.66,155259.92,181048.26,0
1,21090.03,40420.0,19329.97,0.0,21090.03,0
1,223790.42,0.0,0.0,12407624.3,12631414.72,0
0,1123890.28,20886.0,0.0,307613.47,1431503.75,0
1,41321.14,16807.0,0.0,4335345.17,4376666.31,0
1,243232.98,5180.0,0.0,1184743.85,1427976.83,0
0,538955.59,0.0,0.0,2533384.25,3072339.84,0
1,142481.46,12809.0,0.0,0.0,142481.46,0
1,149596.83,37507.0,0.0,1086702.16,1236299.0,0
0,372221.07,0.0,0.0,1431436.4,1803657.47,0
1,261593.83,0.0,0.0,315252.76,2122191.07,0
1,323410.62,99933.0,0.0,128489.41,451900.02,0
1,30104.62,0.0,0.0,2114061.3,2144165.92,0
1,54459.85,0.0,0.0,407930.61,462390.45,0
0,308391.21,5013.0,0.0,766121.1,1074512.32,0
0,1589625.73,51.0,0.0,0.0,1589625.73,0
1,337613.55,896.45,0.0,8949824.75,9287438.29,0
1,281466.48,0.0,0.0,570414.52,851881.0,0
1,232875.07,0.0,0.0,681699.66,914574.73,0
1,123532.32,0.0,0.0,456946.29,580478.61,0
0,1239039.31,98630.0,0.0,251841.27,1490880.58,0
1,53824.91,0.0,0.0,433544.93,487369.85,0
1,92167.98,51411.0,0.0,5406894.9,5499062.88,0
1,108919.3,80349.0,0.0,49100.48,158019.78,0
1,195456.8,119641.0,0.0,0.0,195456.8,0
1,123717.67,70466.0,0.0,0.0,123717.67,0
1,208801.99,0.0,0.0,1807300.03,2016102.02,0
1,107871.49,9597.0,0.0,4601.21,112472.7,0
1,110114.1,16674.34,0.0,373527.52,483641.62,0
1,134080.78,0.0,0.0,335310.63,469391.41,0
1,4054.9,10484.0,6429.1,2555649.85,2559704.75,0
1,125437.99,0.0,0.0,1038440.54,1163878.54,0
1,20913.23,0.0,0.0,212680.7,233593.93,0
1,9937.82,0.0,0.0,11447938.35,11192505.26,0
1,2228.69,1569.0,0.0,0.0,2228.69,0
1,293854.4,39188.0,0.0,64755.11,358609.5,0
1,120997.91,0.0,0.0,988116.0,1109113.91,0
1,76571.91,45.0,0.0,133237.53,209809.44,0
1,104524.88,1610.0,0.0,8160879.93,8265404.82,0
0,326218.07,14839.0,0.0,46589.38,372807.44,0
1,172766.41,99586.0,0.0,0.0,172766.41,0
1,369916.31,0.0,0.0,645290.51,0.0,0
1,290297.41,147702.0,0.0,0.0,290297.41,0
1,264976.18,0.0,0.0,1174155.94,1439132.12,0
1,197090.32,1241.0,0.0,0.0,197090.32,0
1,218734.4,23197.0,0.0,0.0,218734.4,0
1,357190.64,12566.0,0.0,0.0,357190.64,0
1,150466.1,0.0,0.0,1784485.03,1934951.12,0
1,255793.0,1630.0,0.0,36676.0,292469.0,0
1,161272.92,161272.92,0.0,783850.08,945123.0,1
1,98338.87,0.0,0.0,313907.25,412246.12,0
1,125112.83,15775.0,0.0,414772.84,539885.67,0
1,124620.72,0.0,0.0,6175331.55,6299952.27,0
1,270994.7,130022.0,0.0,1711909.37,1982904.07,0
1,583885.95,705887.03,122001.08,4009679.27,9061320.18,0
1,253550.09,143.0,0.0,3819392.08,4072942.18,0
1,22606.91,9910.0,0.0,0.0,22606.91,0
1,39165.4,0.0,0.0,9068165.51,9107330.92,0
1,331214.34,0.0,0.0,2311874.67,2643089.0,0
1,150229.06,0.0,0.0,427869.27,578098.33,0
1,216653.13,79789.0,0.0,188437.36,366638.7,0
1,22845.55,17354.0,0.0,2288878.48,2311724.03,0
1,252370.09,58340.6,0.0,1557826.4,1810196.49,0
1,119772.29,0.0,0.0,627343.3,724932.55,0
1,260902.1,0.0,0.0,347984.18,608886.28,0
1,342669.1,441.0,0.0,564505.8,907174.9,0
1,277084.72,11652.0,0.0,0.0,277084.72,0
1,212422.57,45726.0,0.0,0.0,212422.57,0
1,152950.68,0.0,0.0,479368.83,916705.06,0
1,158231.7,0.0,0.0,1130141.14,1288372.84,0
0,346697.29,0.0,0.0,2855357.51,3202054.8,0
1,234840.29,0.0,0.0,2209021.07,2443861.36,0
0,166570.45,0.0,0.0,13550210.72,13716781.17,0
0,359207.1,0.0,0.0,1313337.73,1672544.83,0
1,334239.65,25343.99,0.0,1326933.37,1695140.24,0
1,47908.95,58470.0,10561.05,0.0,47908.95,0
1,51604.81,0.0,0.0,216349.72,267954.53,0
1,75514.84,0.0,0.0,19401180.37,19476695.21,0
1,193557.87,189.0,0.0,5904523.88,6098081.75,0
0,128576.79,0.0,0.0,1265266.79,1393843.58,0
1,22142.06,82232.0,60089.94,2082136.63,2104278.69,0
1,259607.7,27102.0,0.0,1550085.01,1809692.71,0
0,826897.16,0.0,0.0,1675258.7,2502155.86,0
1,80711.21,21655.0,0.0,0.0,80711.21,0
1,27421.84,0.0,0.0,1096392.05,1123813.89,0
1,198077.73,19568.0,0.0,587529.22,785606.95,0
1,89941.35,12232.0,0.0,803326.21,893267.56,0
1,109139.28,10980.0,0.0,136960.47,246099.76,0
1,301499.81,137.0,0.0,6117648.5,6419148.3,0
0,1611841.22,67117.03,0.0,1836037.32,3447878.54,0
1,23669.4,0.0,0.0,541632.32,565301.71,0
1,142756.21,0.0,0.0,5568202.03,5670138.93,0
1,80.8,0.0,0.0,110438.67,110519.47,0
0,28063.07,11375.0,0.0,49664.0,22928.85,0
0,79217.02,30059.0,0.0,0.0,79217.02,0
1,158427.76,20680.0,0.0,0.0,158427.76,0
1,3831.87,196900.0,193068.13,0.0,3831.87,0
1,289781.49,52050.0,0.0,754519.24,1044300.73,0
1,169652.18,32.0,0.0,176057.32,82477.09,0
1,26224.39,0.0,0.0,285996.19,312220.58,0
1,157591.18,35573.0,0.0,755161.97,1037825.45,0
0,64619.21,0.0,0.0,2960381.73,3025000.94,0
0,1038126.73,0.0,0.0,3822097.5,4860224.23,0
0,1539730.03,35760.0,0.0,0.0,1539730.03,0
0,737193.38,0.0,0.0,9383379.41,10120572.8,0
1,146445.18,34232.0,0.0,0.0,146445.18,0
0,418545.36,210.0,0.0,959984.16,1378529.52,0
1,146002.75,329449.44,183446.7,157189.86,303192.6,0
1,209273.11,0.0,0.0,1579300.6,1788573.71,0
1,185660.24,0.0,0.0,771676.19,957336.43,0
1,197568.66,51956.0,0.0,0.0,210893.39,0
1,104824.64,0.0,0.0,5662228.62,5767053.26,0
1,34125.31,164.0,0.0,0.0,34125.31,0
1,103287.68,17892.0,0.0,0.0,103287.68,0
1,127286.2,99549.0,0.0,0.0,127286.2,0
1,73671.54,0.0,0.0,817249.91,890921.45,0
1,366217.98,0.0,0.0,1062724.72,1428942.69,0
1,124544.75,179.0,0.0,778844.11,903388.86,0
0,149337.89,24509.0,0.0,2716767.6,2866105.5,0
1,133451.13,0.0,0.0,261272.58,394723.7,0
1,128849.66,0.0,0.0,141658.01,270507.67,0
0,1957701.84,0.0,0.0,2687602.84,4645304.67,0
1,118657.58,10718.0,0.0,39988.37,158645.95,0
1,4270.51,100286.0,96015.49,11039705.94,11043976.44,0
1,193158.32,31949.0,0.0,1672691.86,1865850.17,0
1,263808.17,717.0,0.0,0.0,263808.17,0
1,377052.25,31824.0,0.0,0.0,377052.25,0
1,318713.75,99425.0,0.0,0.0,340140.69,0
1,5399.89,0.0,0.0,831112.47,836512.36,0
1,105463.05,0.0,0.0,716561.26,822024.31,0
1,108605.68,31252.0,0.0,1156876.75,1265482.43,0
1,156662.25,32350.75,0.0,929653.58,1086315.83,0
1,104387.07,14913.0,0.0,0.0,104387.07,0
0,2940616.48,0.0,0.0,3951796.19,6892412.67,0
1,187704.55,14541.0,0.0,33718.34,221422.89,0
1,198341.52,0.0,0.0,304805.99,503147.51,0
0,884978.3,0.0,0.0,2723051.59,3657322.39,0
1,49911.2,0.0,0.0,1435634.85,1485546.04,0
1,40724.89,0.0,0.0,45829.62,86554.51,0
1,354616.19,5064.0,0.0,1178.26,355794.45,0
1,123222.81,17715.0,0.0,0.0,123222.81,0
0,448929.3,0.0,0.0,885591.55,1334520.85,0
1,147657.68,0.0,0.0,201069.4,348727.08,0
1,31286.32,2660.0,0.0,0.0,31286.32,0
1,376650.77,0.0,0.0,918334.9,1294985.68,0
1,37886.81,0.0,0.0,235168.95,273055.76,0
1,116970.14,30915.0,0.0,85684.49,202654.63,0
0,1995878.2,0.0,0.0,2456179.81,4452058.01,0
0,369395.62,2532.0,0.0,145215.52,514611.14,0
0,57750.46,0.0,0.0,125273.85,183024.31,0
0,616740.76,157590.0,0.0,801989.54,1418730.3,0
1,49156.77,0.0,0.0,114797.9,163954.67,0
1,240986.65,41360.0,0.0,377310.13,618296.78,0
1,427818.99,0.0,0.0,2842478.95,3124218.88,0
1,95236.01,0.0,0.0,5160502.18,5255738.2,0
1,85750.62,0.0,0.0,307309.62,393060.24,0
1,465520.32,1681.0,0.0,260245.38,725765.7,0
0,1360389.04,43481.0,0.0,4244036.7,5604425.73,0
1,43980.07,0.0,0.0,206729.9,250709.96,0
1,206707.47,4821.0,0.0,249.0,252062.75,0
1,75986.37,52543.0,0.0,26492063.71,26568050.07,0
1,159500.1,0.0,0.0,3446118.8,3605618.9,0
1,19677.08,20999.0,1321.92,8367003.49,8386680.57,0
1,310591.63,33233.0,0.0,0.0,310591.63,0
1,28399.84,10743.0,0.0,0.0,28399.84,0
1,230143.78,24430.0,0.0,1219666.03,1449809.81,0
1,98974.1,14642.0,0.0,0.0,98974.1,0
1,168776.6,0.0,0.0,1738303.08,1907079.68,0
1,590015.35,11111.08,0.0,11338283.53,11928298.88,0
1,21813.64,0.0,0.0,1314927.71,1336741.35,0
1,319601.09,11489.0,0.0,604328.4,923929.49,0
1,188518.47,0.0,0.0,627530.31,816048.78,0
1,145674.51,82184.0,0.0,3460815.22,3606489.73,0
1,471522.59,103164.0,0.0,448702.94,920225.52,0
1,524592.18,20020.0,0.0,1310774.2,1835366.38,0
1,1013.02,210.0,0.0,0.0,1013.02,0
1,111161.34,11618.0,0.0,0.0,111161.34,0
1,112759.08,0.0,0.0,556292.64,669051.73,0
1,383749.7,0.0,0.0,2918331.77,3302081.48,0
0,11181.94,120069.42,108887.49,54921.8,66103.74,0
1,99802.21,34889.0,0.0,191922.59,291724.8,0
1,545.15,0.0,0.0,346282.58,346827.73,0
0,917000.82,312304.4,0.0,973003.83,3401927.96,0
1,270329.95,441.0,0.0,494266.48,764596.43,0
1,333096.73,0.0,0.0,3304908.13,3638004.86,0
0,1803760.89,59822.0,0.0,0.0,2643848.28,0
0,10000000.0,112118.0,0.0,0.0,13260143.36,0
1,28900.16,11229.0,0.0,548077.41,576977.57,0
0,643110.84,105623.09,0.0,906963.18,1550074.02,0
1,159080.61,0.0,0.0,848753.67,1007834.29,0
1,400480.64,15788.0,0.0,8375960.88,8776441.52,0
0,930992.6,0.0,0.0,1321454.8,2142553.85,0
1,294274.57,60228.0,0.0,0.0,294274.57,0
0,1121018.27,307439.48,0.0,5236253.85,6357272.12,0
1,51139.73,55535.0,4395.27,6627877.74,6679017.46,0
0,81064.77,56704.0,0.0,276955.19,358019.96,0
1,162115.87,24554.0,0.0,6488469.9,6650585.78,0
1,230308.29,0.0,0.0,2110237.22,2340545.51,0
0,64425.72,0.0,0.0,319174.53,383600.25,0
1,69931.68,0.0,0.0,4106712.08,4176643.76,0
1,82898.53,0.0,0.0,725135.4,808033.93,0
0,45399.04,11551.0,0.0,1221745.12,1267144.16,0
1,7599.1,56761.0,49161.9,0.0,7599.1,0
1,6642.24,68389.0,61746.76,61881.29,68523.53,0
1,6582.85,103038.0,96455.15,698822.14,705404.99,0
0,240710.08,19991.0,0.0,0.0,240710.08,0
1,242640.95,501.0,0.0,7582043.85,7824684.8,0
0,1531106.37,0.0,0.0,4344268.75,5875375.12,0
1,87536.85,478.0,0.0,0.0,87536.85,0
1,182362.56,437063.0,254700.44,2212231.16,2394593.72,0
1,46159.83,5530.0,0.0,0.0,46159.83,0
1,370902.49,173.0,0.0,20635.67,391538.16,0
1,370721.09,0.0,0.0,466451.53,669874.46,0
1,84487.55,10759.0,0.0,4619316.51,4703804.06,0
1,106892.47,0.0,0.0,1890240.67,1997133.14,0
1,274381.96,30042.0,0.0,1951388.64,2225770.6,0
1,71850.33,17049.0,0.0,0.0,71850.33,0
0,31988.03,0.0,0.0,871958.76,903946.8,0
0,154335.46,75773.01,0.0,269001.73,423337.19,0
0,475451.81,0.0,0.0,697270.74,1301476.68,0
1,56560.56,0.0,0.0,1221966.32,1278526.89,0
1,261635.18,373626.28,111991.1,0.0,261635.18,0
1,60729.27,152478.0,91748.73,172109.77,232839.04,0
1,297492.32,0.0,0.0,1644495.48,2241419.48,0
1,107058.31,0.0,0.0,9449336.28,9371735.74,0
1,259967.03,0.0,0.0,337918.15,597885.18,0
1,40195.86,0.0,0.0,954731.82,994927.68,0
1,268566.09,9908.0,0.0,727519.11,691469.88,0
0,208617.71,0.0,0.0,1036226.16,1244843.87,0
1,10006.27,0.0,0.0,136738.21,146744.48,0
1,146008.63,0.0,0.0,484167.33,630175.96,0
1,122472.73,3092.0,0.0,163439.27,285911.99,0
0,209146.49,0.0,0.0,396895.39,606041.88,0
1,70881.88,160438.0,89556.12,0.0,70881.88,0
1,105774.83,0.0,0.0,292727.61,398502.45,0
0,1352746.08,0.0,0.0,2416838.18,3769584.26,0
1,52662.47,21754.0,0.0,137151.82,189814.29,0
1,239735.98,30689.0,0.0,0.0,239735.98,0
0,351754.29,0.0,0.0,1106426.85,1458181.14,0
1,272102.51,0.0,0.0,984288.17,1256390.68,0
1,340178.65,51616.0,0.0,398003.19,738181.84,0
1,34715.31,47824.0,13108.69,922072.45,956787.77,0
1,67883.46,0.0,0.0,229524.51,250046.31,0
1,237512.96,37028.0,0.0,0.0,237512.96,0
1,122788.93,31022.0,0.0,0.0,122788.93,0
1,400652.2,17038.0,0.0,0.0,400652.2,0
1,138170.18,0.0,0.0,426233.85,564404.03,0
1,333489.46,346.0,0.0,13609.02,347098.48,0
1,72384.01,85046.0,12661.99,302962.17,375346.18,0
1,36713.03,1003.0,0.0,0.0,36713.03,0
1,29764.64,0.0,0.0,441328.05,471092.69,0
0,67827.4,0.0,0.0,196897.06,264724.46,0
1,486264.03,0.0,0.0,2857751.92,3344015.95,0
1,262519.95,19973.0,0.0,798516.53,1061036.48,0
1,106999.12,50289.0,0.0,327645.71,434644.83,0
1,267674.86,2161.0,0.0,758894.37,1026569.23,0
1,138476.3,0.0,0.0,174571.92,313048.21,0
1,488890.28,103171.0,0.0,11652.0,307557.08,0
0,2746018.45,0.0,0.0,4768385.14,7818935.02,0
1,280008.54,73881.0,0.0,0.0,280008.54,0
0,137877.79,24566.0,0.0,1404180.98,1542058.77,0
1,90164.21,0.0,0.0,8302949.62,8393113.82,0
1,73777.05,8188.0,0.0,2393801.03,3114454.01,0
1,176226.25,4618.0,0.0,1102.08,177328.32,0
1,293111.75,0.0,0.0,3090370.59,3383482.34,0
0,399972.41,0.0,0.0,2948194.69,3348167.1,0
1,163738.91,24810.54,0.0,711454.95,875193.86,0
1,2688.8,0.0,0.0,1185795.62,1289024.54,0
0,223983.84,282.0,0.0,0.0,223983.84,0
1,179512.41,16516.0,0.0,689965.41,869477.82,0
1,81797.08,11145.0,0.0,930782.82,1012579.9,0
1,88035.42,19207.0,0.0,1012698.96,1100734.38,0
1,347369.88,0.0,0.0,10181668.62,10529038.5,0
0,295147.01,0.0,0.0,6276885.67,6572032.69,0
1,240645.19,0.0,0.0,445407.98,686053.17,0
1,309799.63,32011.0,0.0,516549.69,826349.32,0
1,291221.76,9906.0,0.0,0.0,291221.76,0
0,190217.15,196311.25,6094.1,674425.05,864642.2,0
1,110616.76,0.0,0.0,243697.37,401441.71,0
1,142052.37,109366.0,0.0,6028821.89,6170874.26,0
1,289365.25,11832.0,0.0,58553.64,347918.88,0
1,135337.51,0.0,0.0,262948.1,398285.61,0
1,216348.83,16597.0,0.0,242263.34,458612.17,0
1,217573.94,0.0,0.0,363378.52,580952.46,0
1,226759.89,0.0,0.0,2812823.2,3039583.08,0
1,98718.82,0.0,0.0,479717.84,578436.66,0
1,64221.84,0.0,0.0,736164.07,800385.92,0
1,103813.08,0.0,0.0,3303663.66,3407476.74,0
1,115677.85,90285.0,0.0,1220429.56,1519664.13,0
1,136766.45,0.0,0.0,758795.46,1439958.7,0
1,154649.1,0.0,0.0,193832.02,348481.13,0
0,1998819.51,28253.0,0.0,2509632.43,4508451.94,0
1,212628.03,0.0,0.0,2177292.61,2389920.64,0
0,482610.19,0.0,0.0,4958984.34,5441594.54,0
1,140524.37,50362.0,0.0,345243.07,485767.43,0
1,111220.94,14157.0,0.0,37999.0,149219.94,0
1,189365.02,0.0,0.0,2096230.89,2285595.92,0
1,63778.22,0.0,0.0,1139309.51,1203087.73,0
0,1315638.57,0.0,0.0,1895409.14,3211047.71,0
1,178032.34,205188.0,27155.66,1447758.24,1625790.59,0
1,31185.69,0.0,0.0,174457.09,205642.78,0
1,191190.08,6269.9,0.0,1156235.76,1347425.84,0
0,2856654.68,367.0,0.0,204673.03,3061327.71,0
1,26581.68,11378.0,0.0,112325.04,138906.72,0
1,43660.48,154754.0,111093.52,3084903.91,3128564.39,0
0,538928.04,0.0,0.0,5549306.13,6088234.17,0
1,443708.91,30578.0,0.0,610975.92,1550845.21,0
1,68955.82,15617.0,0.0,0.0,68955.82,0
1,69856.14,0.0,0.0,97550.23,167406.37,0
1,34615.45,391.07,0.0,3942695.22,3977310.67,0
1,25097.33,0.0,0.0,648035.7,673133.03,0
1,219392.17,426507.63,207115.46,1684062.41,1903454.58,0
1,420806.68,0.0,0.0,662039.93,1082846.6,0
1,49625.41,71398.0,21772.59,299063.44,348688.85,0
1,80367.58,0.0,0.0,137115.67,217483.25,0
0,256034.8,0.0,0.0,1161550.33,1417585.13,0
0,445473.63,0.0,0.0,3849817.39,4294803.13,0
1,215272.69,30963.0,0.0,1077180.2,1292452.89,0
1,147659.94,30183.0,0.0,1987549.91,2135209.84,0
1,89757.83,25553.0,0.0,0.0,89757.83,0
1,142187.58,29351.0,0.0,0.0,142187.58,0
0,1077681.96,37705.72,0.0,2574634.88,3652316.84,0
1,160395.67,29894.0,0.0,575923.02,736318.69,0
1,224606.62,2562.0,0.0,72775.45,297382.08,0
1,56814.67,11566.0,0.0,0.0,56814.67,0
1,4432.21,190677.0,186244.79,0.0,4432.21,0
1,154743.08,17232.0,0.0,252162.28,660879.52,0
1,211583.53,0.0,0.0,739384.13,950967.67,0
0,62415.27,0.0,0.0,1311479.29,1373894.56,0
1,72289.43,0.0,0.0,473577.0,545866.44,0
0,621940.44,91104.0,0.0,999188.87,1621129.31,0
1,121402.18,10207.0,0.0,14375.05,135777.23,0
1,245566.43,7133.0,0.0,336251.45,595831.19,0
1,7332.07,0.0,0.0,24582.6,277356.04,0
1,411934.71,105071.0,0.0,0.0,411934.71,0
1,13259.32,611648.0,598388.68,856386.5,869645.81,0
1,288094.14,8045.0,0.0,426981.61,715075.75,0
1,103924.58,0.0,0.0,137607.0,241531.58,0
1,91116.78,0.0,0.0,126319.5,217436.28,0
1,7458.93,0.0,0.0,94189.14,101648.07,0
1,108296.94,28687.0,0.0,82260.76,190557.71,0
0,611907.25,153.0,0.0,106111.54,718018.8,0
1,441207.64,11763.0,0.0,1082851.17,1524058.8,0
1,197413.84,0.0,0.0,2232533.21,2388143.05,0
1,183727.48,16874.0,0.0,917143.28,1100870.76,0
1,145283.22,0.0,0.0,1031331.29,1176614.51,0
1,31173.65,28699.0,0.0,61137.92,92311.58,0
1,273037.77,0.0,0.0,4994141.29,5267179.05,0
1,304556.05,511739.0,207182.95,442231.49,569517.29,0
1,70324.25,14776.0,0.0,0.0,70324.25,0
0,381690.93,40613.0,0.0,4658407.41,5040098.34,0
1,185279.94,23181.0,0.0,11572793.2,11758073.14,0
1,110720.22,0.0,0.0,382495.79,493216.01,0
1,98454.0,209061.82,110607.82,233544.52,331998.52,0
1,189633.34,0.0,0.0,4744270.85,4933904.19,0
1,75975.67,0.0,0.0,145772.9,221748.57,0
1,112841.21,30551.0,0.0,2538375.92,2771259.6,0
1,295862.71,11014.0,0.0,3339476.48,3763173.86,0
1,158050.82,0.0,0.0,1143734.75,1301785.58,0
1,136600.73,0.0,0.0,228074.14,364674.87,0
1,105479.42,0.0,0.0,292222.59,397702.01,0
1,66337.99,295257.47,228919.47,623219.52,689557.51,0
0,178215.98,0.0,0.0,180247.41,358463.39,0
1,422612.01,58618.0,0.0,87200.29,509812.3,0
1,67166.19,0.0,0.0,4743478.16,4810644.36,0
1,50993.59,0.0,0.0,1903746.18,1954739.77,0
0,455621.27,196149.42,0.0,2661194.19,3116815.46,0
1,9706.55,203.0,0.0,145934.69,155641.24,0
0,1019920.43,0.0,0.0,5116127.71,6136048.14,0
1,17350.67,0.0,0.0,4762688.59,4780039.26,0
1,240727.61,0.0,0.0,2313774.0,2554501.6,0
1,11165.2,79570.0,68404.8,2445226.16,2456391.36,0
1,117524.11,0.0,0.0,3340862.39,3458386.5,0
1,52626.64,79231.0,26604.36,755096.26,1056712.97,0
1,161445.91,0.0,0.0,277471.11,557537.26,0
1,178012.98,0.0,0.0,252158.75,430171.73,0
1,102640.89,3764.0,0.0,0.0,248139.79,0
1,219199.51,22170.46,0.0,3130610.43,3349809.93,0
0,1740262.34,20052.3,0.0,5191303.72,6931566.06,0
1,533151.62,12564.58,0.0,1952734.34,2809803.77,0
1,81613.13,0.0,0.0,301741.96,635208.88,0
0,128988.44,21406.0,0.0,0.0,128988.44,0
1,27250.15,26416.0,0.0,5046.19,32296.35,0
1,109827.78,113404.98,3577.2,1017428.3,1127256.08,0
1,85809.54,0.0,0.0,372010.52,457820.06,0
1,336130.54,414.0,0.0,0.0,336130.54,0
1,155021.62,0.0,0.0,1640163.14,1795184.76,0
1,108164.28,820274.0,712109.72,74556.52,182720.8,0
1,41867.07,0.0,0.0,373769.18,415636.24,0
1,393031.28,8591.0,0.0,10348342.96,10741374.25,0
1,537454.42,21140.0,0.0,54853.92,592308.34,0
0,21443.03,0.0,0.0,1082681.25,1104124.28,0
1,280517.73,9073.0,0.0,0.0,531719.89,0
1,212527.71,196717.0,0.0,0.0,212527.71,0
1,43654.0,0.0,0.0,665793.32,709447.32,0
1,102148.15,114517.0,12368.85,2064175.26,2166323.41,0
1,291239.51,0.0,0.0,707496.63,522992.35,0
1,38998.46,0.0,0.0,1300175.91,1339174.37,0
1,32105.21,0.0,0.0,30093272.76,30125377.96,0
1,448021.82,0.0,0.0,6900658.44,7348680.26,0
1,336190.11,7340.31,0.0,4007097.3,4343287.41,0
1,49726.8,0.0,0.0,7463563.9,7513290.7,0
1,170098.84,0.0,0.0,1389650.01,1559748.85,0
1,199194.92,0.0,0.0,971348.63,1170543.55,0
1,171627.98,0.0,0.0,310580.5,793566.48,0
1,82196.55,105831.0,23634.45,4486.67,86683.22,0
0,1164827.16,0.0,0.0,9609640.61,10774467.77,0
1,481427.76,209546.0,0.0,0.0,481427.76,0
1,282388.96,0.0,0.0,1408002.29,1690391.26,0
1,153470.27,0.0,0.0,1309066.22,1462536.49,0
1,99188.07,20015.0,0.0,203401.31,302589.38,0
1,262774.58,0.0,0.0,315066.04,577840.62,0
1,224517.51,216826.71,0.0,971151.63,2495856.89,0
1,240222.02,0.0,0.0,346938.24,587160.26,0
1,225944.12,204862.0,0.0,1269267.43,1495211.55,0
0,373516.48,0.0,0.0,1125206.53,1743382.15,0
1,12781.88,304573.0,291791.12,1604063.71,1616845.59,0
0,65983.94,0.0,0.0,802291.6,868275.54,0
0,1676781.52,109835.0,0.0,0.0,1676781.52,0
1,122469.76,0.0,0.0,6525692.94,6648162.7,0
1,196793.65,21475.0,0.0,344366.0,408268.55,0
0,1678461.92,0.0,0.0,5542554.96,7221016.88,0
1,121012.63,0.0,0.0,2138596.66,2435175.52,0
1,165244.73,126.0,0.0,0.0,165244.73,0
1,9245.18,729226.35,719981.17,158476.08,167721.26,0
1,67408.71,0.0,0.0,1622686.4,1555040.63,0
1,436664.17,5208.0,0.0,164128.98,600793.15,0
1,63141.2,0.0,0.0,4021262.05,4084403.25,0
1,103132.38,0.0,0.0,129367.25,232499.63,0
1,166376.49,11160.0,0.0,0.0,166376.49,0
1,286891.49,53636.0,0.0,0.0,286891.49,0
1,425781.62,16049.0,0.0,44080.69,469862.31,0
0,314688.37,1088.0,0.0,114365.8,429054.17,0
0,713116.32,0.0,0.0,4764878.19,5477994.51,0
1,110646.59,46463.0,0.0,111736.51,222383.11,0
1,6380.8,53642.0,47261.2,560372.09,566752.89,0
1,79056.58,22450.0,0.0,825067.47,904124.05,0
1,159256.5,0.0,0.0,890612.15,1049868.65,0
1,778472.69,0.0,0.0,1121644.15,1900116.84,0
1,247320.69,717.0,0.0,0.0,247320.69,0
1,113226.72,0.0,0.0,547645.56,570543.43,0
1,215471.23,22938.0,0.0,34484.53,345100.03,0
0,1845692.45,0.0,0.0,3473885.59,5352949.87,0
1,503317.87,6046.0,0.0,183899.98,687217.84,0
1,5042.38,0.0,0.0,164293.18,169335.55,0
0,638829.04,158821.0,0.0,691592.04,1330421.08,0
0,410554.12,0.0,0.0,716871.6,1127425.72,0
1,92478.97,15896.0,0.0,0.0,92478.97,0
1,274900.36,8445.0,0.0,0.0,274900.36,0
1,39458.21,379696.0,340237.79,755271.6,794729.81,0
1,157983.54,16596.0,0.0,1037004.18,1268198.08,0
1,138324.32,0.0,0.0,284691.23,423015.55,0
1,29691.94,312489.0,282797.06,341711.01,371402.95,0
1,31358.68,10868.0,0.0,9885019.74,10033299.7,0
1,361001.72,0.0,0.0,490867.86,851869.58,0
1,220149.63,243315.66,23166.03,761056.96,981206.58,0
1,330268.61,45858.0,0.0,2658112.6,2988381.21,0
1,10022.87,0.0,0.0,54049.3,64072.17,0
1,87355.22,10767.0,0.0,11611.71,98966.93,0
1,82018.75,0.0,0.0,658170.42,740189.17,0
1,56434.09,3075.0,0.0,0.0,56434.09,0
1,234504.31,34880.0,0.0,0.0,234504.31,0
0,139589.03,0.0,0.0,1060163.79,1199752.82,0
1,54159.64,0.0,0.0,161507.31,215666.94,0
1,52826.9,120126.46,67299.57,107245.41,160072.31,0
1,434666.7,51416.0,0.0,1067892.97,2327493.97,0
1,468159.63,14953.0,0.0,0.0,468159.63,0
0,558087.74,10977.0,0.0,573201.33,1131289.07,0
1,59153.72,155.0,0.0,0.0,59153.72,0
1,129029.5,0.0,0.0,490115.55,619145.05,0
1,99224.48,118000.0,18775.52,815052.18,914276.66,0
1,353840.11,0.0,0.0,477159.1,830999.22,0
1,91970.24,11598.0,0.0,21812.71,113782.95,0
0,2710.1,294842.08,292131.98,199846.98,202557.08,0
1,98882.84,0.0,0.0,697864.49,796747.33,0
0,75464.32,0.0,0.0,233790.23,309254.55,0
1,35657.9,29717.0,0.0,712499.59,748157.48,0
1,328242.92,120609.0,0.0,42954.62,371197.55,0
1,168505.1,0.0,0.0,1452846.22,1621351.32,0
1,133389.35,0.0,0.0,494211.95,627601.3,0
1,31944.55,0.0,0.0,540808.68,386481.93,0
1,325808.7,0.0,0.0,3495167.82,3820976.52,0
1,167295.1,0.0,0.0,471454.98,328638.5,0
1,129192.18,0.0,0.0,1490709.15,1619901.33,0
0,96773.83,0.0,0.0,711594.7,808368.54,0
0,619571.72,0.0,0.0,4900459.11,5520030.83,0
1,237541.46,397971.0,160429.54,0.0,237541.46,0
0,204292.3,0.0,0.0,378027.65,582319.95,0
1,122249.25,927.0,0.0,1694345.78,1816595.02,0
1,80058.22,9983.0,0.0,87766.43,167824.65,0
1,69121.15,9225.63,0.0,1510687.77,1579808.93,0
1,238088.88,49951.0,0.0,906.0,7476.47,0
1,78238.98,20006.0,0.0,0.0,78238.98,0
0,175964.51,21065.0,0.0,0.0,175964.51,0
1,448188.25,20671.0,0.0,3988682.85,4436871.1,0
1,143421.72,0.0,0.0,151920.56,295342.28,0
0,12078609.57,0.0,0.0,26419826.31,38498435.88,0
1,78418.52,120108.0,41689.48,0.0,78418.52,0
1,565610.33,45159.0,0.0,835579.73,1401190.06,0
1,116266.72,0.0,0.0,226044.33,342311.05,0
1,311726.55,19722.0,0.0,0.0,311726.55,0
1,278653.35,13230.0,0.0,40042.0,31067.14,0
1,106360.03,0.0,0.0,186490.91,292850.94,0
1,117577.53,0.0,0.0,1009122.29,1126699.83,0
1,99384.56,112668.0,13283.44,12391.42,111775.99,0
1,180541.0,52659.0,0.0,245754.89,426295.9,0
1,268900.77,0.0,0.0,612297.57,881198.35,0
0,613638.71,141834.0,0.0,1622858.07,2236496.78,0
1,314616.78,42351.0,0.0,10487812.04,10850748.45,0
1,39426.47,0.0,0.0,2107651.8,2147078.27,0
1,48928.39,559005.0,510076.61,7062.6,55990.99,0
1,315417.25,11612.0,0.0,9138295.06,9453712.31,0
1,185923.99,510189.0,324265.01,2584580.25,2770504.24,0
0,464516.88,0.0,0.0,1915492.74,2380009.62,0
1,303731.91,3817.0,0.0,11653.29,315385.2,0
1,595880.62,880.0,0.0,0.0,595880.62,0
1,237925.74,14251.0,0.0,253353.0,1321197.18,0
0,380370.8,206979.0,0.0,58889.33,439260.13,0
1,191224.61,0.0,0.0,412254.88,603479.49,0
1,4382.17,0.0,0.0,1785685.26,1790067.44,0
1,487037.87,8316.0,0.0,0.0,487037.87,0
1,639548.85,62.0,0.0,0.0,639548.85,0
1,279065.13,47160.0,0.0,878278.76,1157343.9,0
1,140263.49,0.0,0.0,180575.26,320838.75,0
1,145410.25,60944.0,0.0,0.0,145410.25,0
1,221763.49,0.0,0.0,664334.06,886097.55,0
0,363032.0,28511.0,0.0,74836.26,437868.26,0
1,485227.75,0.0,0.0,706810.35,1192038.1,0
1,718923.74,14937.0,0.0,30864.0,749787.74,0
1,43224.09,176.0,0.0,19032.14,62256.23,0
1,334075.36,43022.0,0.0,2865718.12,3418070.38,0
1,196517.65,46715.0,0.0,1310837.6,1507355.25,0
1,218620.1,305822.0,87201.9,193680.73,412300.83,0
1,115734.6,78642.59,0.0,883512.33,999246.93,0
1,453757.65,0.0,0.0,1288874.56,1742632.22,0
0,716814.07,52854.0,0.0,0.0,716814.07,0
0,1319621.97,0.0,0.0,3488179.99,4807801.96,0
1,86723.6,374662.23,287938.63,119448.06,206171.66,0
1,57947.52,570592.72,512645.19,2202568.7,2260516.22,0
1,93563.99,160.0,0.0,249124.21,342688.2,0
1,142743.23,372974.29,230231.06,1317513.66,1460256.89,0
1,94007.13,0.0,0.0,2849946.54,2943953.67,0
1,54985.53,359611.0,304625.47,103248.07,158233.6,0
1,153398.52,0.0,0.0,198065.67,351464.18,0
0,490664.22,30572.0,0.0,171319.57,661983.79,0
1,171767.43,32312.0,0.0,0.0,171767.43,0
1,321198.47,0.0,0.0,1040183.66,1361382.13,0
0,307008.41,0.0,0.0,513748.01,820756.43,0
1,115837.52,11178.0,0.0,1436484.83,2967917.29,0
1,96004.12,185.0,0.0,7216.24,103220.36,0
1,305782.09,54541.0,0.0,0.0,305782.09,0
1,125977.63,0.0,0.0,157189.77,283167.4,0
1,21726.26,0.0,0.0,3717885.91,3739612.17,0
1,53962.94,0.0,0.0,136910.94,190873.89,0
1,121549.76,0.0,0.0,1091325.28,1212875.05,0
1,107302.93,0.0,0.0,747739.26,855042.19,0
1,282242.96,0.0,0.0,353194.26,635437.22,0
0,1806694.84,0.0,0.0,18360784.86,20167479.7,0
1,106075.62,158.0,0.0,150467.14,256542.77,0
1,353044.08,709164.0,356119.92,308739.12,923101.02,0
1,136917.98,0.0,0.0,19127499.33,19264417.31,0
0,2893628.64,99024.0,0.0,456287.88,3349916.52,0
0,1935431.87,335.0,0.0,1093078.13,3028509.99,0
0,62219.02,0.0,0.0,1570365.26,1632584.27,0
1,45306.56,0.0,0.0,8681177.83,8726484.39,0
1,296473.01,0.0,0.0,585218.25,881691.26,0
0,569417.05,0.0,0.0,2583936.84,3153353.89,0
0,1090734.33,137959.97,0.0,1712823.16,2803557.5,0
0,203501.95,0.0,0.0,400249.91,603751.86,0
1,439481.98,0.0,0.0,442029.39,881511.37,0
0,211559.32,0.0,0.0,475470.05,687029.37,0
1,250837.48,0.0,0.0,1452879.5,1703716.98,0
1,45806.26,54712.0,8905.74,0.0,45806.26,0
1,126650.23,355703.34,229053.11,864511.11,991161.34,0
1,229306.03,11879.0,0.0,0.0,424860.61,0
1,70565.52,0.0,0.0,70755.47,141321.0,0
0,1797414.63,0.0,0.0,1896352.55,3693767.18,0
1,204932.11,8519.0,0.0,0.0,204932.11,0
1,473702.08,0.0,0.0,646869.71,922883.59,0
1,211126.28,0.0,0.0,1715590.57,1926716.84,0
1,72663.62,101264.0,28600.38,258813.05,331476.67,0
1,239155.0,492704.38,253549.38,0.0,220938.7,0
0,1473900.44,0.0,0.0,1790531.47,3347987.38,0
1,102748.49,0.0,0.0,254771.01,357519.5,0
1,40340.56,30784.0,0.0,15401.75,55742.31,0
1,157926.94,0.0,0.0,215500.3,373427.24,0
1,146507.3,0.0,0.0,5457493.71,5604001.01,0
1,98818.38,20420.0,0.0,0.0,98818.38,0
1,181606.01,0.0,0.0,1780123.63,1961729.64,0
0,10000000.0,0.0,0.0,20000000.0,34381764.46,0
1,55174.63,21089.0,0.0,194450.04,249624.68,0
1,159436.68,40938.0,0.0,1128188.19,1287624.87,0
0,28375.66,0.0,0.0,60079.0,88454.66,0
1,68010.29,13425.0,0.0,0.0,68010.29,0
1,65380.98,0.0,0.0,449253.0,514633.98,0
0,478168.48,29714.0,0.0,213439.23,691607.72,0
1,103847.54,75368.0,0.0,9805769.1,9909616.64,0
1,342173.03,5582.0,0.0,0.0,527526.46,0
1,446768.05,2031.0,0.0,14417.64,461185.69,0
1,182280.19,1822.17,0.0,527281.59,709561.78,0
1,132323.97,20353.0,0.0,1416520.04,1548844.01,0
0,2388242.16,0.0,0.0,5978071.39,8366313.55,0
1,269511.66,216.0,0.0,0.0,422454.84,0
1,446360.26,33594.0,0.0,673843.07,1120203.32,0
1,41824.83,273440.95,231616.12,58225.85,100050.68,0
1,116464.42,1362.0,0.0,2034852.47,2151316.89,0
1,181969.32,0.0,0.0,1307327.6,1489296.92,0
1,34030.74,0.0,0.0,80687.71,114718.45,0
1,70916.19,41046.0,0.0,0.0,70916.19,0
1,293973.89,0.0,0.0,1311509.86,1605483.75,0
1,303313.52,208689.0,0.0,0.0,303313.52,0
1,64381.71,0.0,0.0,162558.98,226940.69,0
1,93009.45,32013.0,0.0,344623.85,437633.31,0
1,116625.2,8896.01,0.0,2924388.45,3041013.65,0
1,314748.55,143.0,0.0,37271.09,352019.64,0
1,3464.41,437.0,0.0,210865.94,214330.35,0
1,101316.7,0.0,0.0,273845.59,375162.29,0
1,53009.98,0.0,0.0,1791405.4,1844415.38,0
1,776.5,0.0,0.0,96616.37,97392.87,0
1,100774.71,16934.29,0.0,290753.65,391528.36,0
1,22043.25,1817.0,0.0,260100.64,282143.88,0
1,29489.92,0.0,0.0,1609411.85,1638901.77,0
1,141677.94,102504.0,0.0,0.0,141677.94,0
1,60062.67,0.0,0.0,3093185.96,3153248.63,0
0,38223.11,38223.11,0.0,0.0,0.0,1
1,175786.69,0.0,0.0,1454378.96,1630165.66,0
1,147531.85,0.0,0.0,256628.95,404160.8,0
0,206055.25,0.0,0.0,264084.72,470139.97,0
1,286107.66,16917.04,0.0,920008.03,1206115.69,0
0,749941.54,10907.0,0.0,22171.48,772113.02,0
1,313361.04,19579.0,0.0,393040.65,706401.7,0
1,347203.23,20616.0,0.0,13036411.61,13383614.85,0
1,65128.57,51158.0,0.0,2484352.41,2549480.99,0
1,174119.05,4005.0,0.0,1266551.04,1440670.09,0
1,218699.82,39882.0,0.0,242083.8,460783.62,0
1,102899.42,0.0,0.0,1716607.78,1819507.19,0
1,217073.86,462480.51,245406.66,1728623.32,2537995.86,0
1,299153.66,0.0,0.0,4146520.2,4445673.86,0
1,113224.84,200605.0,87380.16,2606642.8,2719867.64,0
1,117955.16,20189.0,0.0,267364.85,385320.01,0
0,59527.51,0.0,0.0,2287375.82,2346903.33,0
1,113014.84,11274.0,0.0,0.0,113014.84,0
1,159340.99,5828.0,0.0,0.0,159340.99,0
1,292419.75,0.0,0.0,1835550.38,2127970.13,0
1,51943.21,0.0,0.0,310739.17,362682.38,0
0,589169.82,0.0,0.0,3671530.86,4260700.68,0
1,168639.22,10359.0,0.0,187509.36,314561.32,0
1,224120.18,0.0,0.0,715705.04,939825.22,0
1,297238.14,380250.0,83011.86,2790354.66,3087592.8,0
1,43921.11,388.0,0.0,0.0,43921.11,0
1,222590.26,29744.0,0.0,465217.82,687808.08,0
1,190006.59,40098.0,0.0,4152124.24,4342130.83,0
1,85512.53,101766.0,16253.47,2134878.53,2220391.07,0
1,45524.01,0.0,0.0,1833879.91,1731548.93,0
1,71551.62,0.0,0.0,2932113.55,3003665.17,0
1,388880.99,0.0,0.0,1339847.54,1728728.53,0
1,91733.7,153497.0,61763.3,0.0,91733.7,0
1,75870.43,20383.0,0.0,177976.09,253846.52,0
1,155958.24,3013.0,0.0,159381.02,315339.26,0
0,139514.28,8078.0,0.0,208497.53,348011.81,0
1,58656.88,11954.0,0.0,243930.65,302587.53,0
1,7868.51,0.0,0.0,399230.2,407098.71,0
1,70721.32,23607.61,0.0,2008011.74,2078733.06,0
1,166639.59,0.0,0.0,3331934.36,3498573.95,0
1,8233.13,0.0,0.0,619065.17,627298.3,0
0,536679.81,68061.0,0.0,528394.3,1065074.1,0
0,6351941.92,20907.0,0.0,0.0,6351941.92,0
1,193818.2,99987.0,0.0,149575.94,343394.13,0
1,14951.73,0.0,0.0,748763.63,763715.36,0
1,88584.75,0.0,0.0,122492.69,211077.44,0
1,253645.16,20983.0,0.0,81163.97,334809.13,0
1,22231.25,0.0,0.0,2583088.93,2605320.18,0
1,238089.32,10732.0,0.0,1122729.33,1360818.65,0
0,1167632.45,0.0,0.0,1296833.44,2205751.21,0
1,530134.79,0.0,0.0,694232.7,1224367.49,0
0,775417.04,29542.0,0.0,12632895.98,13408313.01,0
1,396572.92,123.0,0.0,0.0,396572.92,0
0,172959.15,34254.0,0.0,0.0,172959.15,0
1,242442.76,11027.0,0.0,488098.77,730541.53,0
0,2330303.52,0.0,0.0,3116376.75,5446680.27,0
1,40052.1,10310.0,0.0,260904.79,300956.89,0
1,48080.28,0.0,0.0,2988477.29,3036557.58,0
1,86112.8,29975.0,0.0,0.0,86112.8,0
1,148379.74,153984.0,5604.26,225682.41,374062.15,0
0,217763.65,24578.0,0.0,0.0,217763.65,0
1,13271.81,0.0,0.0,2574826.05,2588097.86,0
1,291960.12,0.0,0.0,13532015.9,13823976.02,0
1,228133.37,79345.0,0.0,1346727.15,1574860.52,0
1,14817.82,0.0,0.0,1544051.1,1558868.92,0
1,156780.53,0.0,0.0,217785.99,379640.26,0
1,352540.32,149240.0,0.0,1503089.63,1855629.94,0
1,482217.63,157268.0,0.0,0.0,482217.63,0
1,127113.44,30126.0,0.0,639095.81,766209.25,0
1,258312.88,100362.0,0.0,2237043.32,2495356.2,0
0,1962650.65,3058.0,0.0,208469.37,2171120.02,0
0,2007938.27,102431.0,0.0,468605.53,2476543.8,0
1,120076.93,0.0,0.0,149076.2,269153.13,0
1,100694.13,6312.0,0.0,0.0,100694.13,0
1,401584.4,0.0,0.0,1635907.98,2037492.38,0
1,203415.99,34453.0,0.0,0.0,203415.99,0
1,180207.76,0.0,0.0,8054401.4,8234609.16,0
1,41127.4,15803.71,0.0,1069737.1,1110864.5,0
0,1072946.48,0.0,0.0,28359863.84,29432810.32,0
0,866910.76,0.0,0.0,2847251.26,3714162.02,0
1,149844.85,1537008.05,1387163.2,1187426.3,1337271.15,0
1,232127.97,0.0,0.0,1251690.22,1483818.19,0
0,358854.64,60745.0,0.0,20197.06,379051.7,0
1,200119.54,183.0,0.0,985338.63,1185458.17,0
1,122275.32,0.0,0.0,1358608.27,1480883.59,0
0,217918.76,0.0,0.0,5222607.08,5440525.84,0
1,317773.38,53808.0,0.0,951026.27,1268799.64,0
0,632230.62,0.0,0.0,1704205.37,2794958.58,0
1,183471.06,0.0,0.0,476844.9,436243.77,0
1,352899.3,0.0,0.0,459807.21,812706.51,0
1,360830.94,582208.69,221377.75,711244.7,1072075.64,0
1,200560.31,500.0,0.0,0.0,200560.31,0
0,1092261.11,0.0,0.0,1230046.79,2322307.9,0
1,129149.94,41036.0,0.0,0.0,129149.94,0
1,114441.8,0.0,0.0,478626.72,593068.53,0
0,1030397.66,0.0,0.0,3969865.26,5000262.92,0
1,318623.22,41252.0,0.0,0.0,318623.22,0
1,229402.79,0.0,0.0,2514573.15,2743975.94,0
1,131405.99,62007.0,0.0,896745.14,1028151.13,0
1,347002.14,40592.0,0.0,496565.41,843567.55,0
1,300949.28,588.0,0.0,7651.48,308600.76,0
1,446194.14,0.0,0.0,1624919.4,2071113.53,0
1,45546.59,0.0,0.0,214036.08,259582.66,0
1,187394.63,0.0,0.0,1573924.76,1761319.38,0
1,141664.92,0.0,0.0,179781.98,321446.9,0
1,208852.4,180787.0,0.0,0.0,88699.83,0
0,2900690.78,0.0,0.0,2990692.65,5891383.43,0
1,331237.75,20456.0,0.0,1087576.47,1418814.23,0
1,62731.15,9572.0,0.0,0.0,62731.15,0
1,87089.53,0.0,0.0,4334695.78,4421785.31,0
1,133361.05,453707.0,320345.95,13463169.23,15436617.58,0
1,275806.26,0.0,0.0,605573.07,1514617.32,0
1,392313.17,9039.0,0.0,5626668.9,6018982.06,0
0,640562.57,0.0,0.0,6422548.34,7063110.91,0
1,126291.51,0.0,0.0,2061152.06,2187443.57,0
1,41724.61,151400.0,109675.39,18697.55,60422.17,0
1,42813.89,0.0,0.0,2103991.5,2146805.4,0
1,82085.06,0.0,0.0,6690030.51,6772115.58,0
1,68581.62,21438.0,0.0,0.0,68581.62,0
1,147115.06,40582.0,0.0,0.0,147115.06,0
1,84664.31,0.0,0.0,2874586.95,2959251.26,0
0,148019.26,11988.0,0.0,0.0,148019.26,0
0,131618.49,255635.0,124016.51,0.0,131618.49,0
0,713462.78,0.0,0.0,2292560.82,3006023.6,0
1,45994.34,0.0,0.0,86268.16,132262.5,0
0,608509.92,162424.0,0.0,254338.7,862848.62,0
1,111269.53,0.0,0.0,3927952.47,4039221.99,0
1,244926.79,0.0,0.0,1716389.79,1961316.58,0
1,35075.25,20815.0,0.0,4633.06,39708.32,0
0,1494886.3,0.0,0.0,9795868.75,11290755.05,0
1,99058.8,0.0,0.0,113300.03,212358.83,0
0,882072.41,24514.0,0.0,0.0,882072.41,0
1,133810.12,0.0,0.0,6227482.08,6361292.2,0
0,486617.49,585.0,0.0,819279.71,901204.31,0
1,85401.21,482359.91,396958.7,1425033.47,1510434.68,0
1,78796.7,5077.0,0.0,0.0,78796.7,0
1,316237.54,55455.0,0.0,0.0,316237.54,0
1,218871.76,0.0,0.0,10167670.56,10386542.32,0
1,305032.08,31063.0,0.0,266246.65,571278.72,0
1,326374.35,0.0,0.0,395877.16,722251.51,0
1,489847.16,0.0,0.0,724696.26,1214543.42,0
0,1080800.83,11762.0,0.0,0.0,1080800.83,0
1,255128.38,0.0,0.0,1638674.46,1893802.84,0
1,236612.6,149596.0,0.0,1872796.28,2109408.89,0
1,242767.74,0.0,0.0,2792689.29,3035457.03,0
0,2555919.66,16452.0,0.0,3711511.98,6267431.63,0
1,193590.16,0.0,0.0,3572270.18,3765860.34,0
1,279519.86,0.0,0.0,302180.8,581700.65,0
1,103012.43,0.0,0.0,347342.07,450354.5,0
1,262330.8,5071.0,0.0,193775.72,456106.53,0
1,197653.77,0.0,0.0,634856.47,832510.24,0
1,40574.52,48232.0,7657.48,2763402.94,2803977.46,0
1,27839.01,0.0,0.0,456655.78,0.0,0
1,78034.15,0.0,0.0,11110412.12,11188446.27,0
0,847861.62,21631.0,0.0,704410.0,1552271.62,0
1,74002.38,39644.0,0.0,495487.77,569490.15,0
0,125600.43,0.0,0.0,3066271.85,3191872.28,0
1,227294.29,0.0,0.0,787734.35,809486.16,0
1,56348.71,0.0,0.0,1486198.83,1542547.54,0
1,64768.76,75461.74,10692.97,532189.43,596958.19,0
1,84492.94,50388.0,0.0,23844.99,108337.92,0
1,170690.72,82493.0,0.0,486088.56,656779.28,0
1,327337.31,0.0,0.0,2530735.49,2858072.8,0
1,295221.28,121.0,0.0,0.0,295221.28,0
1,258489.41,62313.0,0.0,1517911.67,1776401.08,0
0,176423.8,0.0,0.0,2296988.89,2473412.69,0
1,81034.65,547900.0,466865.35,3858743.4,3939778.05,0
1,187258.92,6952.0,0.0,3465983.61,3653242.53,0
1,101297.27,403508.86,302211.6,142919.52,244216.79,0
1,262856.18,0.0,0.0,315997.16,578853.34,0
1,90664.76,6161.0,0.0,548396.91,639061.67,0
1,197734.66,173248.0,0.0,6972955.74,7170690.4,0
0,2802729.55,0.0,0.0,4090021.97,6892751.52,0
1,67945.86,0.0,0.0,3313708.57,3381654.43,0
1,298687.31,224574.98,0.0,1780319.73,2079007.04,0
1,53972.63,0.0,0.0,285842.25,339814.88,0
1,102094.72,0.0,0.0,634427.99,736522.7,0
1,76864.84,0.0,0.0,4561402.08,4638266.93,0
1,118185.71,0.0,0.0,833646.69,951832.4,0
1,435261.59,119826.0,0.0,411316.36,846577.95,0
0,6714.56,0.0,0.0,445489.31,452203.87,0
1,118724.46,0.0,0.0,233557.47,352281.93,0
1,245670.64,1951.08,0.0,347629.46,593300.11,0
1,111015.64,64510.0,0.0,21617.2,132632.83,0
0,178614.1,0.0,0.0,1378995.58,1557609.69,0
1,104049.46,27526.0,0.0,130104.43,234153.88,0
1,287854.93,0.0,0.0,519730.26,913380.77,0
1,148343.56,103577.0,0.0,0.0,148343.56,0
1,28115.54,11929.0,0.0,0.0,28115.54,0
1,101761.81,0.0,0.0,2823586.73,2925348.54,0
1,349663.25,0.0,0.0,3121745.44,3471408.69,0
1,65542.77,0.0,0.0,575349.34,640892.11,0
1,118178.88,469.0,0.0,0.0,118178.88,0
1,109507.04,6941.0,0.0,373690.56,483197.59,0
1,195547.55,0.0,0.0,1936715.45,2132263.0,0
0,6468.99,0.0,0.0,311537.27,318006.27,0
1,16770.54,0.0,0.0,255642.44,272412.98,0
1,315795.83,0.0,0.0,2807406.85,3047173.09,0
1,389682.42,376141.9,0.0,711317.12,1100999.54,0
1,334484.84,94824.0,0.0,115620.01,450104.85,0
1,209563.62,0.0,0.0,1419064.51,1628628.13,0
1,146261.34,133.0,0.0,405199.61,551460.95,0
1,305634.33,534782.0,229147.67,139971.17,445605.5,0
0,104582.46,0.0,0.0,1273125.24,1377707.7,0
1,43641.52,0.0,0.0,182972.96,226614.48,0
1,155949.17,0.0,0.0,226463.38,382412.55,0
1,45978.16,98489.0,52510.84,26524.42,72502.58,0
0,78933.87,109.0,0.0,0.0,78933.87,0
1,171942.77,22379.0,0.0,369192.28,541135.06,0
1,220137.16,26639.0,0.0,6485375.3,6705512.46,0
1,386486.57,21097.0,0.0,0.0,386486.57,0
1,429529.14,0.0,0.0,1299129.68,1728658.82,0
0,1374673.82,330235.0,0.0,0.0,1553794.22,0
1,3226.28,0.0,0.0,108632.03,180025.55,0
1,275017.85,29102.0,0.0,0.0,275017.85,0
1,148436.18,0.0,0.0,19153991.08,19302427.27,0
1,396759.87,0.0,0.0,1758924.94,2155684.81,0
1,12797.17,5598.0,0.0,0.0,12797.17,0
1,393739.79,11190.0,0.0,14786.55,408526.34,0
1,120264.31,46361.13,0.0,68800.18,189064.49,0
1,367759.6,0.0,0.0,992396.98,1360156.57,0
1,180978.56,16953.0,0.0,970646.71,1151625.27,0
1,454369.55,50360.0,0.0,0.0,454369.55,0
1,555.45,100540.0,99984.55,313410.66,313966.1,0
1,168793.01,0.0,0.0,453200.57,621993.59,0
1,214961.74,0.0,0.0,654595.18,869556.92,0
1,141789.04,48602.0,0.0,0.0,141789.04,0
1,26639.95,228992.0,202352.05,128742.7,155382.65,0
0,259098.35,25109.0,0.0,394122.92,653221.27,0
1,17943.67,0.0,0.0,4788624.22,4806567.89,0
0,943682.77,29645.0,0.0,0.0,943682.77,0
1,281157.55,0.0,0.0,1118351.68,1399509.23,0
1,17023.92,16375.0,0.0,154477.96,171501.88,0
1,153864.91,210252.0,56387.09,76072.26,229937.17,0
0,218607.62,0.0,0.0,2794660.75,3013268.36,0
1,61369.51,95291.0,33921.49,399606.25,460975.76,0
1,246826.85,7030.0,0.0,118572.89,365399.74,0
1,464222.58,292296.23,0.0,943549.93,1407772.51,0
1,853911.78,79653.0,0.0,256557.0,1110468.78,0
1,173504.46,96891.0,0.0,2989738.9,3163243.37,0
0,338852.98,0.0,0.0,5401908.13,5740761.12,0
1,235044.06,31248.0,0.0,4530451.22,4975103.35,0
0,10000000.0,21262.0,0.0,0.0,35093497.27,0
1,36781.06,0.0,0.0,974534.91,1011315.97,0
0,13875.06,0.0,0.0,148257.49,162132.55,0
1,196653.6,0.0,0.0,4818579.08,5015232.68,0
1,29357.47,0.0,0.0,1520923.18,1550280.65,0
0,198309.33,360.0,0.0,0.0,198309.33,0
1,236387.45,57214.0,0.0,769243.57,1005631.02,0
1,199188.6,0.0,0.0,297690.85,496879.45,0
1,346118.15,0.0,0.0,1759983.01,2106101.15,0
1,211195.98,0.0,0.0,381206.63,592402.61,0
0,343050.99,0.0,0.0,10388755.46,10731806.45,0
1,250471.71,0.0,0.0,495722.77,746194.47,0
1,210960.51,0.0,0.0,757536.68,968497.2,0
1,74442.35,41623.0,0.0,10760684.14,10835126.48,0
0,753846.97,21256.0,0.0,0.0,753846.97,0
1,110228.09,0.0,0.0,647991.24,758219.33,0
0,221235.44,53866.0,0.0,1343371.9,1564607.35,0
0,479400.65,26115.0,0.0,0.0,479400.65,0
1,196460.76,0.0,0.0,196819.15,393279.91,0
1,111867.84,0.0,0.0,354864.47,466732.31,0
1,433341.85,0.0,0.0,10052279.66,10485621.52,0
1,249195.6,0.0,0.0,2527760.83,2776956.43,0
1,325538.09,22376.0,0.0,0.0,325538.09,0
1,313439.59,0.0,0.0,497532.93,810972.52,0
1,13587.78,0.0,0.0,1811689.82,1626887.42,0
1,109246.57,0.0,0.0,6242706.04,6351952.61,0
1,73639.39,0.0,0.0,101614.86,175254.25,0
1,223854.72,11181.0,0.0,291023.71,514878.43,0
1,240689.83,21417.0,0.0,77559.97,318249.8,0
1,46859.61,0.0,0.0,704891.48,751751.1,0
0,295193.01,50953.0,0.0,0.0,295193.01,0
1,207039.65,107829.0,0.0,999973.98,1207013.63,0
1,383457.56,453214.72,69757.16,1980199.5,2363657.06,0
1,119215.1,10931.0,0.0,2287139.27,2406354.37,0
1,14555.08,0.0,0.0,600835.59,615390.67,0
1,34008.07,0.0,0.0,104054.19,138062.26,0
1,161789.76,16501.0,0.0,1948629.37,2110419.13,0
0,220867.92,162683.18,0.0,976.35,154886.72,0
1,99848.25,0.0,0.0,355158.82,455007.08,0
1,453207.48,6009.0,0.0,276609.24,813929.3,0
1,61971.01,0.0,0.0,1226153.93,1288124.94,0
1,42177.08,0.0,0.0,1970621.0,2012798.07,0
0,145108.76,0.0,0.0,2666501.94,2811610.7,0
1,172421.93,419654.88,247232.95,4300453.45,4472875.38,0
1,234631.22,0.0,0.0,899112.73,1133743.96,0
0,612672.73,60232.0,0.0,0.0,612672.73,0
1,56224.33,0.0,0.0,169837.22,226061.55,0
0,44852.01,24517.22,0.0,622726.62,1264686.6,0
1,392654.16,21711.0,0.0,0.0,392654.16,0
1,101229.48,0.0,0.0,741736.36,842965.84,0
1,177968.19,0.0,0.0,320202.35,498170.54,0
1,225621.97,214.0,0.0,31005.48,256627.45,0
1,50651.61,0.0,0.0,17214253.56,17264905.17,0
1,291812.94,0.0,0.0,339058.61,630871.55,0
0,2645841.47,0.0,0.0,24673941.62,27319783.09,0
1,105621.62,0.0,0.0,213967.51,319589.13,0
1,170820.22,0.0,0.0,293617.1,464437.32,0
1,188601.9,0.0,0.0,894172.17,1082774.07,0
1,4830.39,58.0,0.0,2517481.72,2522312.11,0
1,191543.15,0.0,0.0,653176.54,844719.69,0
1,17668.04,0.0,0.0,5627839.22,5645507.26,0
1,309958.52,243542.0,0.0,701096.2,1011054.73,0
1,16755.96,0.0,0.0,76351.89,93107.85,0
1,141954.74,0.0,0.0,576335.57,718290.3,0
1,317303.52,44620.0,0.0,275537.25,592840.77,0
1,528777.28,107067.75,0.0,4033905.6,4562682.88,0
0,10000000.0,0.0,0.0,40000000.0,50880890.87,0
1,14261.22,2407.0,0.0,122909.51,137170.73,0
1,141718.43,0.0,0.0,393616.37,535334.8,0
1,315700.27,0.0,0.0,589892.94,905593.21,0
1,206764.71,22473.0,0.0,104063.57,310828.29,0
1,156331.43,26312.0,0.0,20660.0,141220.27,0
1,175855.08,0.0,0.0,814822.12,990677.2,0
1,109665.06,0.0,0.0,192536.08,302201.14,0
0,279011.84,21426.0,0.0,58961.85,661056.51,0
1,144506.87,19838.0,0.0,2854940.32,2999447.19,0
0,538654.92,61701.0,0.0,4852850.43,5391505.35,0
1,169903.6,0.0,0.0,1489281.28,1659184.89,0
0,120512.48,10432.0,0.0,0.0,120512.48,0
1,166706.71,79570.0,0.0,2011963.19,2178669.89,0
1,49841.78,11286.0,0.0,0.0,49841.78,0
1,154146.14,662.0,0.0,15479.19,169625.34,0
1,29915.33,0.0,0.0,279520.58,309435.9,0
1,186361.35,0.0,0.0,1304240.21,1539772.67,0
0,1220023.33,0.0,0.0,5549403.65,6769426.97,0
1,90310.38,0.0,0.0,182750.07,273060.46,0
1,279379.1,79045.0,0.0,4997147.39,5276526.49,0
1,85998.32,9513.0,0.0,0.0,85998.32,0
1,179914.19,0.0,0.0,1124125.89,1304040.08,0
1,85347.72,201089.0,115741.28,2497.48,87845.2,0
1,189741.51,52235.0,0.0,0.0,189741.51,0
1,302141.59,5768.0,0.0,40996.69,343138.28,0
1,254744.07,220245.0,0.0,452762.0,669748.91,0
1,278272.27,14261.0,0.0,355182.79,633455.06,0
0,136985.46,0.0,0.0,3876393.19,4013378.65,0
1,483328.72,309467.12,0.0,862318.34,1345647.06,0
1,20333.64,380501.0,360167.36,95198.98,115532.62,0
1,33238.15,0.0,0.0,5107247.03,5140485.18,0
1,101618.5,24004.0,0.0,0.0,101618.5,0
0,1084144.31,0.0,0.0,1215505.95,2299650.26,0
1,431328.58,46244.0,0.0,42525.13,473853.71,0
1,201770.77,0.0,0.0,2896344.56,3098115.33,0
1,183676.46,35801.15,0.0,1779782.32,1963458.77,0
0,894313.93,101839.0,0.0,195885.17,1090199.1,0
1,205268.43,11254.0,0.0,0.0,284346.97,0
1,613452.82,13219.0,0.0,311817.1,925269.91,0
0,903904.84,0.0,0.0,16656977.61,17560882.44,0
1,274776.03,0.0,0.0,553827.4,828603.43,0
1,291843.79,0.0,0.0,1275897.89,1567741.68,0
0,62610.8,79114.0,16503.2,517.0,8383.29,0
1,289445.82,21181.0,0.0,8394975.35,8684421.17,0
1,104532.56,0.0,0.0,440675.6,545208.17,0
1,390329.27,300151.0,0.0,647404.06,1037733.33,0
1,326213.46,0.0,0.0,1026936.96,1353150.42,0
1,213516.92,5776.0,0.0,274886.8,488403.73,0
1,80252.48,0.0,0.0,1644184.27,1724436.75,0
0,1689740.08,31737.0,0.0,4005.0,1595477.98,0
1,17033.11,360936.0,343902.89,2105675.46,2122708.57,0
1,83110.9,530405.0,447294.1,0.0,83110.9,0
1,114645.7,10974.0,0.0,4728535.61,4843181.32,0
1,170790.26,20879.0,0.0,79691.95,250482.21,0
1,35933.09,0.0,0.0,153153.2,189086.28,0
1,473748.4,179402.47,0.0,4766429.92,5240178.32,0
1,147500.19,0.0,0.0,846469.38,993969.58,0
1,6634.62,227485.19,220850.57,0.0,6634.62,0
1,11079.75,9024.0,0.0,0.0,11079.75,0
1,174524.52,0.0,0.0,757067.51,975682.13,0
1,106147.22,31126.0,0.0,1757958.44,1869422.98,0
1,134731.94,0.0,0.0,481287.44,616019.37,0
1,111924.16,71641.0,0.0,217231.75,329155.91,0
1,263565.08,0.0,0.0,509733.25,773298.34,0
1,104417.86,0.0,0.0,829178.81,933596.67,0
1,219654.64,5073.0,0.0,2502290.87,2721945.51,0
1,98015.07,0.0,0.0,399928.21,497943.28,0
1,94840.99,0.0,0.0,170305.24,265146.23,0
1,982.26,0.0,0.0,1795453.36,1796435.62,0
1,329907.11,43982.0,0.0,997013.24,1326920.35,0
1,211088.44,0.0,0.0,978453.62,1189542.06,0
0,141103.64,0.0,0.0,323569.47,464673.11,0
1,39912.74,0.0,0.0,154157.59,194070.33,0
0,10012914.87,0.0,0.0,11620952.23,21633867.1,0
0,327376.84,21832.0,0.0,3721720.87,4049097.71,0
1,147110.15,0.0,0.0,631618.76,778728.91,0
1,158491.6,0.0,0.0,4134460.37,4292951.98,0
1,211161.86,0.0,0.0,2279550.81,2490712.67,0
1,96433.33,0.0,0.0,1291426.06,1387859.39,0
1,12448.16,199004.0,186555.84,611579.92,624028.08,0
1,28974.39,0.0,0.0,719131.9,748106.29,0
1,135247.74,0.0,0.0,362248.32,497496.06,0
0,316183.57,20156.0,0.0,214750.22,530933.79,0
0,30500.14,29952.0,0.0,80193.1,51377.71,0
0,2049567.37,2080.0,0.0,0.0,1517716.81,0
0,1232341.83,11277.0,0.0,10364341.42,11596683.25,0
1,218678.45,0.0,0.0,5015593.76,5234272.21,0
1,326213.68,60181.0,0.0,0.0,326213.68,0
1,178416.07,6147.0,0.0,0.0,178416.07,0
0,391357.26,0.0,0.0,1590206.1,1981563.36,0
1,182729.28,0.0,0.0,280496.05,463225.33,0
1,118723.75,0.0,0.0,524587.95,643311.7,0
1,220331.1,0.0,0.0,1905288.56,2125619.67,0
1,493749.96,186508.26,0.0,493782.7,987532.66,0
0,1995348.76,24043.43,0.0,5365622.24,7360971.0,0
1,199377.93,107153.0,0.0,0.0,199377.93,0
1,292558.38,0.0,0.0,5193465.42,5486023.8,0
0,926766.74,155379.44,0.0,47009.3,973776.04,0
1,358850.81,0.0,0.0,944275.19,1348198.24,0
1,154322.06,76073.13,0.0,1435782.93,1590104.99,0
0,1369779.24,0.0,0.0,1933090.57,3302869.81,0
0,1247346.3,0.0,0.0,1640153.14,2887499.44,0
1,163372.17,0.0,0.0,8205302.72,8368674.89,0
1,532638.73,1093.0,0.0,226731.27,759370.0,0
0,20534.6,0.0,0.0,169179.54,189714.14,0
1,78670.85,0.0,0.0,85239.39,163910.24,0
1,237036.27,21473.0,0.0,255084.32,492120.59,0
0,131941.18,0.0,0.0,188245.12,400704.8,0
1,284136.79,20819.0,0.0,3497573.0,3781709.78,0
1,570978.77,315.0,0.0,0.0,570978.77,0
1,77792.23,9263.0,0.0,103094.55,180886.78,0
1,420945.75,0.0,0.0,1567360.61,1946642.71,0
0,1277060.13,0.0,0.0,1589893.05,2866953.19,0
1,331398.86,0.0,0.0,536160.9,867559.76,0
1,182234.28,10067.0,0.0,842703.14,1024937.42,0
0,346711.6,0.0,0.0,1689243.99,2035955.59,0
1,71598.61,1020.0,0.0,0.0,71598.61,0
1,195749.52,0.0,0.0,588017.67,783767.19,0
1,462156.72,51764.0,0.0,799508.95,1261665.67,0
1,220415.86,60038.0,0.0,155720.0,470320.88,0
1,28640.51,0.0,0.0,293961.79,322602.3,0
1,46883.4,0.0,0.0,836779.64,883663.03,0
1,138137.64,0.0,0.0,1103654.71,1241792.36,0
1,67141.75,0.0,0.0,161537.88,228679.62,0
1,257656.72,7665.0,0.0,0.0,1021133.49,0
1,99655.14,0.0,0.0,5009322.12,5108977.26,0
1,280237.06,70991.0,0.0,75922.51,176531.68,0
1,326816.48,0.0,0.0,500145.57,826962.05,0
1,178574.66,0.0,0.0,2239652.39,2418227.04,0
1,81170.1,431467.0,350296.9,0.0,81170.1,0
0,131099.1,374334.85,243235.75,821437.46,1292883.68,0
1,24253.13,0.0,0.0,87443.34,111696.47,0
0,1158762.82,0.0,0.0,5298955.55,6457718.37,0
0,120397.98,11078.0,0.0,145700.44,266098.42,0
1,217157.75,0.0,0.0,683867.39,901025.14,0
1,149882.48,62291.0,0.0,137826.94,287709.42,0
1,77107.7,71718.0,0.0,626499.47,703607.16,0
1,69614.26,82269.0,12654.74,104565.52,174179.78,0
1,428110.15,3054.0,0.0,0.0,428110.15,0
1,72676.05,0.0,0.0,5160924.13,5233600.18,0
1,225922.46,0.0,0.0,785200.84,1011123.3,0
1,253812.14,9935.0,0.0,2961580.35,3215392.49,0
1,40303.71,0.0,0.0,171828.37,212132.08,0
1,71521.41,0.0,0.0,1009527.28,1031339.73,0
1,115558.97,0.0,0.0,162431.61,277990.58,0
1,332613.19,67070.0,0.0,2589336.0,2921949.2,0
1,174293.0,22094.0,0.0,5305810.57,5480103.57,0
1,315117.9,79810.0,0.0,1790648.04,2105765.94,0
1,254122.68,0.0,0.0,982027.1,1236149.78,0
1,264303.85,0.0,0.0,2067945.66,2332249.52,0
1,481717.91,11431.0,0.0,327264.89,1020533.44,0
1,151682.52,0.0,0.0,1515009.57,1666692.09,0
1,322025.35,0.0,0.0,3079175.58,3401200.93,0
0,196037.57,20280.0,0.0,21281.15,217318.72,0
1,266104.53,0.0,0.0,7543837.6,7809942.14,0
1,273219.82,0.0,0.0,440976.29,714196.11,0
1,120575.69,22857.0,0.0,0.0,120575.69,0
0,8273.46,0.0,0.0,216418.51,224691.97,0
1,151436.63,0.0,0.0,1568240.84,1719677.48,0
1,7317.72,1056499.93,1049182.21,99568.22,106885.94,0
1,120939.55,5186.0,0.0,69597.37,190536.92,0
1,68165.8,29799.0,0.0,386949.89,455115.69,0
1,179008.05,0.0,0.0,4173424.44,4352432.49,0
1,387488.97,0.0,0.0,648103.36,1035592.33,0
1,145925.75,175458.64,29532.89,557643.45,1110006.35,0
1,283478.16,0.0,0.0,1305819.27,1589297.43,0
1,10323.69,0.0,0.0,1503124.36,1513448.05,0
1,86082.19,0.0,0.0,232328.86,318411.05,0
0,1407294.51,0.0,0.0,4608015.08,6015309.58,0
1,76049.62,0.0,0.0,446589.82,522639.44,0
1,136018.32,0.0,0.0,8557628.83,8693647.15,0
1,173496.02,80400.0,0.0,434125.69,607621.71,0
1,218777.28,20919.0,0.0,283742.83,454470.51,0
1,144569.39,0.0,0.0,1844912.35,1989481.74,0
1,91043.77,24488.0,0.0,16816889.01,16907932.78,0
1,200187.81,29868.0,0.0,16827.62,217015.43,0
1,31991.9,49503.0,17511.1,199229.9,231221.8,0
0,156037.57,0.0,0.0,5031526.42,5187563.99,0
0,163724.05,0.0,0.0,849838.6,1013562.65,0
1,377503.87,0.0,0.0,692488.48,1069992.34,0
0,23233.91,0.0,0.0,300147.71,323381.62,0
1,262248.17,14123.0,0.0,4005.51,266253.68,0
1,74484.79,0.0,0.0,576512.1,1194461.83,0
1,115901.7,739.0,0.0,1083473.74,1199375.43,0
1,6369.0,0.0,0.0,520697.03,527066.02,0
1,361613.79,112.0,0.0,714321.14,1075934.93,0
1,222680.8,0.0,0.0,2556645.7,2779326.49,0
1,91240.22,0.0,0.0,738926.29,830166.52,0
0,37365.28,24044.0,0.0,1581894.68,1619259.96,0
1,233955.59,36672.0,0.0,135419.0,509356.95,0
1,228110.31,0.0,0.0,696762.42,924872.73,0
1,129728.03,30009.0,0.0,1730118.82,1859846.86,0
1,127534.34,13884.0,0.0,133661.7,1149182.35,0
1,547547.31,41.0,0.0,0.0,547547.31,0
1,191656.29,28951.0,0.0,96862.99,498518.32,0
1,386909.8,106558.0,0.0,0.0,386909.8,0
0,187471.7,0.0,0.0,2210847.38,2398319.08,0
1,483348.22,60680.0,0.0,0.0,483348.22,0
1,316508.49,0.0,0.0,616846.03,933354.52,0
1,107713.84,0.0,0.0,360608.87,468322.71,0
1,169400.73,0.0,0.0,2887471.65,3056872.38,0
0,1234692.24,0.0,0.0,2171414.11,3259450.3,0
0,1958678.35,0.0,0.0,2159864.81,4118543.16,0
0,318878.76,19604.0,0.0,23589.14,342467.91,0
1,166294.38,0.0,0.0,2668135.81,2834430.18,0
1,554783.02,0.0,0.0,1335397.57,2091232.01,0
1,495987.82,4576.0,0.0,346670.44,842658.26,0
0,9246.1,0.0,0.0,41082.83,50328.93,0
1,185408.91,94826.0,0.0,7244.25,192653.16,0
1,38737.38,0.0,0.0,751326.5,790063.88,0
0,369909.83,39226.87,0.0,2034202.13,2404111.96,0
1,69089.61,32315.0,0.0,5320240.72,5389330.33,0
0,963980.68,0.0,0.0,2100163.67,3064144.35,0
0,376184.6,11809.57,0.0,2268760.23,2644944.83,0
0,154994.85,0.0,0.0,4662099.92,4971381.98,0
0,944609.77,0.0,0.0,3219053.72,4163663.49,0
1,59247.81,111909.0,52661.19,1286110.53,1345358.35,0
1,249230.24,656.45,0.0,1335981.69,1585211.92,0
0,529824.88,0.0,0.0,674473.34,1204298.22,0
1,141513.79,39598.0,0.0,0.0,141513.79,0
1,1408.39,26051.0,24642.61,87575.25,88983.64,0
0,359275.35,115087.0,0.0,80662.24,439937.59,0
1,15749.84,39746.0,23996.16,90654.83,106404.67,0
1,311545.45,127160.0,0.0,2523148.26,3364953.91,0
1,296953.81,0.0,0.0,693044.11,989997.92,0
1,97417.5,41658.0,0.0,293701.63,391119.13,0
1,157286.36,24414.0,0.0,3517673.36,3837186.18,0
1,49111.69,0.0,0.0,2723403.37,2680756.49,0
1,201384.59,7947.47,0.0,268943.3,470327.9,0
1,482609.45,54411.0,0.0,0.0,482609.45,0
1,210606.72,915.0,0.0,1506858.57,1717465.29,0
1,154394.89,976.0,0.0,0.0,154394.89,0
1,351839.11,160224.0,0.0,417038.88,768877.99,0
1,268396.65,183782.77,0.0,418759.56,687156.21,0
1,67453.19,210840.55,143387.36,1974443.82,2231550.65,0
1,196504.0,0.0,0.0,213384.15,409888.15,0
1,327998.35,19975.63,0.0,10799695.71,11248884.71,0
1,195349.27,11062.0,0.0,2271795.91,2467145.17,0
1,62761.45,0.0,0.0,92653.09,155414.54,0
0,1715579.82,0.0,0.0,3057676.95,4773256.77,0
1,129070.92,0.0,0.0,534469.54,663540.46,0
1,162095.6,0.0,0.0,495863.2,657958.8,0
1,6661.65,0.0,0.0,5800836.17,5807497.83,0
1,201133.33,0.0,0.0,258922.0,460055.33,0
1,46617.48,32289.0,0.0,6398587.94,6445205.42,0
1,28917.31,0.0,0.0,181623.7,210541.01,0
1,155864.51,0.0,0.0,1355321.55,1511186.06,0
1,513950.06,0.0,0.0,599239.24,1294575.57,0
1,248686.32,0.0,0.0,736518.95,985205.27,0
1,451307.33,0.0,0.0,5082771.2,5534078.53,0
1,13031.98,152792.98,139761.0,1231041.64,1244073.62,0
1,203002.81,20612.0,0.0,356366.32,559369.14,0
1,166034.57,20347.0,0.0,132148.15,298182.72,0
0,1195459.16,133619.0,0.0,193049.06,1388508.22,0
0,757188.69,0.0,0.0,2602107.04,3359295.72,0
1,93431.19,50288.0,0.0,0.0,93431.19,0
1,190575.61,0.0,0.0,10305609.73,10496185.33,0
1,77595.79,0.0,0.0,365229.45,442825.24,0
1,306986.88,0.0,0.0,1445095.97,1752082.85,0
1,364846.17,28794.43,0.0,5049954.61,5414800.78,0
1,120912.79,33621.0,0.0,45335.23,166248.02,0
1,701347.61,338596.0,0.0,188013.1,889360.71,0
1,25819.72,3454.57,0.0,394623.32,420443.05,0
1,184262.22,31250.0,0.0,0.0,126990.34,0
1,48441.08,205294.0,156852.92,1648901.8,1697342.89,0
1,800570.21,15176.0,0.0,96959.63,897529.83,0
0,155172.85,0.0,0.0,1159260.2,1314433.05,0
1,65988.65,584253.0,518264.35,0.0,65988.65,0
1,146840.33,30418.0,0.0,3530957.31,3677797.65,0
1,229611.52,36987.0,0.0,10984.9,240596.43,0
1,13795.39,665.0,0.0,745104.53,758899.91,0
1,206599.71,0.0,0.0,7655969.81,7862569.52,0
1,278325.66,101174.0,0.0,2406553.82,2684879.48,0
1,22900.14,0.0,0.0,855636.93,878537.07,0
0,643427.91,10976.0,0.0,522434.45,1165862.36,0
1,695122.11,130.0,0.0,0.0,695122.11,0
1,97462.46,0.0,0.0,9532551.57,9630014.02,0
1,238425.08,0.0,0.0,1039232.37,1277657.46,0
1,404814.46,106794.0,0.0,34801.38,439615.84,0
1,223764.35,2593.0,0.0,369331.31,593095.66,0
1,439033.01,78710.0,0.0,653742.37,1092775.38,0
0,888918.31,206263.0,0.0,132908.91,1005895.05,0
1,174001.67,10731.0,0.0,7689.16,181690.83,0
1,27125.22,9098.0,0.0,793974.77,821099.99,0
1,111230.67,0.0,0.0,243190.9,354421.57,0
0,43493.23,0.0,0.0,1288651.62,1332144.85,0
1,315014.76,49697.0,0.0,468278.85,783293.6,0
1,498627.62,0.0,0.0,2595679.97,3094307.58,0
1,53268.27,144.0,0.0,0.0,53268.27,0
1,67275.7,59592.0,0.0,388626.27,455901.96,0
1,75316.72,0.0,0.0,2142899.35,2218216.07,0
1,249145.84,0.0,0.0,289214.46,464227.35,0
1,236733.84,0.0,0.0,2867171.91,2965552.28,0
1,144631.29,84030.9,0.0,1850748.52,1995379.81,0
1,103022.48,0.0,0.0,6882752.8,6985775.28,0
1,3302.1,0.0,0.0,794013.4,797315.5,0
1,71477.31,0.0,0.0,118304.62,189781.93,0
0,387599.46,0.0,0.0,1126285.96,1513885.42,0
1,134827.15,40091.0,0.0,0.0,134827.15,0
1,282976.95,0.0,0.0,3279438.43,3562415.37,0
0,541003.78,0.0,0.0,805235.0,1346238.78,0
1,5624.45,0.0,0.0,50617.71,59253.01,0
0,1109280.17,8305.0,0.0,880537.62,1989817.79,0
1,106614.07,0.0,0.0,6654756.94,6761371.01,0
1,371160.38,47.0,0.0,0.0,371160.38,0
0,129288.37,5329.78,0.0,754764.89,884053.27,0
1,74509.76,0.0,0.0,1820234.38,1894744.14,0
1,365021.7,0.0,0.0,648249.3,1013271.0,0
1,106168.14,0.0,0.0,13400933.43,13507101.57,0
0,907918.56,60304.52,0.0,1051486.95,1959405.51,0
1,187882.88,0.0,0.0,8266935.25,8454818.13,0
1,407680.75,0.0,0.0,654375.67,1062056.42,0
1,76979.01,363.0,0.0,4196295.17,4582895.52,0
1,260920.0,0.0,0.0,1504269.24,1765189.24,0
1,299102.87,21140.0,0.0,50473.81,349576.68,0
0,232317.68,0.0,0.0,1518337.03,1826034.44,0
1,84811.62,28508.0,0.0,225665.57,310477.18,0
1,117783.3,31520.0,0.0,11183.15,128966.45,0
1,366527.14,2116.0,0.0,1946720.12,3273094.03,0
1,79808.57,0.0,0.0,540030.96,619839.53,0
1,74329.08,11022.0,0.0,185252.1,259581.18,0
1,162262.41,0.0,0.0,1335809.32,1498071.73,0
1,275747.85,0.0,0.0,1648319.88,1924067.73,0
1,168219.55,49698.0,0.0,788804.68,957024.23,0
1,126601.41,1185.0,0.0,91418.41,358101.79,0
1,474020.5,11393.0,0.0,331288.94,805309.44,0
1,7883.98,14419.0,6535.02,461616.54,469500.52,0
1,170723.53,0.0,0.0,2428505.92,2599229.45,0
1,117619.37,615.0,0.0,576588.5,694207.87,0
1,42694.56,0.0,0.0,695586.73,738281.29,0
1,45948.97,0.0,0.0,122984.63,168933.6,0
1,447861.32,0.0,0.0,7495617.3,7943478.61,0
1,300261.71,49802.0,0.0,913292.36,1079154.57,0
1,280055.92,260312.0,0.0,492545.75,1106877.55,0
1,191846.69,0.0,0.0,571362.48,763209.17,0
1,409417.14,0.0,0.0,624222.59,1033639.73,0
0,254633.59,0.0,0.0,1931452.72,2186086.31,0
1,225366.86,64049.0,0.0,0.0,225366.86,0
0,40565.38,880730.0,840164.62,699404.28,739969.66,0
1,37636.87,0.0,0.0,851636.15,889273.02,0
1,317683.85,13254.0,0.0,4694708.36,5012392.21,0
1,121216.21,0.0,0.0,396774.5,517990.71,0
1,220983.82,21689.0,0.0,27894.78,248878.6,0
1,101753.66,0.0,0.0,1111727.3,1213480.96,0
1,29334.15,40296.0,10961.85,5696278.61,5725612.75,0
1,214899.14,0.0,0.0,1126679.15,1341578.29,0
1,1887.44,34662.0,32774.56,83369.89,85257.33,0
0,355717.58,1735395.31,1379677.73,431318.71,475698.22,0
0,765355.41,0.0,0.0,4743436.2,5508791.61,0
1,334315.27,0.0,0.0,1563187.6,1897502.87,0
1,95069.02,305380.0,210310.98,0.0,95069.02,0
1,24250.42,0.0,0.0,6689984.73,6714235.15,0
0,90713.85,25005.0,0.0,706197.92,796911.77,0
1,104078.61,26520.0,0.0,3944009.87,4048088.48,0
1,80271.65,0.0,0.0,731151.23,934590.23,0
0,125980.44,0.0,0.0,233460.11,359440.55,0
1,17741.26,0.0,0.0,1109968.55,1127709.8,0
1,34055.24,0.0,0.0,50484.59,84539.83,0
0,197117.36,0.0,0.0,471326.8,892323.84,0
1,85945.57,39070.0,0.0,0.0,85945.57,0
1,24517.23,11193.0,0.0,0.0,24517.23,0
1,65293.57,0.0,0.0,1522617.07,1587910.64,0
1,60912.5,11032.0,0.0,0.0,60912.5,0
1,468559.58,49918.0,0.0,36921099.14,37389658.72,0
1,82982.14,29810.0,0.0,0.0,82982.14,0
1,256897.03,29622.0,0.0,215112.23,472009.26,0
1,137109.21,749.0,0.0,3840154.52,3977263.74,0
1,17267.75,0.0,0.0,835742.36,853010.1,0
0,113743.41,0.0,0.0,3722700.07,3836443.48,0
1,4971.11,0.0,0.0,134213.26,139184.37,0
1,247060.24,0.0,0.0,1555950.65,1803010.89,0
0,209475.28,45710.0,0.0,53249.42,262724.71,0
1,117652.3,49311.0,0.0,1395529.73,1513182.03,0
1,557541.78,3318.0,0.0,1494077.18,2051618.95,0
1,54933.9,677.0,0.0,1631162.42,1686096.31,0
1,40842.4,0.0,0.0,895033.93,1785231.4,0
1,325033.65,55869.0,0.0,599595.01,924628.66,0
0,2942000.88,0.0,0.0,5169343.06,8111343.95,0
1,78060.63,491781.52,413720.89,425959.62,375059.44,0
1,298703.94,0.0,0.0,11187822.64,12135477.19,0
1,163052.48,0.0,0.0,2977568.13,3140620.62,0
1,62797.99,0.0,0.0,194578.07,130599.77,0
1,131874.77,47248.0,0.0,0.0,131874.77,0
1,529122.8,41236.0,0.0,523221.17,1052343.97,0
1,15087.78,0.0,0.0,384238.34,399326.12,0
1,7743.65,0.0,0.0,1679395.88,1687139.53,0
1,83987.81,10851.0,0.0,167524.71,251512.51,0
0,268749.9,0.0,0.0,423123.07,691872.97,0
0,156599.8,11741.0,0.0,1472333.6,1628933.4,0
1,187387.06,24690.0,0.0,0.0,187387.06,0
1,214100.32,6054.0,0.0,757821.48,1260864.83,0
1,278049.17,0.0,0.0,1878315.85,2156365.02,0
1,170520.48,0.0,0.0,8968109.02,9138629.5,0
1,85911.41,100496.0,14584.59,0.0,85911.41,0
0,938336.72,671.0,0.0,1152607.12,2090943.84,0
0,711660.16,0.0,0.0,1336177.77,2047837.93,0
1,450060.37,450060.37,0.0,100205.45,550265.82,1
0,511622.02,17518.0,0.0,2765604.75,3277226.77,0
1,181208.72,12446.0,0.0,148207.37,329416.08,0
1,313880.12,253.0,0.0,465056.73,778936.85,0
1,3547.2,12543.0,8995.8,0.0,3547.2,0
1,309045.57,0.0,0.0,456431.86,765477.43,0
1,176286.67,0.0,0.0,654616.3,830902.97,0
0,1977194.71,5531.0,0.0,0.0,1977194.71,0
1,196787.65,0.0,0.0,281542.08,478329.73,0
1,618288.78,0.0,0.0,5998215.84,6616504.62,0
1,32892.87,16485.0,0.0,0.0,32892.87,0
1,33583.55,119.0,0.0,964848.27,998431.82,0
0,11261.51,65518.0,54256.49,312889.39,324150.9,0
1,32598.38,0.0,0.0,478784.97,511383.35,0
1,206511.29,20361.0,0.0,56141.64,262652.92,0
1,366399.21,0.0,0.0,1724219.24,2090618.45,0
1,185550.16,2037.0,0.0,194589.23,380139.39,0
1,78366.64,0.0,0.0,87216.15,165582.78,0
1,102756.16,31350.0,0.0,5598649.03,5701405.2,0
0,1076242.2,0.0,0.0,1281342.21,2357584.4,0
1,198130.73,48861.82,0.0,1713711.84,1911842.57,0
1,130095.64,0.0,0.0,1434562.75,1564658.38,0
1,52006.81,62094.0,10087.19,854303.0,906309.81,0
1,2243.38,7415.0,5171.62,1063742.02,1065985.4,0
1,192951.51,715.0,0.0,47297.97,240249.49,0
1,160080.03,0.0,0.0,9841162.86,10412766.11,0
1,106065.58,0.0,0.0,201894.19,307959.77,0
0,86913.23,134670.0,47756.77,30200.0,98456.21,0
1,301509.11,1350.0,0.0,284362.96,585872.06,0
1,4902.6,710.0,0.0,1062263.35,1067165.95,0
1,12935.99,0.0,0.0,257445.07,270381.06,0
1,89595.41,201504.56,111909.16,350966.61,440562.02,0
0,355551.61,0.0,0.0,1073962.22,1429513.83,0
1,48645.14,0.0,0.0,3131469.69,3180114.83,0
0,2277426.95,26531.0,0.0,0.0,2277426.95,0
1,144513.02,0.0,0.0,3693647.57,3838160.59,0
1,196582.48,95292.0,0.0,270628.63,467211.1,0
1,104202.01,0.0,0.0,284176.45,388378.45,0
1,176192.89,0.0,0.0,1488539.88,1664732.76,0
0,239126.21,0.0,0.0,4024391.46,4263517.67,0
1,161761.55,198157.0,36395.45,0.0,161761.55,0
1,189145.56,22354.0,0.0,0.0,189145.56,0
1,3762.06,0.0,0.0,1888048.6,1891810.66,0
1,145508.93,0.0,0.0,947981.38,1093490.32,0
0,636345.03,29912.0,0.0,7521682.06,8158027.09,0
1,415986.64,219.0,0.0,1562480.3,1978466.94,0
1,38643.81,10000.0,0.0,3335156.33,3373800.14,0
1,286451.75,0.0,0.0,658794.65,945246.4,0
0,1683383.66,0.0,0.0,11933401.92,13616785.58,0
1,60216.43,0.0,0.0,2585927.7,2646144.13,0
1,257627.83,0.0,0.0,449803.88,707431.71,0
1,172596.66,0.0,0.0,3314148.95,3486745.61,0
1,242603.47,501142.71,258539.24,1022244.0,1264847.48,0
1,80210.85,11671.0,0.0,0.0,80210.85,0
1,574106.3,36975.0,0.0,2731810.75,3305917.05,0
1,77493.45,0.0,0.0,197095.11,28834.05,0
1,146456.54,0.0,0.0,617260.96,763717.51,0
1,110931.05,0.0,0.0,1063246.22,1425988.45,0
1,26141.89,0.0,0.0,419992.33,1202962.43,0
1,34755.72,0.0,0.0,106047.81,140803.54,0
1,126677.93,0.0,0.0,195081.8,321759.73,0
1,107899.86,29720.0,0.0,6145126.5,6253026.36,0
0,686083.54,0.0,0.0,785255.88,1471339.42,0
1,215514.62,251096.0,35581.38,657156.85,872671.47,0
1,132588.04,30865.0,0.0,806636.87,939224.9,0
1,156235.79,0.0,0.0,160095.5,316331.3,0
1,117269.42,0.0,0.0,415601.29,532870.71,0
1,35687.13,2430.0,0.0,330883.17,366570.3,0
1,293708.93,0.0,0.0,460662.82,754371.75,0
1,91120.86,10501.0,0.0,60298.0,151418.86,0
1,75401.47,105055.0,29653.53,0.0,75401.47,0
1,66428.22,0.0,0.0,318887.35,385315.57,0
1,26455.13,0.0,0.0,280008.21,306463.33,0
1,171617.78,0.0,0.0,1249634.01,1421251.79,0
1,293318.16,0.0,0.0,320247.37,613565.53,0
1,231412.84,6018.0,0.0,0.0,231412.84,0
1,45930.24,5383.0,0.0,0.0,45930.24,0
1,29825.29,0.0,0.0,2939598.38,2969423.67,0
1,149213.88,73272.51,0.0,595667.4,744881.28,0
1,52203.7,0.0,0.0,3186700.64,3238904.34,0
1,627828.57,6024.0,0.0,289966.62,917795.19,0
1,428250.68,0.0,0.0,26029052.07,26457302.75,0
0,406253.05,5215.0,0.0,0.0,406253.05,0
1,114414.89,0.0,0.0,1440232.09,1554646.98,0
0,1388226.18,0.0,0.0,8143357.13,9531583.32,0
1,130616.14,0.0,0.0,282494.13,413110.27,0
1,135675.95,0.0,0.0,5436262.05,5571938.01,0
1,106905.39,0.0,0.0,118514.67,225420.06,0
0,384329.87,4836.0,0.0,1291182.0,1675511.88,0
1,103460.33,11451.0,0.0,1672410.37,1775870.7,0
1,119324.45,10993.0,0.0,4793172.43,4912496.88,0
1,122494.78,23843.61,0.0,1655134.57,1777629.35,0
1,64571.31,54752.0,0.0,7458518.65,7523089.97,0
1,81500.53,0.0,0.0,349126.13,228014.54,0
1,156753.62,10315.0,0.0,0.0,156753.62,0
1,114576.75,26677.2,0.0,3161196.32,3275773.07,0
1,19971.45,317740.89,297769.45,127797.38,147768.83,0
0,1916256.73,0.0,0.0,2952041.74,4868298.47,0
1,251313.63,0.0,0.0,7612459.41,7863773.04,0
1,23383.85,0.0,0.0,5695661.64,5719045.49,0
1,184976.88,0.0,0.0,299266.5,484243.38,0
1,114823.08,1687.0,0.0,1113882.67,1228705.75,0
1,69671.14,0.0,0.0,4678397.33,4748068.47,0
1,42481.81,0.0,0.0,641769.17,749809.01,0
1,477531.14,490.0,0.0,1512115.96,1989647.11,0
1,69020.7,0.0,0.0,759386.52,828407.22,0
1,24989.56,58984.0,33994.44,0.0,24989.56,0
1,219986.82,0.0,0.0,3036368.62,3256355.44,0
0,241665.39,30434.0,0.0,538640.71,780306.1,0
1,103093.2,0.0,0.0,539703.58,642796.78,0
1,291356.84,22047.0,0.0,169636.91,460993.75,0
1,238858.49,55168.0,0.0,0.0,238858.49,0
1,304877.95,21892.0,0.0,3600.94,308478.89,0
1,38961.05,0.0,0.0,209814.76,248775.81,0
1,269530.2,5596.0,0.0,36453.75,305983.95,0
0,9014.25,0.0,0.0,12352.18,21366.43,0
0,54167.06,0.0,0.0,54357.83,108524.89,0
1,124213.77,0.0,0.0,5554606.58,5678820.35,0
1,259718.08,0.0,0.0,293702.21,553420.29,0
1,22668.98,0.0,0.0,1509828.12,1532497.1,0
1,54582.97,5204.0,0.0,0.0,54582.97,0
1,191497.59,30735.0,0.0,809599.53,1114289.48,0
1,72738.47,2048.0,0.0,0.0,72738.47,0
1,17208.99,101932.0,84723.01,0.0,17208.99,0
1,124806.89,0.0,0.0,308418.53,433225.42,0
1,243589.1,0.0,0.0,663572.0,907161.1,0
1,120698.92,32008.0,0.0,0.0,120698.92,0
1,53269.79,0.0,0.0,7148526.52,7361871.15,0
1,185117.33,193064.0,7946.67,119091.07,304208.4,0
1,333488.51,0.0,0.0,1668990.65,2002479.16,0
1,175957.73,11493.0,0.0,2794693.01,3294151.9,0
1,52904.44,240553.0,187648.56,0.0,52904.44,0
0,187118.03,40616.0,0.0,203732.42,390850.45,0
1,213196.15,135181.53,0.0,1181160.43,1394356.57,0
1,232147.75,15892.0,0.0,169507.25,401654.99,0
1,211379.89,22836.0,0.0,48636.16,260016.05,0
1,575821.3,55666.0,0.0,99583.32,675404.62,0
0,1371451.25,23668.0,0.0,736932.14,2108383.4,0
1,74323.98,126.0,0.0,1214747.71,1289071.69,0
1,385270.73,0.0,0.0,1615993.07,2001263.79,0
1,271320.89,0.0,0.0,763578.93,1034899.81,0
1,62047.83,26930.0,0.0,115635.22,177683.04,0
1,108047.14,39982.0,0.0,418685.59,526732.74,0
1,246822.85,88987.0,0.0,256064.22,502887.07,0
1,10783.17,105885.82,95102.65,1660220.57,1671003.74,0
1,32262.72,35688.0,3425.28,41257.96,73520.68,0
1,112297.86,0.0,0.0,2519617.41,2631915.27,0
0,595703.8,0.0,0.0,4546139.84,5141843.64,0
1,297911.1,27869.0,0.0,54125.39,352036.49,0
1,340375.02,0.0,0.0,391572.36,731947.37,0
0,19309.81,31185.0,11875.19,0.0,19309.81,0
1,186850.92,63996.18,0.0,1558236.21,1745087.13,0
1,306238.38,872808.0,566569.62,337001.76,643240.13,0
0,632060.91,0.0,0.0,1791778.77,2423839.68,0
1,404596.18,21393.0,0.0,495783.71,900379.88,0
1,307961.17,27958.0,0.0,37157.61,345118.79,0
1,54200.05,0.0,0.0,2236928.45,2291128.5,0
1,57349.99,32305.0,0.0,2954489.53,3011839.53,0
1,379254.6,0.0,0.0,2662857.71,3042112.31,0
1,4417.04,19570.0,15152.96,305272.15,309689.19,0
0,69409.82,129053.62,59643.81,8435403.16,8504812.98,0
1,250080.43,0.0,0.0,346906.1,596986.52,0
1,20364.46,0.0,0.0,243785.64,264150.1,0
1,303308.86,0.0,0.0,1881140.51,2184449.37,0
1,75614.38,0.0,0.0,524053.03,599667.41,0
1,88018.79,6207.0,0.0,0.0,88018.79,0
1,216213.82,0.0,0.0,267268.95,483482.78,0
1,214086.46,142298.0,0.0,96999.06,311085.52,0
0,13389.79,77301.2,63911.41,40699.0,233193.32,0
1,226757.21,498911.0,272153.79,488431.98,715189.19,0
0,1291501.76,61661.0,0.0,51034.08,1666638.33,0
1,252647.99,0.0,0.0,400442.47,653090.46,0
1,335461.34,586982.54,251521.2,911345.86,1246807.2,0
1,6819.91,0.0,0.0,1546379.64,1553199.54,0
1,294482.98,0.0,0.0,2481358.4,2775841.38,0
1,75576.55,144345.03,68768.48,7151307.96,7226884.51,0
0,284300.93,0.0,0.0,8682656.55,8966957.47,0
1,388199.98,387.0,0.0,1789812.13,2178012.11,0
1,181651.39,0.0,0.0,575160.38,756811.77,0
1,290908.18,0.0,0.0,954203.23,7837942.9,0
1,37600.48,10948.0,0.0,62263.0,52926.53,0
1,108417.27,0.0,0.0,7512987.56,7621404.83,0
1,56852.03,11296.0,0.0,651208.13,708060.16,0
0,380930.5,30244.66,0.0,2663303.1,3044233.6,0
1,244724.61,0.0,0.0,7250791.53,7495516.14,0
0,404985.73,0.0,0.0,2737461.63,3142447.36,0
0,519286.9,0.0,0.0,1015463.89,1534750.79,0
1,119340.9,0.0,0.0,129221.94,248562.85,0
1,6404.75,205239.0,198834.25,197168.83,203573.58,0
1,243078.05,0.0,0.0,297665.05,540743.1,0
0,357352.12,0.0,0.0,510003.65,867355.77,0
0,3475599.12,0.0,0.0,3626544.89,7102144.01,0
0,1017723.02,0.0,0.0,3724034.31,4741757.32,0
0,363134.75,8264.0,0.0,1577578.42,1940713.17,0
1,90068.45,0.0,0.0,1699081.03,1789149.47,0
1,84421.94,21810.0,0.0,47616.3,132038.24,0
1,118499.44,118499.44,0.0,1881892.83,2000392.27,1
1,165119.31,0.0,0.0,1579706.49,1744825.8,0
0,871909.09,0.0,0.0,20730177.83,21602086.92,0
1,295142.99,0.0,0.0,1475631.17,1770774.16,0
1,127456.23,0.0,0.0,439841.1,567297.33,0
1,8513.07,0.0,0.0,3500316.28,3872022.56,0
0,299023.92,0.0,0.0,7550258.53,7849282.45,0
1,116239.49,609431.68,493192.19,2353678.5,2469917.99,0
1,360376.41,0.0,0.0,2532657.91,2893034.32,0
1,29021.64,5456.0,0.0,720875.73,749897.37,0
1,182061.72,0.0,0.0,551306.42,733368.14,0
1,166095.23,61758.0,0.0,794234.43,960329.66,0
1,263681.19,0.0,0.0,1035496.29,1299177.48,0
1,371456.79,11794.0,0.0,172643.87,544100.66,0
1,40218.35,254130.0,213911.65,133094.88,173313.24,0
1,125506.44,0.0,0.0,205992.56,331499.0,0
1,155379.69,0.0,0.0,1265638.85,1421018.55,0
1,150022.35,0.0,0.0,748813.11,898835.46,0
0,73138.33,0.0,0.0,386242.93,459381.26,0
1,29775.42,0.0,0.0,430075.0,459850.43,0
1,50996.63,99616.0,48619.37,0.0,50996.63,0
1,399514.69,0.0,0.0,428075.47,827590.16,0
0,795075.32,424.0,0.0,344914.46,1139989.78,0
1,88761.64,0.0,0.0,656725.55,745487.19,0
0,1031150.03,199444.4,0.0,2368145.93,3399295.96,0
1,77051.97,0.0,0.0,105640.25,182692.22,0
1,545477.73,34523.0,0.0,0.0,545477.73,0
0,153440.51,0.0,0.0,240833.46,606273.79,0
1,302867.34,77464.0,0.0,0.0,302867.34,0
1,141271.97,0.0,0.0,191762.73,333034.7,0
1,173265.3,0.0,0.0,4427987.49,4601252.79,0
1,310019.66,0.0,0.0,3810898.26,4120917.92,0
0,169879.09,0.0,0.0,350482.76,520361.85,0
1,197621.18,0.0,0.0,892461.24,1090082.42,0
1,368689.78,13066.0,0.0,5788776.93,6157466.71,0
1,366226.0,0.0,0.0,6601647.94,6967873.94,0
1,8749.76,15560.0,6810.24,0.0,8749.76,0
1,120577.46,21504.0,0.0,0.0,120577.46,0
1,176357.94,0.0,0.0,2759857.89,2936215.83,0
1,78766.83,138.0,0.0,836658.05,915424.88,0
1,71311.79,0.0,0.0,869494.83,940806.62,0
1,90635.97,0.0,0.0,3952582.66,4043218.63,0
1,237099.34,73151.0,0.0,1244843.22,1360279.37,0
1,12835.65,21368.0,8532.35,491768.1,504603.75,0
0,1997110.23,0.0,0.0,3239186.25,5236296.48,0
0,460434.46,460434.46,0.0,0.0,0.0,1
1,53609.63,80196.0,26586.37,0.0,53609.63,0
1,200423.16,0.0,0.0,1210006.2,1410429.36,0
1,244421.49,15714.0,0.0,212105.34,456526.83,0
1,448334.77,1989.0,0.0,0.0,448334.77,0
1,169025.7,39034.0,0.0,0.0,169025.7,0
1,193174.07,0.0,0.0,480216.68,673390.75,0
0,138610.09,0.0,0.0,184135.38,322745.47,0
1,67234.36,259973.0,192738.64,0.0,67234.36,0
1,80819.48,0.0,0.0,247357.08,328176.56,0
1,118329.18,31055.0,0.0,0.0,118329.18,0
0,1176167.34,96834.0,0.0,1036860.74,2213028.09,0
1,240028.69,0.0,0.0,2199958.61,2439987.3,0
1,115713.39,188987.11,73273.72,5434015.48,5549728.87,0
1,134621.48,344696.0,210074.52,0.0,134621.48,0
1,30022.6,278890.0,248867.4,304547.7,334570.3,0
0,212955.9,48938.0,0.0,0.0,212955.9,0
1,190122.64,0.0,0.0,324822.73,514945.37,0
1,230136.54,0.0,0.0,809095.57,1039232.11,0
1,163685.01,22253.0,0.0,8259924.02,8423609.03,0
1,70060.89,107350.0,37289.11,30343.55,63254.55,0
1,517650.48,0.0,0.0,732906.41,1250556.89,0
0,961576.81,55200.0,0.0,766555.43,1728132.24,0
1,72122.38,0.0,0.0,2886530.08,2958652.46,0
1,195385.01,18467.0,0.0,0.0,555988.91,0
1,83760.68,0.0,0.0,614925.66,698686.33,0
1,21603.48,19396.0,0.0,56264.79,77868.27,0
0,2614170.25,4940.0,0.0,630722.04,3244892.29,0
1,348499.83,269.0,0.0,0.0,348499.83,0
1,17499.07,21340.0,3840.93,416406.82,433905.89,0
0,282607.86,0.0,0.0,473758.35,756366.2,0
1,168519.81,30376.0,0.0,0.0,168519.81,0
0,563151.7,0.0,0.0,3067109.85,3630261.55,0
0,118207.05,0.0,0.0,2465092.78,2583299.82,0
1,306882.16,0.0,0.0,1109765.39,1416647.55,0
1,49000.73,0.0,0.0,190892.53,239893.26,0
1,38826.9,0.0,0.0,198155.13,236982.03,0
1,168559.19,0.0,0.0,3439358.54,3607917.73,0
1,387122.42,0.0,0.0,895372.59,1282495.0,0
1,250787.68,0.0,0.0,3072184.29,3322971.98,0
0,723322.37,67.0,0.0,107363.17,830685.53,0
0,63188.96,10739.0,0.0,6987905.49,7051094.46,0
1,191303.83,23036.0,0.0,0.0,191303.83,0
1,107952.51,0.0,0.0,198311.46,306263.97,0
0,52315.74,0.0,0.0,57972.46,110288.2,0
1,219040.37,52225.0,0.0,7578137.68,7797178.05,0
1,26042.56,356264.0,330221.44,45766.64,71809.2,0
0,350936.73,0.0,0.0,3561910.12,3912846.85,0
0,649535.03,203324.0,0.0,251337.4,900872.43,0
1,94487.69,0.0,0.0,4223062.68,4317550.38,0
1,118119.39,0.0,0.0,122081.23,240200.62,0
1,64296.02,11431.0,0.0,271473.56,335769.57,0
1,26200.4,0.0,0.0,7258799.52,7284999.93,0
1,249386.29,7870.0,0.0,846753.19,1096139.48,0
1,84709.56,0.0,0.0,173983.51,258693.07,0
1,120658.59,0.0,0.0,8110348.37,8231006.96,0
1,257675.69,164513.0,0.0,13467188.83,13724864.52,0
1,139199.37,32.0,0.0,0.0,139199.37,0
1,259080.24,0.0,0.0,583280.45,842360.69,0
1,252565.78,304.0,0.0,13184.97,265750.75,0
1,714449.27,0.0,0.0,1081448.24,1879407.2,0
0,564629.65,0.0,0.0,5478337.5,6042967.15,0
1,198221.94,0.0,0.0,1977129.24,2175351.17,0
1,270890.08,32122.0,0.0,5059.0,275949.08,0
1,206297.34,0.0,0.0,1756949.87,1963247.21,0
1,421583.73,467843.37,46259.64,589874.76,1011458.49,0
1,99371.23,0.0,0.0,306859.6,406230.83,0
1,239771.21,125764.0,0.0,1258698.55,1498469.76,0
1,87563.64,0.0,0.0,2497147.09,2584710.74,0
0,3324928.87,0.0,0.0,3361312.89,6686241.77,0
1,412914.9,42151.0,0.0,450189.65,863104.55,0
0,985152.72,0.0,0.0,5167471.19,6152623.91,0
1,230261.79,5118.0,0.0,19800.0,384294.68,0
1,381072.05,0.0,0.0,2677535.56,3058607.61,0
1,85214.12,0.0,0.0,378486.83,463700.95,0
0,314905.54,0.0,0.0,332887.92,647793.47,0
0,350053.05,40084.09,0.0,1251166.07,1601219.13,0
1,164451.69,60569.0,0.0,1369817.24,1534268.93,0
0,4524.18,0.0,0.0,39285.93,43810.11,0
0,8346768.83,20887.0,0.0,0.0,8346768.83,0
1,86750.51,106229.0,19478.49,0.0,124659.29,0
1,244723.29,0.0,0.0,869755.63,1114478.92,0
1,293121.3,944.0,0.0,323464.3,616585.6,0
1,45994.86,0.0,0.0,1252408.27,1980204.3,0
1,69384.64,49966.0,0.0,743722.65,813107.29,0
1,2086.76,0.0,0.0,1133340.47,1135427.23,0
1,223745.36,13045.0,0.0,1742045.05,1965790.41,0
1,101878.39,33173.0,0.0,620378.55,722256.94,0
1,43629.1,40082.51,0.0,343330.81,386959.91,0
1,75395.97,21739.91,0.0,1291096.76,1418227.05,0
1,132315.66,1073.0,0.0,245286.92,377602.57,0
1,385379.7,35392.0,0.0,30341.0,600939.33,0
1,189280.29,0.0,0.0,16110401.87,16299682.16,0
0,579885.07,37080.0,0.0,47098.22,626983.29,0
0,2587626.63,18832.0,0.0,2699019.73,5286646.37,0
0,25545.46,99677.0,74131.54,589940.0,615485.46,0
1,31750.15,0.0,0.0,1677692.85,1709443.0,0
1,37685.29,56.0,0.0,0.0,37685.29,0
0,106115.91,0.0,0.0,13670502.55,13776618.47,0
1,161195.13,51120.0,0.0,0.0,161195.13,0
1,68199.85,29.0,0.0,0.0,68199.85,0
1,320253.05,41519.0,0.0,0.0,320253.05,0
1,134554.84,0.0,0.0,490063.55,624618.39,0
1,229936.96,0.0,0.0,4010906.25,4240843.22,0
1,79244.0,884.0,0.0,83932.21,163176.21,0
1,26034.9,0.0,0.0,1577579.29,1603614.19,0
1,59668.65,49045.0,0.0,350973.64,410642.29,0
1,345398.92,7034.0,0.0,355445.34,700844.26,0
1,92746.45,1013.0,0.0,74828.11,167574.56,0
1,296095.6,0.0,0.0,4392313.25,4688408.85,0
1,135047.06,0.0,0.0,1024810.8,1159857.86,0
0,520474.31,0.0,0.0,2430194.84,2950669.15,0
1,2212.42,9301.0,7088.58,1533753.32,1535965.74,0
1,69874.11,393.0,0.0,278825.9,348700.01,0
0,691274.75,0.0,0.0,2568253.28,3259528.03,0
1,7414.77,0.0,0.0,187975.05,195389.82,0
1,25027.92,144286.0,119258.08,1588317.46,1613345.39,0
1,130693.05,0.0,0.0,185985.26,284749.95,0
1,210013.69,0.0,0.0,356354.83,566368.52,0
1,123661.35,69971.0,0.0,95353.21,219014.56,0
1,368920.57,4055.64,0.0,643951.88,1012872.45,0
1,91493.52,1260.0,0.0,967937.05,1059430.57,0
1,286694.03,20441.0,0.0,5332647.74,5619341.77,0
1,175880.28,33743.0,0.0,0.0,175880.28,0
1,114221.72,25983.0,0.0,572425.44,686647.16,0
1,400419.25,30458.0,0.0,380022.98,780442.23,0
1,155197.98,5596.0,0.0,195621.3,350819.29,0
1,268199.06,0.0,0.0,318133.69,586332.75,0
1,50309.57,0.0,0.0,1876371.69,1926681.26,0
1,551469.4,13666.0,0.0,288785.61,840255.01,0
0,210639.2,0.0,0.0,455117.0,665756.2,0
1,222104.79,0.0,0.0,1107091.3,1329196.09,0
1,198593.38,0.0,0.0,1112697.24,1311290.62,0
0,569825.02,241802.93,0.0,2681630.88,3251455.91,0
0,471753.83,0.0,0.0,2878261.48,3268078.55,0
1,60513.49,90745.0,30231.51,0.0,60513.49,0
1,291074.8,12785.0,0.0,0.0,291074.8,0
1,260128.94,9957.0,0.0,768394.77,1028523.71,0
1,113216.84,0.0,0.0,174237.99,287454.84,0
1,436453.84,250.0,0.0,1537187.73,1973641.57,0
1,295598.79,0.0,0.0,481531.76,777130.56,0
1,69865.85,94440.0,24574.15,2995459.97,3065325.82,0
1,166774.12,77854.0,0.0,0.0,166774.12,0
0,210302.25,0.0,0.0,275113.1,485415.36,0
1,91805.06,372595.74,280790.67,0.0,91805.06,0
1,276789.68,0.0,0.0,1516928.8,1793718.49,0
1,30194.38,0.0,0.0,775033.56,805227.94,0
1,374818.37,153.0,0.0,374546.83,749365.19,0
1,212098.2,0.0,0.0,554761.56,766859.76,0
1,40898.02,734.0,0.0,0.0,40898.02,0
1,68098.47,30154.0,0.0,231933.66,300032.13,0
1,120801.6,0.0,0.0,1869470.75,1990272.35,0
1,4114.13,216744.13,212630.0,30505.0,9383.42,0
1,199759.81,0.0,0.0,345516.78,545276.59,0
1,9212.24,285.0,0.0,697868.32,707080.56,0
0,86676.34,0.0,0.0,1386674.88,1473351.21,0
1,213572.96,0.0,0.0,1296496.32,1510069.27,0
1,125793.96,15354.0,0.0,0.0,125793.96,0
0,9488051.18,0.0,0.0,15067511.64,24555562.81,0
1,304509.77,1066.95,0.0,387912.4,692422.16,0
1,76077.96,0.0,0.0,724219.27,800297.24,0
1,47308.64,11639.0,0.0,51740.62,99049.25,0
1,139950.84,0.0,0.0,167005.18,306956.01,0
1,75071.6,0.0,0.0,422889.75,497961.35,0
1,482101.17,257950.0,0.0,1870745.03,2352846.2,0
1,563209.63,0.0,0.0,1541713.72,2104923.34,0
1,398438.93,0.0,0.0,1107454.72,1505893.64,0
1,32564.34,4546.97,0.0,903991.33,936555.67,0
1,324218.54,380350.56,56132.01,694049.77,1018268.31,0
0,404364.55,0.0,0.0,944303.27,1886598.11,0
1,30009.73,0.0,0.0,241744.53,271754.25,0
1,6800.07,0.0,0.0,431093.47,437893.54,0
1,29706.76,93603.0,63896.24,2100072.83,2129779.59,0
1,755.61,99980.0,99224.39,502759.22,503514.83,0
1,156876.71,0.0,0.0,403035.77,559912.47,0
1,182376.31,0.0,0.0,2647943.09,2830319.4,0
0,119338.95,0.0,0.0,2932230.53,3051569.48,0
1,35345.04,0.0,0.0,554065.12,589410.16,0
1,141884.73,79302.0,0.0,28014.2,169898.93,0
1,449741.26,16601.0,0.0,126420.76,576162.01,0
1,338366.95,0.0,0.0,536176.23,874543.18,0
1,224839.38,5523.0,0.0,408296.08,633135.46,0
1,95899.17,5507.0,0.0,0.0,95899.17,0
1,119824.47,60124.0,0.0,2859668.17,2979492.64,0
1,2174.63,0.0,0.0,10302.39,12477.02,0
1,233578.07,0.0,0.0,1453848.23,1687426.3,0
1,322323.52,0.0,0.0,2246310.53,2568634.05,0
1,26981.05,24079.34,0.0,508774.98,535756.03,0
0,1102125.37,0.0,0.0,12115759.93,13217885.3,0
1,68707.57,44753.0,0.0,372757.84,441465.41,0
0,770242.58,11670.0,0.0,0.0,770242.58,0
0,249397.43,0.0,0.0,2092563.48,2341960.91,0
1,276783.06,19032.46,0.0,1682932.73,1959715.79,0
0,763155.92,0.0,0.0,1104251.45,1867407.37,0
1,135011.51,630.0,0.0,88031.17,223042.68,0
1,129747.48,54328.0,0.0,235824.89,365572.36,0
0,577766.39,0.0,0.0,863436.16,1441202.55,0
1,441166.27,100715.35,0.0,1509665.6,1950831.87,0
1,213174.99,30679.0,0.0,254795.35,467970.34,0
1,227482.27,39653.66,0.0,1327403.08,1554885.35,0
0,9366.63,9366.63,0.0,0.0,0.0,1
0,194129.87,0.0,0.0,1215359.12,1409488.98,0
1,118701.82,114.0,0.0,303295.24,421997.06,0
1,317178.38,0.0,0.0,3704400.33,4021578.71,0
1,78243.25,377384.36,299141.11,7190448.82,7268692.06,0
1,171998.21,0.0,0.0,2596705.64,2768703.85,0
1,41437.86,0.0,0.0,159667.07,201104.93,0
1,364077.26,43787.0,0.0,74430.25,438507.51,0
1,190392.01,30.0,0.0,474779.45,665171.46,0
0,279158.6,0.0,0.0,3109510.2,3388668.8,0
1,209482.19,0.0,0.0,544696.11,754178.3,0
1,93664.39,19419.0,0.0,301022.28,394686.67,0
1,342350.54,11247.0,0.0,195593.79,537944.33,0
1,228378.32,79554.0,0.0,876039.38,1104417.7,0
0,279271.57,400442.28,121170.72,1289392.87,1568664.43,0
1,34648.26,657.0,0.0,0.0,34648.26,0
1,10231.44,0.0,0.0,772992.89,783224.33,0
1,214501.19,9138.0,0.0,49107.32,263608.51,0
1,30980.21,0.0,0.0,93386.28,124366.5,0
0,901860.64,0.0,0.0,4309584.06,5211444.7,0
0,70627.35,13817.0,0.0,84755.6,155382.95,0
1,170552.87,0.0,0.0,1477396.68,1647949.55,0
1,123132.19,7063.0,0.0,0.0,123132.19,0
1,188804.82,175.0,0.0,32183.55,220988.38,0
1,171535.98,418244.0,246708.02,0.0,171535.98,0
1,340831.39,0.0,0.0,4259100.63,4599932.01,0
1,175789.04,85730.82,0.0,1561275.22,1737064.27,0
0,841852.35,15151.0,0.0,179139.36,1020991.71,0
0,3572497.55,49479.17,0.0,3620958.98,7193456.53,0
1,47446.31,21279.0,0.0,530331.63,577777.95,0
1,40378.77,0.0,0.0,233364.74,273743.5,0
1,288858.86,0.0,0.0,1325163.12,1614021.98,0
1,62483.15,36532.47,0.0,263828.18,326311.33,0
0,360508.43,0.0,0.0,2990259.06,3350767.49,0
1,108378.24,104.0,0.0,6395.82,114774.06,0
0,169130.76,21592.0,0.0,0.0,169130.76,0
0,2288507.68,0.0,0.0,8907425.57,11195933.25,0
1,370012.03,19460.0,0.0,0.0,370012.03,0
1,196428.62,0.0,0.0,2263523.55,2459952.16,0
1,413924.37,161239.0,0.0,55391.26,469315.63,0
0,295755.79,0.0,0.0,1008576.24,1304332.03,0
0,518871.03,0.0,0.0,23021065.17,23539936.2,0
1,148537.9,0.0,0.0,5280962.99,5429500.89,0
1,98802.52,10966.0,0.0,0.0,98802.52,0
1,80225.29,17772.0,0.0,0.0,80225.29,0
1,26532.62,0.0,0.0,408951.9,435484.52,0
1,188814.68,34561.0,0.0,0.0,188814.68,0
1,605302.71,0.0,0.0,3640768.13,4246070.84,0
1,288366.08,0.0,0.0,739925.57,1028291.64,0
0,416650.11,0.0,0.0,454190.21,870840.32,0
1,152630.82,0.0,0.0,227047.8,296562.83,0
1,28317.73,0.0,0.0,704259.54,732577.27,0
0,2614243.11,0.0,0.0,8203277.7,10817520.81,0
1,219950.14,0.0,0.0,12028171.49,12248121.63,0
1,97803.1,0.0,0.0,773555.89,871358.99,0
1,138336.41,26289.0,0.0,36600.77,174937.18,0
1,511785.96,220562.81,0.0,854423.4,1366209.36,0
1,312426.72,26377.0,0.0,2258816.61,2571243.33,0
1,332473.48,0.0,0.0,1700558.84,2199802.71,0
1,5843.91,0.0,0.0,291230.48,297074.38,0
1,394339.39,142.0,0.0,50174.69,444514.08,0
1,16014.71,36361.0,20346.29,360223.25,600134.01,0
1,88212.29,5587.0,0.0,0.0,88212.29,0
1,134149.26,0.0,0.0,554580.59,688729.85,0
0,744663.9,0.0,0.0,2090246.05,2834909.94,0
1,196907.04,0.0,0.0,706000.49,902907.53,0
1,128842.49,0.0,0.0,1052845.96,1181688.45,0
1,193290.68,142005.57,0.0,398516.2,591806.88,0
1,146117.14,0.0,0.0,391249.94,854440.55,0
1,26937.38,0.0,0.0,1836594.1,1863531.48,0
1,227551.22,0.0,0.0,3203739.51,3431290.73,0
1,63783.31,0.0,0.0,567498.17,631281.48,0
1,95618.04,101855.0,6236.96,0.0,95618.04,0
0,66501.83,0.0,0.0,282484.22,348986.05,0
1,469583.94,317293.0,0.0,58485.03,528068.96,0
1,52095.66,0.0,0.0,210679.43,262775.09,0
1,52083.35,0.0,0.0,1292392.18,1344475.53,0
0,2571775.69,0.0,0.0,5561109.83,8132885.52,0
1,7590.71,66739.0,59148.29,199102.68,206693.39,0
1,124505.88,1234.0,0.0,482109.14,606615.01,0
1,13291.6,0.0,0.0,88316.25,0.0,0
1,29803.79,0.0,0.0,320096.5,349900.3,0
0,1282176.51,6241.0,0.0,20604.0,0.0,0
1,282930.02,0.0,0.0,417415.86,700345.88,0
0,506286.64,0.0,0.0,1069515.79,1575802.43,0
1,98055.06,80405.0,0.0,0.0,98055.06,0
0,224123.0,0.0,0.0,1444636.67,1668759.67,0
1,137438.98,0.0,0.0,219186.29,356625.27,0
1,180485.9,0.0,0.0,1410592.85,1591078.75,0
1,267170.36,12534.0,0.0,494374.61,761544.97,0
1,55243.0,0.0,0.0,1774107.43,1829350.43,0
1,281006.83,90452.29,0.0,1293363.49,1574370.32,0
1,49800.39,752.0,0.0,0.0,49800.39,0
1,476338.68,0.0,0.0,1257496.58,1733835.26,0
1,19660.07,9940.0,0.0,13108.58,32768.65,0
1,141891.38,0.0,0.0,536829.44,678720.81,0
1,180803.89,8548.0,0.0,0.0,180803.89,0
1,62560.36,0.0,0.0,640099.51,702659.86,0
1,246804.28,144506.0,0.0,657058.46,903862.74,0
1,23180.02,250862.1,227682.08,1112558.3,1135738.32,0
0,1801198.2,0.0,0.0,3207430.12,5008628.32,0
1,365154.42,291534.5,0.0,4289958.74,4655113.16,0
0,148148.92,0.0,0.0,2224738.94,2372887.86,0
1,987.58,8095.0,7107.42,0.0,987.58,0
1,242308.5,31946.16,0.0,433929.65,676238.16,0
1,57094.52,0.0,0.0,139175.08,196269.6,0
1,305204.92,39892.0,0.0,5131070.62,5436275.54,0
1,167046.78,0.0,0.0,329523.09,496569.87,0
0,284814.07,0.0,0.0,518840.04,896978.85,0
1,145473.26,52691.0,0.0,1832122.61,1977595.87,0
1,127682.49,0.0,0.0,416262.16,543944.65,0
1,349821.3,0.0,0.0,2120303.32,2470124.62,0
1,7150.78,0.0,0.0,1267733.92,1274884.69,0
0,1103322.5,79232.0,0.0,2373817.07,3477139.57,0
1,119654.81,35610.0,0.0,1005006.64,1124661.45,0
1,335254.37,0.0,0.0,1815499.21,2161659.32,0
1,328037.44,99996.0,0.0,0.0,328037.44,0
1,226215.58,75136.0,0.0,64181.75,290397.33,0
1,230637.4,39100.97,0.0,3624625.95,3744639.83,0
1,16590.97,44181.0,27590.03,828494.04,845085.01,0
1,131631.93,0.0,0.0,655693.16,787325.1,0
1,397223.92,0.0,0.0,1480202.27,1901741.18,0
0,92903.11,0.0,0.0,1034945.57,1127848.68,0
1,97807.91,0.0,0.0,185469.53,283277.44,0
0,523933.23,0.0,0.0,670961.6,1194894.83,0
1,204891.83,32857.0,0.0,103572.24,308464.07,0
0,661238.45,0.0,0.0,3419432.57,4080671.01,0
1,112426.18,0.0,0.0,121996.21,234422.4,0
1,161748.53,0.0,0.0,320528.21,482276.74,0
1,100569.11,142698.0,42128.89,178191.48,98806.38,0
1,43768.03,576532.82,532764.79,306044.31,349812.33,0
1,45182.14,51893.0,6710.86,2657753.44,2702935.58,0
1,268329.41,0.0,0.0,599192.93,867522.34,0
1,103625.45,42585.0,0.0,175.19,103800.64,0
1,139218.37,0.0,0.0,1138916.84,1278135.21,0
1,5118.1,0.0,0.0,165838.04,170956.14,0
1,101261.19,109917.0,8655.81,0.0,101261.19,0
1,455019.91,0.0,0.0,1780939.9,2235959.82,0
0,96687.2,0.0,0.0,1633855.67,1838697.88,0
0,669585.01,0.0,0.0,1684508.26,2354093.27,0
1,77105.37,0.0,0.0,714465.58,791570.95,0
1,19814.68,128732.16,108917.48,1070497.97,1090312.66,0
1,97218.8,114550.0,17331.2,1482200.59,1579419.39,0
1,100424.83,11238.0,0.0,3875561.17,3975986.0,0
1,130097.3,0.0,0.0,147564.72,277662.02,0
1,65524.46,150.0,0.0,14155415.42,14220939.87,0
1,172254.13,16465.0,0.0,13490.41,185744.53,0
1,51904.73,8400.0,0.0,0.0,51904.73,0
1,4553.34,0.0,0.0,64384.02,68937.36,0
1,170435.32,15756.0,0.0,12571362.66,12741797.99,0
1,276448.79,40752.0,0.0,0.0,276448.79,0
0,1210515.02,0.0,0.0,2767427.15,3977942.16,0
1,93516.99,0.0,0.0,1477923.19,1571440.18,0
1,45643.15,0.0,0.0,420145.72,465788.87,0
1,233529.97,79561.0,0.0,0.0,709263.75,0
0,434186.28,57345.0,0.0,132346.1,566532.37,0
1,112244.95,0.0,0.0,380269.92,492514.87,0
1,282675.41,240607.0,0.0,225521.11,526870.77,0
1,304818.86,102754.0,0.0,1269386.98,1574205.84,0
1,288310.87,20870.0,0.0,0.0,288310.87,0
1,21059.59,0.0,0.0,251568.08,272627.66,0
1,150519.22,0.0,0.0,415615.03,566134.25,0
1,28005.43,0.0,0.0,2146593.0,2231868.49,0
1,328419.44,14513.0,0.0,200476.52,528895.96,0
1,83957.42,23741.0,0.0,1130.28,214203.15,0
1,122734.81,0.0,0.0,10714704.51,10837439.32,0
1,156472.86,49971.0,0.0,37131.98,145551.67,0
1,59901.51,106618.0,46716.49,3902.23,63803.74,0
0,808170.32,43722.0,0.0,513142.75,1321313.07,0
0,451638.89,0.0,0.0,2364650.93,2816289.82,0
1,319735.86,24837.0,0.0,2985122.78,3304858.63,0
1,4139.75,0.0,0.0,1464507.62,1468647.37,0
1,182881.39,0.0,0.0,1647859.24,1830740.63,0
1,138744.58,13217.0,0.0,0.0,138744.58,0
1,106901.77,8364.0,0.0,2635462.61,2742364.38,0
1,309767.12,5165.0,0.0,493994.55,510131.73,0
1,103045.72,323.0,0.0,30620.56,133666.28,0
0,248364.05,107405.0,0.0,796045.82,1044409.87,0
0,586077.17,0.0,0.0,864879.68,1450956.85,0
0,672901.01,55649.0,0.0,4786709.48,5459610.48,0
1,104196.13,0.0,0.0,1574266.07,1678462.19,0
1,15103.18,12234.0,0.0,1548359.14,1563462.32,0
1,314734.61,0.0,0.0,2010654.59,2325389.2,0
1,52459.85,52989.0,529.15,421139.31,882071.45,0
1,120681.64,0.0,0.0,200405.87,321087.51,0
0,28048.17,15381.0,0.0,859257.38,887305.55,0
1,31361.03,32562.57,1201.54,156266.96,187627.99,0
1,141144.96,287900.78,146755.82,1693656.38,1834801.34,0
1,164013.46,0.0,0.0,789088.26,953101.72,0
1,153742.43,0.0,0.0,180181.04,333923.47,0
1,81461.13,28688.0,0.0,11540355.35,11621816.48,0
1,81738.29,0.0,0.0,616263.37,698001.66,0
0,360202.56,0.0,0.0,434612.33,794814.88,0
1,683378.57,96520.0,0.0,0.0,683378.57,0
1,214217.83,0.0,0.0,1085927.77,1300145.6,0
1,47185.1,0.0,0.0,12638300.12,12685485.21,0
1,267545.91,85.0,0.0,3662603.76,3930149.67,0
1,227470.17,200655.0,0.0,2950822.61,3178292.78,0
1,82581.1,855526.0,772944.9,1003.0,3305650.85,0
1,165824.19,0.0,0.0,1445361.57,1611185.76,0
1,162692.62,0.0,0.0,971615.9,1134308.52,0
1,341908.02,53907.0,0.0,10264968.68,10925988.44,0
1,222280.19,0.0,0.0,671678.14,893958.32,0
0,28782.13,0.0,0.0,57034.28,85816.41,0
0,339534.09,83.0,0.0,12415.25,351949.33,0
1,31709.95,0.0,0.0,18899305.21,18931015.15,0
1,360707.1,0.0,0.0,9252474.57,9613181.67,0
1,12306.39,8926.0,0.0,1801252.55,1813558.94,0
1,81953.77,62951.23,0.0,1340415.92,1422369.69,0
1,299010.83,0.0,0.0,4487531.81,4786542.64,0
1,81401.17,0.0,0.0,165641.41,247042.58,0
1,140318.97,11265.0,0.0,0.0,140318.97,0
1,139990.24,0.0,0.0,947846.5,1087836.74,0
1,207687.79,161.0,0.0,561300.09,768987.88,0
1,104484.87,22358.0,0.0,0.0,104484.87,0
1,12224.77,125.0,0.0,12199199.88,12211424.64,0
1,229290.78,79977.0,0.0,2408.47,231699.25,0
1,230352.5,4041.0,0.0,5076.15,235428.65,0
0,408032.01,0.0,0.0,2053234.02,2461266.02,0
1,8615.73,17693.0,9077.27,0.0,8615.73,0
1,470703.92,55775.0,0.0,0.0,893445.69,0
1,44857.64,0.0,0.0,3765874.31,3810731.95,0
1,237883.63,51878.0,0.0,5337.0,568291.35,0
1,124119.24,248651.56,124532.33,460517.74,584636.98,0
1,174542.58,18282.0,0.0,0.0,174542.58,0
1,206243.54,0.0,0.0,460538.43,666781.97,0
1,102425.74,68.0,0.0,55279.74,157705.47,0
1,234817.84,50480.68,0.0,1206509.87,1441327.7,0
1,28537.85,119284.0,90746.15,0.0,28537.85,0
1,124794.07,0.0,0.0,1492440.0,1617234.07,0
1,10827.81,0.0,0.0,504296.71,515124.51,0
1,173969.8,13903.0,0.0,0.0,173969.8,0
1,307939.04,0.0,0.0,2647171.27,2955110.3,0
1,45817.18,0.0,0.0,258642.88,304460.06,0
1,175118.43,0.0,0.0,306367.43,481485.86,0
0,213189.93,39948.0,0.0,635129.16,848319.09,0
0,657199.85,0.0,0.0,1201380.06,1858579.92,0
1,591378.73,146.0,0.0,445586.41,1036965.13,0
1,235373.38,0.0,0.0,6629119.42,6864492.81,0
0,181169.61,37865.0,0.0,214754.78,395924.39,0
1,34020.3,178.0,0.0,82667.88,116688.19,0
1,625765.37,0.0,0.0,1750662.74,2376428.11,0
1,157513.36,0.0,0.0,987295.63,1024433.25,0
1,42831.5,0.0,0.0,652926.98,695758.49,0
1,223129.78,12526.0,0.0,1072315.32,1295445.09,0
1,435521.67,14.0,0.0,570649.33,962604.21,0
1,158154.04,0.0,0.0,683690.9,1073141.98,0
0,61651.99,0.0,0.0,1124520.67,1186172.66,0
1,102132.57,0.0,0.0,315300.74,417433.31,0
1,202652.46,10594.0,0.0,0.0,202652.46,0
1,228565.92,0.0,0.0,796101.8,1024667.72,0
1,165613.38,0.0,0.0,345144.35,510757.72,0
1,207165.46,0.0,0.0,987905.69,1195071.14,0
1,317747.97,0.0,0.0,1592968.18,1910716.15,0
1,449736.62,0.0,0.0,1631626.03,2081362.64,0
1,81829.64,201201.58,119371.95,433373.81,819539.78,0
1,56357.72,0.0,0.0,1000860.07,1057217.79,0
1,128873.39,771683.17,642809.78,1160.0,130033.39,0
1,119777.25,0.0,0.0,429325.47,549102.72,0
1,54771.98,10589.0,0.0,0.0,54771.98,0
1,227492.68,691026.0,463533.32,233323.27,448550.7,0
1,82379.95,0.0,0.0,676164.35,758544.31,0
1,566225.66,0.0,0.0,639873.48,1206099.14,0
1,44719.0,0.0,0.0,80584.4,125303.4,0
1,260076.41,0.0,0.0,917138.39,1177214.8,0
1,48790.65,11413.0,0.0,2192248.7,2241039.35,0
0,368028.69,20918.0,0.0,6069129.57,6437158.26,0
1,38369.84,134235.0,95865.16,618458.24,656828.08,0
1,363811.13,0.0,0.0,1022358.44,1386169.56,0
1,157496.97,0.0,0.0,3925207.12,4082704.09,0
1,130526.87,202369.44,71842.57,197043.67,155054.49,0
1,29440.52,320721.0,291280.48,5885679.62,5915120.15,0
1,333845.71,21284.0,0.0,25.0,508817.15,0
1,139701.47,280.0,0.0,0.0,139701.47,0
1,160586.53,0.0,0.0,2880247.13,3040833.66,0
1,270397.41,344280.64,73883.23,292770.32,563167.73,0
0,267219.6,97408.0,0.0,412559.65,679779.26,0
1,105148.15,298730.87,193582.73,142553.29,247701.44,0
1,4975.31,0.0,0.0,67716.75,72692.06,0
1,276416.21,0.0,0.0,2779496.98,3055913.19,0
0,257208.49,6728.93,0.0,1006955.13,1264163.62,0
1,70723.95,5567.0,0.0,0.0,70723.95,0
1,574448.46,24414.0,0.0,0.0,574448.46,0
1,182741.75,0.0,0.0,367069.58,549811.33,0
1,204093.8,41027.0,0.0,330446.32,534540.12,0
1,226278.58,25711.0,0.0,34187.97,260466.54,0
1,237362.24,0.0,0.0,6050910.89,6288273.13,0
1,160900.67,0.0,0.0,1457598.57,1618499.24,0
0,231687.09,10641.0,0.0,647312.2,878999.29,0
1,27623.77,0.0,0.0,506612.53,534236.3,0
1,37636.65,0.0,0.0,1331682.49,1369319.15,0
1,145718.83,0.0,0.0,189533.08,335251.91,0
1,81844.97,74814.0,0.0,673722.45,755567.42,0
1,151963.65,0.0,0.0,1917977.57,2069941.22,0
1,112884.65,31654.0,0.0,0.0,112884.65,0
1,300372.2,94369.14,0.0,430102.05,730474.25,0
1,132438.05,126824.0,0.0,113371.82,245809.87,0
1,82126.93,0.0,0.0,851668.39,948201.0,0
1,110723.43,0.0,0.0,332789.26,443512.69,0
1,160483.83,50154.0,0.0,668386.58,828870.4,0
1,304603.17,0.0,0.0,2813872.85,3118476.02,0
1,57135.51,0.0,0.0,497553.59,554689.1,0
1,30747.76,0.0,0.0,284779.09,315526.85,0
0,3227360.98,0.0,0.0,4650850.52,7878211.5,0
1,131369.83,19042.0,0.0,141546.23,272916.06,0
1,411441.54,793835.0,382393.46,0.0,411441.54,0
0,364756.76,4119.89,0.0,618087.26,982844.03,0
1,63647.76,0.0,0.0,969900.2,1033547.96,0
1,68347.09,39906.0,0.0,288120.38,356467.46,0
1,527882.02,0.0,0.0,1072109.91,1599991.93,0
1,86587.86,1192.0,0.0,0.0,86587.86,0
0,213234.52,0.0,0.0,247167.22,460401.73,0
1,133580.46,0.0,0.0,1529051.47,1662631.92,0
1,185387.41,0.0,0.0,2579848.98,2765236.39,0
1,148023.58,416.0,0.0,284441.48,432465.07,0
0,514057.71,0.0,0.0,699282.42,1213340.12,0
1,360249.74,0.0,0.0,714257.73,1074507.47,0
1,292966.92,10.0,0.0,5713805.05,6006771.97,0
0,357279.93,5098.0,0.0,0.0,357279.93,0
0,1937422.82,104.0,0.0,167555.12,2104977.93,0
1,243413.18,129167.0,0.0,0.0,243413.18,0
1,235441.78,153.0,0.0,147634.51,383076.29,0
0,2290151.06,4642.27,0.0,5775540.96,8065692.02,0
1,146407.74,0.0,0.0,343515.01,489922.75,0
1,224038.87,0.0,0.0,1140471.08,1364509.95,0
1,56852.95,49638.0,0.0,17762.95,74615.9,0
1,72816.37,0.0,0.0,761719.24,834535.61,0
1,383744.91,18999.0,0.0,71086.29,454831.2,0
1,254534.88,0.0,0.0,367882.97,622417.85,0
1,15724.74,0.0,0.0,140726.27,156451.01,0
1,205839.76,141886.61,0.0,486761.63,692601.39,0
1,105529.96,0.0,0.0,1952080.47,2057610.43,0
1,169746.79,0.0,0.0,1854700.68,2024447.47,0
0,774668.18,9139.0,0.0,0.0,1143028.23,0
1,374646.97,22065.0,0.0,340178.61,714825.58,0
1,122103.46,433.0,0.0,437532.27,559635.73,0
1,721094.0,0.0,0.0,1443926.86,2165020.86,0
1,335747.01,47046.0,0.0,350596.82,686343.83,0
0,241186.11,0.0,0.0,2061658.77,2302844.88,0
1,2460.51,0.0,0.0,4873421.67,4875882.18,0
1,250692.93,14803.0,0.0,0.0,250692.93,0
1,94199.04,0.0,0.0,6307081.92,6401280.96,0
1,42060.38,0.0,0.0,97155.7,139216.08,0
1,165417.04,0.0,0.0,357436.72,522853.76,0
1,401677.08,0.0,0.0,7483150.84,7884827.92,0
1,200349.96,331.0,0.0,63070.72,263420.68,0
1,301599.54,0.0,0.0,1115426.68,1417026.22,0
1,225329.64,0.0,0.0,3277282.38,3502612.02,0
1,251142.53,0.0,0.0,294926.26,546068.79,0
1,154236.73,727.0,0.0,0.0,154236.73,0
1,176472.68,0.0,0.0,239433.35,415906.03,0
0,212051.58,230.0,0.0,0.0,212051.58,0
1,21434.7,0.0,0.0,1139795.42,1161230.11,0
1,216164.18,100336.0,0.0,136165.92,352330.1,0
1,491990.13,0.0,0.0,6567642.2,7059632.33,0
1,186980.92,396.0,0.0,0.0,186980.92,0
1,59288.0,0.0,0.0,3115771.11,3175059.11,0
1,65170.02,0.0,0.0,327616.48,392786.5,0
0,2008247.03,348128.0,0.0,0.0,2008247.03,0
1,98955.53,11596.0,0.0,0.0,98955.53,0
1,36257.61,0.0,0.0,38206.89,74464.49,0
1,203337.11,19072.0,0.0,7481186.41,7684523.52,0
1,142505.79,0.0,0.0,1031513.07,1174018.87,0
1,26086.3,0.0,0.0,206426.72,232513.02,0
1,189819.89,121990.0,0.0,0.0,189819.89,0
1,153363.29,0.0,0.0,1208297.77,1361661.07,0
1,422962.68,51999.0,0.0,39778.12,462740.81,0
1,36374.21,10796.0,0.0,27249.45,63623.66,0
1,101530.68,0.0,0.0,368329.98,469860.66,0
0,802568.77,615298.18,0.0,2019288.34,2821857.11,0
1,476996.29,11905.73,0.0,2392080.07,2869076.35,0
1,96658.26,55885.0,0.0,134234.83,374456.36,0
0,616047.9,0.0,0.0,1644015.41,2260063.31,0
1,50244.89,0.0,0.0,120290.3,170535.19,0
1,64891.57,23833.0,0.0,1959667.63,2024559.2,0
1,160115.97,64546.0,0.0,0.0,160115.97,0
1,564220.36,23410.0,0.0,7864081.84,8581945.37,0
1,122151.86,5038.0,0.0,616106.86,738258.71,0
1,179109.46,281330.82,102221.35,916526.24,1095635.7,0
1,68304.76,0.0,0.0,4630737.99,4699042.74,0
1,169683.29,290479.0,120795.71,0.0,169683.29,0
0,919973.09,20379.0,0.0,571421.41,1491394.49,0
1,32821.46,0.0,0.0,156328.53,189149.99,0
1,162135.55,188699.61,26564.06,655341.03,1005842.66,0
1,592459.04,44208.0,0.0,1359847.44,1952306.48,0
1,11015.15,16126.0,5110.85,671305.74,682320.89,0
1,227768.11,313605.6,85837.49,754333.61,982101.71,0
1,356802.59,0.0,0.0,939867.02,1560201.86,0
1,249708.81,0.0,0.0,867834.22,1117543.03,0
1,301686.67,30135.0,0.0,0.0,301686.67,0
1,161627.9,647.0,0.0,0.0,161627.9,0
1,111899.27,0.0,0.0,306747.02,418646.28,0
1,36284.56,0.0,0.0,6459663.75,6495948.3,0
1,95476.74,0.0,0.0,3974760.98,4070237.72,0
1,106335.4,0.0,0.0,5905264.27,6011599.67,0
0,342270.73,0.0,0.0,434993.84,777264.57,0
0,524964.72,0.0,0.0,1091934.29,1616899.01,0
1,113661.37,5094.0,0.0,1388848.42,1878585.58,0
1,126158.64,32120.0,0.0,2913214.13,3039372.77,0
0,1184777.38,0.0,0.0,3156146.35,4456198.23,0
0,144461.73,230829.0,86367.27,355559.79,500021.52,0
0,378460.88,6091.0,0.0,2752951.42,3131412.3,0
1,35062.49,0.0,0.0,5947010.25,5982072.73,0
1,120859.15,41083.0,0.0,108419.71,229278.86,0
0,1122614.34,30038.0,0.0,146025.89,1268640.23,0
1,144679.43,0.0,0.0,10756207.64,10900887.06,0
1,52611.34,0.0,0.0,85507.44,138118.78,0
0,314815.69,0.0,0.0,2280928.94,2595744.63,0
1,1130.82,136.0,0.0,2638050.74,2639181.56,0
1,76577.75,0.0,0.0,698409.68,774987.43,0
1,57847.03,0.0,0.0,180238.12,238085.15,0
0,84985.6,51139.36,0.0,187944.73,272930.33,0
0,32393490.24,0.0,0.0,57435426.72,89828916.96,0
0,1508607.37,0.0,0.0,3525844.84,5295899.74,0
1,106030.75,291.0,0.0,785039.59,891070.34,0
1,118859.58,13055.0,0.0,6872903.25,6991762.82,0
1,294711.59,23630.0,0.0,0.0,294711.59,0
1,68419.34,0.0,0.0,231642.13,300061.47,0
1,129426.78,28603.0,0.0,0.0,129426.78,0
1,35279.57,0.0,0.0,346702.56,381982.13,0
1,200779.0,8156.0,0.0,92674.55,293453.55,0
1,643492.23,32211.0,0.0,0.0,643492.23,0
1,11052.49,24389.0,13336.51,1579535.39,1590587.88,0
1,186112.86,0.0,0.0,1824370.51,2010483.37,0
1,189847.32,21572.79,0.0,612875.7,802723.02,0
1,244723.67,204897.0,0.0,3058474.1,3303197.77,0
1,81133.97,404.0,0.0,179718.84,260852.81,0
1,57544.93,31322.0,0.0,139467.02,197011.95,0
1,154313.49,1840.71,0.0,200652.0,354965.49,0
1,324859.79,0.0,0.0,841247.74,1166107.53,0
1,156849.21,27560.0,0.0,0.0,156849.21,0
0,199374.73,0.0,0.0,4252599.6,4451974.33,0
0,882886.12,0.0,0.0,1107116.59,1990002.71,0
1,272086.19,50230.0,0.0,0.0,272086.19,0
1,26049.14,209652.0,183602.86,17655.3,43704.45,0
1,162725.81,43032.0,0.0,104064.29,266790.1,0
1,232108.41,0.0,0.0,5013020.22,5245128.63,0
1,377484.0,44917.0,0.0,183517.82,561001.82,0
0,490760.85,0.0,0.0,4643410.44,5134171.29,0
0,298294.41,61054.0,0.0,0.0,298294.41,0
1,35403.0,0.0,0.0,5652765.05,5688168.05,0
1,272325.25,272.0,0.0,102377.3,374702.55,0
1,15761.3,0.0,0.0,2458594.88,2474356.18,0
1,278838.64,0.0,0.0,571570.1,850408.74,0
1,84790.13,45902.0,0.0,960.4,85750.53,0
1,427923.19,0.0,0.0,2621542.96,3049466.15,0
1,205050.99,168006.0,0.0,303715.8,508766.79,0
1,351387.6,0.0,0.0,1262155.08,1613542.68,0
1,238723.93,0.0,0.0,338732.65,577456.59,0
0,1750527.98,26987.0,0.0,91472.47,1842000.45,0
1,62344.27,204972.02,142627.75,365013.35,427357.62,0
1,145937.93,0.0,0.0,7870187.29,7770267.03,0
1,165584.8,0.0,0.0,4022471.28,4188056.08,0
1,178065.52,185518.07,7452.55,691466.55,869532.07,0
1,123011.26,320667.97,197656.71,339328.16,462339.42,0
1,4683.58,32489.0,27805.42,495090.68,499774.25,0
1,211555.99,0.0,0.0,13626571.53,13838127.52,0
0,2292621.72,307355.91,0.0,6895473.33,9188095.06,0
1,336166.64,41729.0,0.0,809526.8,1145693.44,0
1,587.33,0.0,0.0,27406.44,27993.77,0
1,303495.13,0.0,0.0,417500.57,720995.7,0
1,629098.12,8629.0,0.0,2023854.81,2652952.92,0
0,78632.73,4014.0,0.0,0.0,78632.73,0
1,486080.98,11237.0,0.0,242045.49,728126.46,0
1,234901.21,0.0,0.0,2984099.89,3219001.1,0
1,170122.08,0.0,0.0,315960.64,486082.72,0
1,379363.94,0.0,0.0,4299622.94,4904040.3,0
0,1728929.51,0.0,0.0,3114290.42,4843219.93,0
1,417922.06,873.0,0.0,911235.08,1329157.14,0
1,77781.42,0.0,0.0,1920211.97,1997993.39,0
1,181804.0,0.0,0.0,204385.95,386189.95,0
1,209368.84,0.0,0.0,246730.95,456099.79,0
1,319921.69,45709.0,0.0,0.0,319921.69,0
1,252524.64,223241.0,0.0,1263679.12,1242490.24,0
0,2426147.53,0.0,0.0,2580673.7,5006821.23,0
1,276467.8,0.0,0.0,3136143.95,3412611.75,0
0,1363363.25,0.0,0.0,1802786.18,3166149.43,0
1,123507.7,83995.0,0.0,0.0,123507.7,0
0,303651.3,0.0,0.0,336516.54,640167.84,0
1,584265.48,11566.0,0.0,18748.3,603013.78,0
1,15975.82,31392.11,15416.29,281144.94,297120.76,0
0,1061820.38,22102.0,0.0,458943.63,1520764.01,0
1,129139.81,12170.0,0.0,5142951.93,5272091.74,0
1,168559.27,144701.0,0.0,1543967.64,1712526.92,0
1,7579.77,0.0,0.0,1883262.63,2682078.33,0
1,35950.5,0.0,0.0,71693.21,107643.72,0
1,8083.95,0.0,0.0,42930.63,51014.58,0
1,32392.56,107.71,0.0,273753.52,306146.08,0
1,104525.76,0.0,0.0,1260253.91,1364779.67,0
1,133434.09,0.0,0.0,8105466.3,8238900.38,0
0,291151.41,0.0,0.0,1117775.4,1408926.82,0
1,42558.82,36338.38,0.0,699317.2,741876.02,0
1,268501.25,3551.0,0.0,1702977.18,1971478.44,0
1,63608.52,0.0,0.0,152725.43,758409.0,0
1,206578.18,658052.0,451473.82,1300739.96,1507318.14,0
1,21739.09,54366.0,32626.91,29742.05,51481.14,0
1,110245.48,0.0,0.0,194636.59,304882.07,0
1,207721.18,198310.0,0.0,1398438.69,1606159.87,0
1,178317.79,40449.0,0.0,0.0,178317.79,0
1,102144.53,132.0,0.0,483552.42,585696.95,0
1,405534.38,30121.0,0.0,80720.67,486255.05,0
0,1332246.06,0.0,0.0,1351811.34,2684057.4,0
1,272745.01,48705.0,0.0,1777200.36,2049945.36,0
1,193662.81,11134.0,0.0,2124705.18,2318367.98,0
1,105338.7,0.0,0.0,1503285.33,1608624.03,0
1,201112.47,0.0,0.0,342596.93,464526.67,0
1,328144.45,0.0,0.0,403830.94,958062.75,0
1,430303.55,0.0,0.0,454869.09,885172.64,0
1,197554.26,29925.0,0.0,0.0,197554.26,0
1,307435.51,0.0,0.0,3733186.32,4040621.83,0
1,416966.36,252925.0,0.0,66333.48,483299.83,0
0,77755.67,17770.0,0.0,87210.27,164965.93,0
1,108458.0,52401.0,0.0,997497.2,945824.49,0
1,61435.53,0.0,0.0,460568.82,522004.35,0
1,20176.83,15494.0,0.0,15350.25,35527.08,0
1,253673.82,34783.25,0.0,404732.93,658406.75,0
0,633153.68,0.0,0.0,3302624.51,3935778.19,0
1,216455.94,30901.0,0.0,319590.73,536046.68,0
1,272969.03,12432.0,0.0,0.0,272969.03,0
1,351226.35,191863.66,0.0,0.0,151389.87,0
0,605128.96,15115.0,0.0,456060.34,1061189.3,0
1,154156.16,426331.0,272174.84,42633.25,196789.41,0
1,341476.07,0.0,0.0,745775.99,1087252.06,0
1,239156.56,0.0,0.0,718477.75,957634.31,0
1,358883.29,20782.0,0.0,0.0,358883.29,0
0,168803.27,0.0,0.0,526230.0,695033.27,0
1,245653.95,24294.11,0.0,5808913.3,6054567.25,0
1,265300.28,970.0,0.0,246069.06,511369.34,0
1,68638.19,0.0,0.0,481659.03,550297.22,0
1,222981.05,24689.0,0.0,276891.55,499872.6,0
1,9963.22,24322.0,14358.78,1091965.87,1101929.09,0
0,749552.67,3518.0,0.0,2981021.84,3730574.51,0
0,121710.39,7203.83,0.0,493744.27,615454.66,0
1,29545.12,0.0,0.0,240697.83,270242.95,0
0,233071.18,24329.0,0.0,25838.17,258909.34,0
1,114299.01,26965.0,0.0,51913.45,166212.46,0
0,1073342.13,0.0,0.0,3439154.74,4512496.87,0
0,460384.4,362297.07,0.0,649591.05,1109975.44,0
1,42942.75,0.0,0.0,597259.7,640202.45,0
1,135744.25,72021.0,0.0,13524.58,149268.83,0
1,91644.66,157.0,0.0,411149.31,502793.97,0
1,234989.13,0.0,0.0,1677900.26,1912889.39,0
1,156053.36,30767.0,0.0,1488464.0,1644517.36,0
1,116857.6,284161.19,167303.59,458694.97,575552.57,0
1,138174.81,30315.0,0.0,56699.7,194874.51,0
1,130345.01,2112.9,0.0,3403974.7,3534319.71,0
1,56150.19,0.0,0.0,1143412.92,2115052.05,0
1,257262.57,0.0,0.0,266617.26,523879.83,0
1,190809.72,14785.0,0.0,370941.41,561751.13,0
1,397129.45,151263.0,0.0,16729.97,413859.42,0
1,15392.24,11767.0,0.0,1143744.0,1159136.24,0
1,34405.31,0.0,0.0,238552.67,272957.98,0
1,132522.15,21016.0,0.0,4185873.24,4318395.39,0
0,4628.77,41403.0,36774.23,426782.08,636325.59,0
1,345878.39,776003.0,430124.61,411811.59,757689.98,0
1,167731.06,0.0,0.0,294176.59,461907.64,0
1,185608.17,419671.79,234063.62,1748580.79,1934188.96,0
0,135251.31,45617.0,0.0,39706.29,174957.6,0
1,215319.21,0.0,0.0,4764980.14,4980299.35,0
1,212703.37,106797.0,0.0,560656.46,773359.83,0
1,251852.88,0.0,0.0,2135928.17,2387781.05,0
1,87967.65,31257.0,0.0,569317.63,657285.28,0
1,61065.51,20355.0,0.0,0.0,61065.51,0
1,502326.49,0.0,0.0,606270.65,1108597.14,0
1,218767.81,26058.0,0.0,15259.31,234027.12,0
1,239405.58,0.0,0.0,2750177.27,2989582.85,0
0,641988.98,25382.0,0.0,0.0,641988.98,0
1,375164.9,0.0,0.0,642317.91,1017482.82,0
1,46644.63,75350.0,28705.37,30142.64,76787.27,0
1,315900.85,61124.02,0.0,0.0,315900.85,0
1,142718.75,0.0,0.0,234229.36,376948.11,0
0,237766.42,82658.7,0.0,901712.26,940289.52,0
0,41024.26,0.0,0.0,736359.93,777384.18,0
1,45171.23,0.0,0.0,158474.23,203645.46,0
1,59277.66,0.0,0.0,777881.87,995609.03,0
1,319823.88,205252.0,0.0,0.0,319823.88,0
1,19944.4,21468.0,1523.6,1255656.41,1275600.81,0
1,10249.26,284322.73,274073.47,63397.2,73646.47,0
1,8223.74,0.0,0.0,1591308.53,1599532.26,0
1,203363.18,0.0,0.0,1591053.01,1794416.19,0
1,16834.88,109.0,0.0,0.0,16834.88,0
1,198988.28,40448.74,0.0,444122.64,643110.92,0
1,122701.4,0.0,0.0,292325.08,595953.18,0
1,243242.87,118866.0,0.0,0.0,243242.87,0
1,143095.37,0.0,0.0,992797.89,1135893.26,0
1,3244.91,5800.0,2555.09,308029.87,311274.78,0
1,115025.13,0.0,0.0,239568.05,354593.18,0
1,24822.65,112533.0,87710.35,334667.89,359490.54,0
1,279729.36,192851.0,0.0,0.0,279729.36,0
0,1076502.5,301496.0,0.0,0.0,1076502.5,0
1,264532.54,0.0,0.0,5073261.51,5337794.04,0
0,2162116.49,102302.0,0.0,1002826.45,3164942.94,0
1,412423.58,36140.0,0.0,797221.98,2402597.58,0
0,2893556.29,0.0,0.0,10000000.0,12893556.29,0
1,439640.18,560347.0,120706.82,2155882.27,2595522.45,0
1,36806.9,21132.0,0.0,15746659.46,15783466.36,0
1,1353.46,0.0,0.0,492265.74,493619.2,0
1,121068.15,28430.0,0.0,2524545.99,2645614.14,0
1,186965.14,0.0,0.0,3897742.17,4084707.31,0
0,9737770.24,0.0,0.0,24830019.57,34567789.81,0
0,628610.99,0.0,0.0,1509997.97,2138608.95,0
1,3226.76,10944.0,7717.24,832041.19,835267.95,0
1,222259.94,0.0,0.0,354558.9,576818.84,0
1,129383.54,0.0,0.0,1198948.22,1328331.76,0
1,194787.88,99258.0,0.0,264043.59,458831.47,0
1,126215.77,0.0,0.0,460475.17,764599.13,0
1,3927.87,60001.0,56073.13,0.0,3927.87,0
0,85458.57,152376.0,66917.43,3196503.14,3281961.71,0
0,87792.6,46750.0,0.0,1261555.51,1349348.11,0
1,156580.87,0.0,0.0,207082.24,363663.12,0
1,204378.16,12007.0,0.0,3677582.03,3881960.18,0
1,83371.37,0.0,0.0,1089860.66,1173232.03,0
1,35378.97,0.0,0.0,61796.56,97175.53,0
1,232830.93,143153.0,0.0,712201.52,945032.46,0
1,172201.84,0.0,0.0,1239799.95,1412001.79,0
1,325209.47,0.0,0.0,1002497.08,1327706.55,0
1,142109.41,217.0,0.0,90937.27,233046.69,0
0,18186.56,0.0,0.0,83263.38,101449.93,0
0,2850936.38,557.0,0.0,65746.35,2916682.73,0
1,112579.21,535.08,0.0,879186.13,991765.35,0
1,498958.55,0.0,0.0,900631.06,1399589.62,0
1,57036.53,968.0,0.0,1504758.07,1561794.6,0
1,384536.23,0.0,0.0,2886979.35,3271515.58,0
0,37754.15,0.0,0.0,52825.2,90579.35,0
0,534368.67,0.0,0.0,12442507.84,12976876.51,0
1,420675.39,806.0,0.0,8347570.67,8768246.06,0
1,127001.77,0.0,0.0,17883343.2,18010344.97,0
1,167273.93,51878.0,0.0,223936.68,391210.61,0
1,167953.48,0.0,0.0,175997.6,343951.08,0
1,18712.13,0.0,0.0,1025318.13,1044030.26,0
0,1278685.66,0.0,0.0,2352855.01,3631540.66,0
1,68315.86,41102.0,0.0,0.0,68315.86,0
1,140004.34,0.0,0.0,783492.44,923496.78,0
1,91841.71,19927.0,0.0,582691.58,674533.29,0
1,86202.85,41975.0,0.0,24385.93,110588.78,0
1,357190.53,160.0,0.0,1216439.97,1573630.51,0
1,201421.71,0.0,0.0,373494.54,574916.26,0
1,303948.06,0.0,0.0,3165568.87,3469516.93,0
1,205637.31,0.0,0.0,892633.45,1098270.76,0
0,226892.64,0.0,0.0,1734682.3,1961574.94,0
1,19539.12,0.0,0.0,1310139.78,1329678.91,0
1,7476.85,107002.0,99525.15,26585.96,34062.81,0
1,134284.15,0.0,0.0,872166.71,1006450.86,0
1,129187.39,0.0,0.0,7400885.17,7530072.57,0
1,32077.79,2409.0,0.0,1878.03,33955.82,0
0,322134.99,0.0,0.0,753872.44,1076007.43,0
1,128240.54,0.0,0.0,299418.25,427658.79,0
1,299361.63,0.0,0.0,2713937.55,3013299.18,0
1,140566.19,0.0,0.0,1174767.5,1315333.69,0
1,200312.15,10184.0,0.0,0.0,200312.15,0
1,166017.27,0.0,0.0,810839.94,976857.21,0
1,40748.63,0.0,0.0,11153711.06,11194459.69,0
1,203291.23,392347.92,189056.68,456264.01,659555.25,0
1,20173.07,55723.0,35549.93,543180.86,563353.93,0
1,194368.25,49853.0,0.0,298704.93,665565.67,0
1,66611.1,32816.0,0.0,3663068.85,3729679.95,0
1,413731.5,5865.0,0.0,487484.17,901215.67,0
1,149813.93,12364.0,0.0,415594.87,565408.79,0
1,267028.2,248296.84,0.0,367634.37,634662.57,0
1,74684.52,25262.0,0.0,139874.94,214559.46,0
1,25913.51,0.0,0.0,830517.82,856431.33,0
0,486102.57,144463.0,0.0,0.0,486102.57,0
0,489909.65,880.0,0.0,141864.2,631773.85,0
1,183613.43,50191.0,0.0,430521.9,1038879.27,0
0,1067114.26,0.0,0.0,2577666.33,3644780.58,0
1,15861.8,19578.0,3716.2,0.0,15861.8,0
1,102283.39,0.0,0.0,546628.49,648911.88,0
0,461467.18,0.0,0.0,1430819.7,1892286.88,0
0,1509357.8,0.0,0.0,2246607.87,3755965.67,0
1,66142.7,0.0,0.0,84478.84,150621.54,0
1,519540.04,11907.0,0.0,2222909.24,2742449.28,0
0,271756.93,509037.0,237280.07,178086.35,449843.28,0
1,167832.59,0.0,0.0,256853.2,424685.79,0
1,297810.2,10329.0,0.0,3195.17,301005.38,0
1,221514.77,199140.0,0.0,5875600.68,6097115.45,0
0,1120765.25,17133.0,0.0,1737094.93,2857860.18,0
0,653168.87,69427.0,0.0,22600.58,675769.45,0
1,155317.13,30503.0,0.0,21873.0,154539.96,0
1,27786.72,0.0,0.0,208202.56,235989.27,0
1,90257.18,0.0,0.0,111113.98,2165516.03,0
1,355850.47,0.0,0.0,475402.22,831252.69,0
1,40226.41,0.0,0.0,5993485.1,6033711.51,0
1,76372.93,0.0,0.0,274103.13,350476.07,0
0,1531738.64,0.0,0.0,2433794.42,3965533.06,0
1,295035.34,14682.0,0.0,47641.58,342676.92,0
1,603369.59,32594.0,0.0,281184.44,884554.04,0
1,613252.81,7049.0,0.0,6861612.12,7474864.93,0
1,117652.68,0.0,0.0,463185.73,580838.41,0
1,40856.53,11788.0,0.0,0.0,54141.15,0
1,49388.66,42225.0,0.0,133557.18,182945.83,0
1,95092.8,0.0,0.0,173831.89,268924.69,0
1,254053.97,0.0,0.0,620266.12,1714037.69,0
1,10900.7,5242.0,0.0,0.0,10900.7,0
1,5145.73,5262.0,116.27,370520.42,375666.15,0
1,75275.51,21308.0,0.0,765110.5,840386.01,0
1,133349.57,0.0,0.0,3856499.14,3989848.71,0
1,101292.37,8019.0,0.0,257406.93,358699.3,0
1,5340.47,31055.0,25714.53,3453096.55,3458437.02,0
0,312038.35,0.0,0.0,527445.16,839483.5,0
1,349422.83,0.0,0.0,743288.95,1092711.77,0
1,508050.58,12950.0,0.0,0.0,508050.58,0
1,134733.38,0.0,0.0,213168.24,347901.62,0
1,338969.78,0.0,0.0,1475232.38,1814202.15,0
1,53220.61,0.0,0.0,593057.13,646277.75,0
0,540088.01,31357.0,0.0,0.0,540088.01,0
0,1886930.91,0.0,0.0,2297012.44,4183943.35,0
1,300684.72,0.0,0.0,1175578.07,1476262.79,0
1,360939.9,0.0,0.0,1379098.84,1740038.73,0
1,73047.4,41548.0,0.0,641573.59,714620.99,0
0,480724.3,17723.0,0.0,301593.27,782317.57,0
1,91593.85,70452.0,0.0,0.0,91593.85,0
0,788640.67,25277.53,0.0,1031354.06,1819994.73,0
0,81692.14,0.0,0.0,409189.67,490881.82,0
0,182621.5,0.0,0.0,918470.99,1101092.49,0
1,215679.01,0.0,0.0,2810415.94,3026094.95,0
1,72849.92,20221.0,0.0,107111.13,179961.05,0
1,26029.31,25408.0,0.0,0.0,26029.31,0
1,124548.36,0.0,0.0,1344036.24,1468584.59,0
0,2482772.55,0.0,0.0,2707205.08,5189977.63,0
1,147358.88,0.0,0.0,560077.42,707436.3,0
1,59828.21,6028.0,0.0,0.0,59828.21,0
1,76055.85,0.0,0.0,303854.37,314520.65,0
1,443854.1,759.0,0.0,43732.18,487586.28,0
1,49171.58,138654.0,89482.42,29686.21,78857.79,0
1,97351.48,0.0,0.0,1518473.58,1615825.06,0
1,138921.63,6208.0,0.0,0.0,138921.63,0
1,192293.73,0.0,0.0,394749.39,587043.12,0
1,33816.11,64083.0,30266.89,0.0,33816.11,0
1,203590.28,28961.0,0.0,4688146.09,5022772.74,0
1,23814.7,0.0,0.0,1733861.38,1757676.08,0
1,49840.26,0.0,0.0,736441.62,786281.88,0
1,87820.66,103860.0,16039.34,0.0,87820.66,0
1,211917.22,27292.83,0.0,1139541.95,1351459.18,0
1,110387.9,758.0,0.0,165621.4,276009.3,0
1,5356.72,82228.98,76872.25,100720.99,106077.71,0
1,88631.45,0.0,0.0,253906.1,342537.55,0
1,573629.49,8003.0,0.0,0.0,573629.49,0
1,177538.42,61842.0,0.0,2779158.89,2956697.31,0
1,252894.07,89100.75,0.0,418803.05,671697.12,0
0,1814378.44,28369.0,0.0,3259395.36,5073773.8,0
0,781676.11,100228.0,0.0,2790264.24,3571940.35,0
0,912364.79,0.0,0.0,1435856.12,2348220.91,0
1,83251.7,0.0,0.0,5712478.8,5795730.5,0
1,226754.63,21594.0,0.0,2646.01,229400.65,0
1,139154.98,0.0,0.0,354710.53,493865.52,0
0,1480349.32,23200.0,0.0,0.0,1480349.32,0
1,166887.52,0.0,0.0,497404.04,664291.57,0
1,76035.99,14247.0,0.0,0.0,76035.99,0
1,88364.61,143646.0,55281.39,1456000.98,1544365.6,0
1,102201.63,0.0,0.0,640359.63,742561.26,0
1,93832.77,5681.26,0.0,611755.21,705587.98,0
1,515022.74,98.0,0.0,29532.71,544555.45,0
0,694011.39,0.0,0.0,932973.58,1626984.97,0
1,231582.26,647.0,0.0,0.0,231582.26,0
1,334992.03,22601.0,0.0,1034721.23,1369713.26,0
1,220870.68,0.0,0.0,598100.96,818971.64,0
1,86197.01,21403.0,0.0,633468.12,719665.14,0
1,197352.83,23724.0,0.0,0.0,197352.83,0
1,47675.8,0.0,0.0,2821115.86,2868791.67,0
0,1786679.48,16801.0,0.0,1079161.53,2865841.01,0
1,226503.63,16127.0,0.0,32238.47,258742.09,0
1,343195.48,0.0,0.0,869459.04,1212654.52,0
1,15816.25,0.0,0.0,647645.33,663461.58,0
1,15877.51,0.0,0.0,19022450.21,19038327.73,0
1,155721.45,30775.0,0.0,0.0,155721.45,0
1,276149.54,0.0,0.0,1688408.15,1964557.7,0
1,115836.7,21225.74,0.0,215193.96,331030.66,0
1,272468.57,0.0,0.0,439664.05,712132.62,0
1,319678.78,0.0,0.0,1764000.84,2083679.62,0
0,570884.98,0.0,0.0,893739.44,1464624.42,0
1,69756.67,30643.0,0.0,1653282.97,1723039.64,0
1,145433.03,14400.0,0.0,0.0,145433.03,0
1,35644.6,0.0,0.0,305196.28,340840.88,0
1,217387.31,0.0,0.0,534743.6,752130.91,0
0,430008.98,0.0,0.0,1571325.05,2001334.02,0
1,102038.88,0.0,0.0,291082.62,393121.5,0
1,6302.79,106930.0,100627.21,0.0,6302.79,0
1,14905.5,335913.28,321007.77,31313.0,4347.93,0
0,166298.45,0.0,0.0,807755.37,974053.82,0
1,103024.73,500.0,0.0,0.0,103024.73,0
1,27609.57,0.0,0.0,114114.17,141723.74,0
1,390969.69,0.0,0.0,14734881.85,15125851.53,0
1,134439.25,0.0,0.0,1288426.23,1422865.48,0
1,3126.12,40980.0,37853.88,269475.75,272601.88,0
0,1113572.21,11160.0,0.0,2087828.61,3201400.82,0
1,22929.72,50347.0,27417.28,0.0,22929.72,0
1,462085.7,0.0,0.0,1591358.66,2053444.37,0
1,165492.44,0.0,0.0,13358533.48,13524025.92,0
1,195957.85,0.0,0.0,9199262.13,9395219.98,0
0,1333256.46,28615.0,0.0,1081268.51,2414524.97,0
1,56634.83,0.0,0.0,287019.0,343653.83,0
1,10306.32,0.0,0.0,2288444.16,2298750.47,0
1,93214.47,249930.0,156715.53,82979.0,0.0,0
1,106455.44,51332.0,0.0,2561624.45,2668079.88,0
0,265067.42,0.0,0.0,960883.29,1225950.71,0
1,44703.44,0.0,0.0,332401.49,377104.92,0
1,123695.97,61798.0,0.0,31925.08,155621.04,0
1,45238.86,0.0,0.0,193582.83,238821.69,0
1,133457.8,600.0,0.0,0.0,133457.8,0
0,841368.63,0.0,0.0,2152818.33,2994186.96,0
1,604388.92,30339.0,0.0,0.0,604388.92,0
1,82309.44,102441.42,20131.97,9873346.87,9905165.81,0
1,777222.29,0.0,0.0,3258506.22,4035728.5,0
0,767843.44,0.0,0.0,4100813.41,4797626.2,0
1,125696.6,9166.0,0.0,160253.67,285950.27,0
1,201705.52,0.0,0.0,1355291.91,1556997.44,0
1,227733.72,0.0,0.0,287323.96,515057.68,0
1,180534.16,0.0,0.0,209478.49,432593.95,0
1,159573.86,6385.0,0.0,0.0,159573.86,0
1,184170.89,5020.0,0.0,2796662.72,2980833.61,0
0,3210221.52,0.0,0.0,6890976.67,10101198.19,0
1,38486.02,0.0,0.0,309757.73,348243.75,0
0,2268508.71,0.0,0.0,9389976.78,11658485.49,0
1,7466.12,7466.12,0.0,0.0,7466.12,1
1,10683.13,0.0,0.0,1174111.21,1184794.34,0
1,381631.17,3579.0,0.0,100474.98,482106.15,0
1,114456.3,0.0,0.0,2084435.47,2198891.77,0
1,54854.94,320316.0,265461.06,464962.41,519817.36,0
1,82714.65,21634.0,0.0,249248.71,331963.36,0
1,244107.39,1527.0,0.0,11064.0,255171.39,0
1,348258.45,11836.0,0.0,789082.47,1137340.91,0
1,535886.58,62517.0,0.0,471332.79,1007219.37,0
1,56665.46,99195.0,42529.54,307589.59,364255.05,0
1,117551.4,149249.0,31697.6,128733.06,246284.46,0
1,146651.01,0.0,0.0,379435.07,526086.09,0
1,114576.6,0.0,0.0,3548453.37,3663029.97,0
1,231370.3,275275.67,43905.37,3659620.23,3478805.63,0
1,207990.18,21375.0,0.0,166759.39,374749.57,0
1,386536.01,836.0,0.0,0.0,386536.01,0
0,234067.48,27039.19,0.0,323877.08,557944.56,0
1,12151.67,49558.0,37406.33,7534650.85,7546802.53,0
1,269576.03,0.0,0.0,345082.67,614658.7,0
1,96228.52,0.0,0.0,7670498.55,7766727.06,0
1,291442.37,1228.0,0.0,0.0,291442.37,0
1,97048.17,73018.02,0.0,0.0,97048.17,0
0,1228877.96,0.0,0.0,3759660.94,4988538.9,0
1,125767.73,0.0,0.0,7405437.09,7424982.96,0
1,114594.57,116581.0,1986.43,350692.08,465286.65,0
1,68288.49,8821.77,0.0,28498924.52,28567213.01,0
1,225851.43,0.0,0.0,723723.91,949575.34,0
1,51566.49,49715.0,0.0,0.0,51566.49,0
1,127940.45,0.0,0.0,226868.91,354809.36,0
1,99770.43,0.0,0.0,1992782.56,2092552.99,0
1,59150.8,87517.16,28366.36,155337.52,214488.32,0
1,271079.85,920.0,0.0,534414.04,805493.89,0
1,34032.26,0.0,0.0,502422.82,437902.94,0
1,60123.96,67362.0,7238.04,0.0,60123.96,0
1,251550.83,57608.94,0.0,605805.75,857356.59,0
1,221181.97,0.0,0.0,358947.16,580129.13,0
0,1181296.73,27931.0,0.0,9481.37,1190778.11,0
1,197130.21,0.0,0.0,280449.19,477579.39,0
1,278521.42,10509.0,0.0,2430377.83,2708899.25,0
1,43863.36,0.0,0.0,62581.0,0.0,0
0,1038249.67,0.0,0.0,1344785.33,2383035.0,0
0,58055.15,21074.0,0.0,0.0,58055.15,0
1,110773.76,0.0,0.0,544413.39,1305779.93,0
1,72765.21,0.0,0.0,266304.13,339069.34,0
1,309428.41,0.0,0.0,569132.04,878560.46,0
1,19570.82,13586.98,0.0,238739.96,258310.79,0
0,10894.66,50371.0,39476.34,4164726.53,4175621.19,0
0,1055545.92,0.0,0.0,1434121.45,2489667.37,0
1,432552.01,108173.87,0.0,1590056.68,2022608.69,0
0,3071905.06,184.0,0.0,0.0,3071905.06,0
1,316947.95,0.0,0.0,340231.52,657179.47,0
0,79612.53,0.0,0.0,1695951.18,1612728.83,0
1,174063.91,432493.0,258429.09,1192529.99,1366593.9,0
0,484384.69,0.0,0.0,612670.67,1097055.37,0
1,150315.32,61895.0,0.0,49048.05,199363.37,0
1,36154.39,63.0,0.0,112297.45,148451.85,0
0,1609279.75,0.0,0.0,2444583.52,4053863.27,0
1,3551.99,226359.0,222807.01,2918788.25,2922340.23,0
1,69358.81,511920.0,442561.19,0.0,215716.29,0
0,21518.53,21173.0,0.0,1516773.61,1538292.13,0
1,36292.47,9918.0,0.0,60975.95,97268.41,0
1,292324.83,0.0,0.0,389647.4,681972.22,0
1,257581.33,0.0,0.0,750200.4,1007781.73,0
1,150807.63,0.0,0.0,631462.61,782270.24,0
1,193419.9,0.0,0.0,1168715.32,1362135.22,0
1,18013.71,15770.0,0.0,0.0,18013.71,0
1,339930.68,0.0,0.0,617097.76,957028.44,0
1,130165.17,0.0,0.0,2456353.97,2586519.14,0
1,87724.55,12165.0,0.0,0.0,87724.55,0
1,13002.25,0.0,0.0,270791.3,283793.55,0
1,72813.18,0.0,0.0,108691.13,181504.31,0
1,292659.34,0.0,0.0,370802.25,663461.59,0
1,118310.39,0.0,0.0,1329074.66,1447385.04,0
1,99908.63,20849.0,0.0,393349.9,493258.53,0
1,121336.22,133.0,0.0,106177.96,34284.38,0
0,1104722.62,21541.0,0.0,222818.47,1327541.09,0
1,28987.18,0.0,0.0,1779739.01,1808726.19,0
1,109124.05,0.0,0.0,425832.0,232478.56,0
1,145446.35,5571.0,0.0,0.0,145446.35,0
1,54971.04,0.0,0.0,138668.89,193639.93,0
1,190835.46,244.0,0.0,0.0,190835.46,0
1,303642.82,16995.0,0.0,307199.96,610842.78,0
1,46585.04,0.0,0.0,9534480.78,9581065.82,0
1,15261.74,62784.0,47522.26,111515.36,126777.1,0
1,384483.77,0.0,0.0,1578102.95,1962586.72,0
1,90190.53,5950.0,0.0,0.0,90190.53,0
0,248161.47,8064.0,0.0,595702.37,843863.84,0
1,64235.53,301612.0,237376.47,9883384.07,9947619.6,0
1,169144.55,20020.0,0.0,51225.02,220369.58,0
0,1749347.47,193644.0,0.0,639787.05,2389134.52,0
1,139961.82,311869.0,171907.18,287347.36,619176.26,0
1,54363.38,215129.0,160765.62,0.0,54363.38,0
1,108029.01,327120.0,219090.99,0.0,108029.01,0
0,400896.1,0.0,0.0,530540.19,931436.29,0
0,149535.25,206123.0,56587.75,0.0,149535.25,0
0,343213.39,0.0,0.0,2922793.67,3266007.06,0
1,92422.65,14294.0,0.0,208276.11,300698.77,0
1,180005.15,114661.0,0.0,1155934.95,1335940.1,0
1,220642.41,0.0,0.0,721227.7,977636.65,0
1,202526.74,15347.0,0.0,0.0,202526.74,0
1,165296.04,10070.0,0.0,0.0,404447.73,0
0,202499.92,4664.64,0.0,353563.49,556063.41,0
1,95479.45,0.0,0.0,310905.29,406384.74,0
1,134945.04,0.0,0.0,197408.95,332353.99,0
1,386279.93,105299.0,0.0,0.0,386279.93,0
1,96313.83,0.0,0.0,111297.0,0.0,0
1,56613.9,0.0,0.0,456044.68,512658.57,0
1,211523.39,14994.0,0.0,4035188.36,4246711.76,0
1,21055.73,0.0,0.0,398868.12,419923.85,0
1,161734.1,11248.0,0.0,0.0,161734.1,0
1,88462.01,0.0,0.0,4052215.36,4140677.37,0
1,184611.5,58.0,0.0,1137454.66,1322066.16,0
1,171273.94,0.0,0.0,899728.48,1071002.41,0
1,106442.88,0.0,0.0,901885.75,1008328.63,0
1,325168.23,46672.0,0.0,1828506.44,2153674.67,0
1,273891.01,0.0,0.0,955983.0,1246917.62,0
1,200322.89,50564.0,0.0,55357.45,255680.34,0
1,67286.49,0.0,0.0,3532765.84,3600052.32,0
1,10380.15,0.0,0.0,1875743.79,1886123.93,0
1,144053.79,0.0,0.0,640578.85,1185021.43,0
1,199753.51,0.0,0.0,326998.36,455553.02,0
1,26041.3,0.0,0.0,4922734.42,4948775.72,0
1,79281.38,4352.0,0.0,0.0,79281.38,0
1,543738.01,1002227.0,458488.99,163277.02,707015.02,0
1,371100.15,24560.0,0.0,580113.16,951213.3,0
1,43950.59,0.0,0.0,5044778.53,5088729.12,0
1,125600.08,0.0,0.0,364284.63,489884.7,0
1,122161.48,0.0,0.0,453223.66,575385.13,0
1,15979.23,0.0,0.0,65924.12,81903.35,0
1,164114.14,270477.57,106363.42,270180.85,1019747.64,0
1,421739.33,0.0,0.0,1381119.05,1802858.38,0
1,266633.01,10003.84,0.0,4374931.79,4641564.8,0
1,230528.19,655501.0,424972.81,167637.4,398165.59,0
1,233116.27,793609.0,560492.73,814980.9,1048097.16,0
1,218031.4,150819.92,0.0,2989341.37,3207372.78,0
1,345896.43,50952.0,0.0,1862243.21,2208139.64,0
1,84385.06,16592.0,0.0,1072808.24,1157193.31,0
1,233333.84,32752.0,0.0,3485831.24,3719165.08,0
1,68527.07,12152.0,0.0,544567.58,613094.65,0
1,254033.81,149958.0,0.0,784398.44,1038432.24,0
1,177640.65,10874.0,0.0,103429.95,281070.61,0
1,71506.85,0.0,0.0,314071.22,319769.25,0
1,179394.21,0.0,0.0,3142136.99,3321531.2,0
1,281734.5,0.0,0.0,618308.27,900042.77,0
1,534993.68,30075.0,0.0,192156.25,727149.93,0
1,63679.57,60945.0,0.0,495451.06,559130.62,0
1,178385.75,240131.0,61745.25,0.0,178385.75,0
0,3059194.58,65135.0,0.0,0.0,3059194.58,0
1,146345.45,0.0,0.0,369664.62,516010.07,0
1,141973.33,21354.0,0.0,0.0,141973.33,0
1,64439.89,299102.21,234662.32,1976283.46,2040723.35,0
1,180881.28,0.0,0.0,304330.64,485211.92,0
1,233385.26,482108.64,248723.39,666180.39,899565.64,0
0,1702805.93,150438.58,0.0,2600539.15,4303345.08,0
1,65722.32,14647.0,0.0,0.0,65722.32,0
1,442239.89,16874.0,0.0,0.0,442239.89,0
1,45006.9,0.0,0.0,1601547.35,1646554.25,0
1,352188.13,10086.0,0.0,167349.46,519537.59,0
1,132650.0,0.0,0.0,469075.97,601725.97,0
1,55333.45,0.0,0.0,8894746.16,8950079.6,0
1,433369.42,0.0,0.0,1665050.43,2276976.98,0
1,50277.38,0.0,0.0,364861.64,415139.02,0
1,51189.4,193117.0,141927.6,204864.48,256053.88,0
1,171644.05,0.0,0.0,257887.07,429531.13,0
1,106744.94,130889.07,24144.12,217322.43,324067.37,0
0,3647374.19,0.0,0.0,7265461.66,10912835.85,0
1,431796.52,0.0,0.0,675732.73,1107529.25,0
0,242370.8,0.0,0.0,275757.82,518128.62,0
1,126744.82,6009.0,0.0,375486.49,502231.32,0
1,93937.24,0.0,0.0,1034457.53,1128394.77,0
1,178378.43,0.0,0.0,356879.7,1531766.3,0
0,492922.87,45606.0,0.0,18586.0,511508.87,0
0,84383.73,0.0,0.0,169015.66,253399.39,0
1,250540.63,21585.0,0.0,135120.7,385661.34,0
1,26668.54,355042.76,328374.22,5372307.3,5398975.84,0
1,154276.78,0.0,0.0,3671026.73,3825303.51,0
1,317389.2,0.0,0.0,3341108.51,3658497.71,0
1,43013.6,15994.0,0.0,182393.24,225406.83,0
1,127877.46,0.0,0.0,1044140.37,1172017.83,0
1,297631.89,6089.0,0.0,17842.93,315474.83,0
1,13179.28,36600.0,23420.72,140858.75,154038.03,0
1,380157.76,0.0,0.0,447287.71,827445.47,0
1,227528.46,0.0,0.0,5490059.63,5725254.74,0
0,350461.61,0.0,0.0,958651.98,1309113.59,0
0,238108.21,187572.0,0.0,251224.62,489332.83,0
1,457212.92,0.0,0.0,12404776.25,12777480.02,0
0,19376.54,0.0,0.0,206688.92,226065.46,0
1,204030.06,192637.0,0.0,558909.13,762939.19,0
1,163639.21,0.0,0.0,285576.2,449215.41,0
1,566905.22,180451.0,0.0,0.0,566905.22,0
1,20506.24,33160.0,12653.76,1855776.19,1876282.43,0
1,64262.05,20987.0,0.0,2665498.28,2729760.34,0
1,211973.55,20776.0,0.0,13416.23,225389.78,0
1,106888.01,955549.0,848660.99,255209.83,362097.84,0
1,91920.23,0.0,0.0,791052.24,882972.47,0
1,176339.61,0.0,0.0,769659.82,945999.43,0
1,3716.07,0.0,0.0,316109.27,319825.35,0
0,1409342.54,0.0,0.0,13277327.1,14686669.64,0
1,113453.41,0.0,0.0,1291121.54,1182723.46,0
0,1770014.74,31332.0,0.0,0.0,1770014.74,0
1,260295.66,35187.0,0.0,79287.14,339582.8,0
1,304166.06,5832.0,0.0,0.0,304166.06,0
1,7741.67,0.0,0.0,662705.23,739843.6,0
1,351626.05,13188.04,0.0,1485065.15,1836691.2,0
0,827184.47,27889.0,0.0,86738.82,913923.29,0
1,72230.02,0.0,0.0,413677.43,485907.45,0
1,21920.29,51959.0,30038.71,2170770.73,2192691.02,0
1,128002.69,0.0,0.0,852298.19,1298380.72,0
1,87025.68,0.0,0.0,754663.94,841689.62,0
1,104059.42,0.0,0.0,160735.67,264795.09,0
1,175545.86,0.0,0.0,422752.43,598298.29,0
1,208413.85,24308.0,0.0,65387.9,273801.75,0
1,111618.5,0.0,0.0,165918.27,277536.77,0
1,8931.82,206875.0,197943.18,155642.15,164573.97,0
1,21089.57,0.0,0.0,1002085.89,814177.86,0
0,537767.46,64811.0,0.0,0.0,537767.46,0
1,487720.21,6753.0,0.0,43644.52,531364.73,0
1,248612.44,520.0,0.0,0.0,248612.44,0
1,119514.63,0.0,0.0,460586.58,580101.21,0
1,192009.14,553373.0,361363.86,752275.13,944284.28,0
0,84982.89,0.0,0.0,377696.59,462679.48,0
0,1292110.15,0.0,0.0,2824370.43,4116480.58,0
1,121179.79,0.0,0.0,299928.62,421108.41,0
1,298984.77,101158.0,0.0,0.0,298984.77,0
1,154518.18,20608.0,0.0,1962.63,156480.81,0
1,57642.92,20755.0,0.0,677264.1,897839.02,0
1,191790.16,0.0,0.0,602562.78,794352.94,0
1,123277.22,259044.0,135766.78,2375205.08,2498482.3,0
1,378046.68,9068.0,0.0,195796.58,573843.26,0
1,266760.26,2826.0,0.0,878145.34,1144905.6,0
1,225643.18,11551.0,0.0,555139.77,780782.95,0
1,71766.08,374.0,0.0,49652.58,121418.66,0
1,45858.49,0.0,0.0,68207.22,114065.72,0
1,169154.15,0.0,0.0,445271.76,614425.91,0
1,109703.53,0.0,0.0,2499761.77,2609465.3,0
0,329543.23,0.0,0.0,1830953.9,2160497.14,0
0,212789.44,31101.0,0.0,0.0,212789.44,0
0,55353.88,0.0,0.0,361281.34,416635.22,0
1,140056.32,0.0,0.0,1243453.21,1383509.52,0
1,147732.72,45188.0,0.0,0.0,147732.72,0
1,35263.13,0.0,0.0,737762.87,773026.0,0
0,334555.54,313551.38,0.0,721822.43,1056377.97,0
1,121999.15,51774.0,0.0,103168.21,225167.36,0
1,94250.0,0.0,0.0,479711.78,573961.78,0
1,39926.02,0.0,0.0,222973.51,262899.54,0
1,303551.95,0.0,0.0,964608.15,1268160.1,0
1,402405.03,0.0,0.0,73712596.61,74115001.65,0
1,196062.62,0.0,0.0,655679.99,851742.61,0
1,141221.99,0.0,0.0,5016723.52,5157945.51,0
1,257801.81,0.0,0.0,309848.24,567650.05,0
1,62831.59,0.0,0.0,2860131.39,2922962.98,0
1,105618.85,20758.0,0.0,416942.39,522561.24,0
1,34170.98,20860.0,0.0,2096621.73,2130792.71,0
1,6560.97,120058.0,113497.03,0.0,6560.97,0
1,68220.55,101666.0,33445.45,0.0,68220.55,0
0,485174.05,59283.0,0.0,8144.65,493318.7,0
1,125070.63,14441.0,0.0,0.0,125070.63,0
1,533940.76,359.0,0.0,100926.2,634866.96,0
0,1491440.94,204668.0,0.0,568549.75,2059990.69,0
1,124686.94,51876.0,0.0,0.0,124686.94,0
1,177150.28,0.0,0.0,5118783.18,5295933.46,0
1,219482.85,0.0,0.0,1749591.12,1969073.97,0
1,123647.0,0.0,0.0,6433187.59,6556834.59,0
1,152164.98,49569.0,0.0,0.0,152164.98,0
0,67713.55,298872.0,231158.45,846315.38,914028.93,0
0,78382.98,0.0,0.0,85894.52,164277.5,0
1,223574.55,0.0,0.0,10394415.61,10617990.16,0
1,512565.42,365873.0,0.0,0.0,512565.42,0
1,13055.28,10982.0,0.0,0.0,13055.28,0
1,132675.93,118393.0,0.0,1870946.53,2003622.45,0
1,132508.65,1062.0,0.0,44000.2,176508.85,0
1,140806.81,0.0,0.0,2234813.0,2553898.7,0
1,11699.14,15381.0,3681.86,1415538.06,1427237.21,0
1,99899.1,0.0,0.0,3412918.76,3512817.86,0
1,161023.27,95260.37,0.0,597642.19,758665.46,0
1,98984.46,0.0,0.0,100822.26,191339.02,0
0,2824952.15,0.0,0.0,6746834.0,9571786.14,0
1,49077.08,51113.0,2035.92,635803.96,684881.04,0
1,137433.85,450845.21,313411.35,1298475.06,1435908.91,0
0,72504.62,0.0,0.0,2533669.16,2606173.79,0
1,109818.05,8496.0,0.0,135864.57,245682.62,0
1,181202.75,396.0,0.0,0.0,181202.75,0
1,270522.02,10929.0,0.0,10312786.01,10583308.03,0
0,1050287.25,0.0,0.0,4175185.53,5225472.78,0
0,411140.09,286.0,0.0,80495.86,491635.95,0
1,87926.93,0.0,0.0,4015161.33,4103088.26,0
0,687184.09,0.0,0.0,1688735.12,2375919.22,0
1,184313.67,0.0,0.0,758509.7,942823.37,0
1,2930418.44,2930418.44,0.0,3616012.1,6963508.84,1
1,118855.37,0.0,0.0,1557011.93,2100914.88,0
1,19422.5,209135.0,189712.5,0.0,19422.5,0
1,18680.54,11226.0,0.0,446557.01,465237.54,0
1,210469.08,0.0,0.0,6354568.59,6185705.16,0
1,344614.25,370247.35,25633.1,918089.42,1262703.67,0
1,464706.97,15387.0,0.0,2106764.43,2571471.4,0
1,84059.92,5052.0,0.0,0.0,84059.92,0
0,520787.46,0.0,0.0,7203776.94,10427741.48,0
1,195181.36,0.0,0.0,283282.26,478463.63,0
0,294151.15,0.0,0.0,470154.63,1091331.41,0
1,149903.48,0.0,0.0,239223.39,389126.87,0
1,154328.04,30910.0,0.0,736532.6,890860.65,0
1,48466.59,0.0,0.0,255015.16,104109.06,0
0,7017.33,0.0,0.0,15443.0,436637.34,0
1,55981.45,25667.0,0.0,1223486.16,1279467.61,0
1,310423.13,8280.0,0.0,0.0,310423.13,0
1,296420.05,132370.0,0.0,73581.18,370001.23,0
1,272383.79,19665.71,0.0,2384654.48,2657038.27,0
1,149732.15,50757.0,0.0,2721163.9,2870896.06,0
1,243602.13,20744.0,0.0,34315.45,277917.59,0
1,197392.55,0.0,0.0,1408592.49,1605985.05,0
1,285768.85,40418.0,0.0,67151.51,352920.36,0
1,219121.02,102068.0,0.0,46592.51,265713.52,0
1,197076.02,0.0,0.0,3275866.81,3472942.82,0
0,280383.01,0.0,0.0,2609373.39,2889756.4,0
1,213857.22,0.0,0.0,673008.21,886865.43,0
1,46938.2,0.0,0.0,5425208.48,5472146.68,0
1,360898.43,19907.0,0.0,195437.71,556336.13,0
1,52888.17,18987.0,0.0,0.0,52888.17,0
1,83297.66,205360.0,122062.34,469741.1,553038.75,0
1,37808.36,0.0,0.0,429206.98,338516.88,0
1,302890.24,0.0,0.0,1924475.34,2227365.58,0
1,147770.36,0.0,0.0,436786.11,584556.47,0
1,112832.75,0.0,0.0,153867.12,454869.72,0
1,219425.58,0.0,0.0,1400605.52,1620031.1,0
1,242913.01,743.0,0.0,259389.28,502302.28,0
1,158292.16,52174.0,0.0,0.0,158292.16,0
0,10000000.0,0.0,0.0,10716987.08,39050443.95,0
0,107879.49,275983.18,168103.69,243544.09,351423.58,0
1,74777.36,0.0,0.0,180819.72,255597.07,0
1,28049.62,251.0,0.0,2343833.4,2371883.02,0
1,268215.15,50406.0,0.0,34455.9,302671.05,0
0,171541.33,8041.0,0.0,3694153.54,3865694.87,0
1,160404.37,0.0,0.0,852623.11,1013027.48,0
1,187490.76,0.0,0.0,2176222.47,2363713.23,0
1,274061.54,2972.0,0.0,1013651.11,1287712.65,0
1,212475.32,259706.66,47231.34,1023203.08,1235678.4,0
1,65740.42,0.0,0.0,185297.7,251038.11,0
1,70640.21,0.0,0.0,369793.23,440433.44,0
1,204453.52,0.0,0.0,318298.31,522751.83,0
1,103374.18,0.0,0.0,3463972.25,3567346.43,0
0,535269.84,22404.0,0.0,565248.32,1100518.15,0
0,1083694.31,22002.0,0.0,0.0,1083694.31,0
0,2495.25,0.0,0.0,553625.55,556120.8,0
1,172229.39,0.0,0.0,459096.82,631326.22,0
0,1010644.38,50509.0,0.0,776394.22,1584546.98,0
1,185415.56,0.0,0.0,2650936.78,2836352.34,0
1,272638.61,40377.0,0.0,2272811.05,2545449.66,0
1,57024.31,0.0,0.0,390382.64,447406.94,0
1,399844.71,0.0,0.0,1785991.0,2185835.71,0
1,185116.54,78793.0,0.0,17656.07,202772.61,0
1,60270.49,0.0,0.0,171784.55,232055.03,0
1,18156.1,4051.0,0.0,2888023.65,2906179.75,0
1,110534.94,0.0,0.0,635971.63,746506.56,0
1,20156.44,31291.0,11134.56,3541132.04,3561288.48,0
1,119377.16,148579.0,29201.84,1512649.85,1632027.01,0
1,276006.73,0.0,0.0,1119914.52,1395921.26,0
1,79779.36,0.0,0.0,520962.86,600742.22,0
1,52012.11,99022.0,47009.89,4446078.66,4498090.77,0
0,47267.17,0.0,0.0,1778281.56,1825548.74,0
1,56817.32,0.0,0.0,140263.81,197081.13,0
1,286443.86,0.0,0.0,1237287.31,1789259.7,0
1,98357.13,0.0,0.0,5872319.42,5970676.55,0
1,160237.96,201621.0,41383.04,0.0,160237.96,0
1,147433.9,0.0,0.0,837621.19,985055.1,0
1,95083.42,15857.0,0.0,511954.73,607038.15,0
1,318580.66,0.0,0.0,320497.96,639078.62,0
0,10000000.0,0.0,0.0,10000000.0,26332306.16,0
1,291267.72,4529.0,0.0,255263.83,546531.55,0
1,210245.36,0.0,0.0,2764188.79,2974434.15,0
1,256886.74,80291.0,0.0,456271.46,713158.19,0
1,250862.79,20053.0,0.0,0.0,250862.79,0
0,412058.3,0.0,0.0,1321260.41,1769872.35,0
1,203079.87,788.0,0.0,1420175.46,1623255.33,0
1,197376.08,0.0,0.0,1808720.69,2006096.77,0
1,124778.46,0.0,0.0,10650995.54,10775774.0,0
1,231898.52,42775.0,0.0,190540.25,422438.77,0
1,449623.47,9040.0,0.0,1452043.57,1901667.04,0
1,260371.32,0.0,0.0,6885364.55,7145735.87,0
1,55393.16,36125.8,0.0,5071.0,60464.16,0
1,112215.27,9916.03,0.0,3411928.69,3524143.97,0
1,105407.85,82886.0,0.0,16153278.65,16258686.5,0
1,226313.66,52511.0,0.0,0.0,226313.66,0
1,191727.46,0.0,0.0,1739570.44,1931297.91,0
1,94324.13,0.0,0.0,243159.05,337483.18,0
1,56077.97,39916.0,0.0,1016949.86,1073027.82,0
1,476308.73,19893.0,0.0,115730.73,592039.46,0
1,105039.95,0.0,0.0,224043.42,329083.37,0
1,49844.29,13692.0,0.0,101005.09,150849.39,0
1,162468.47,0.0,0.0,1203948.23,1366416.7,0
1,112515.79,30748.0,0.0,0.0,112515.79,0
1,37022.63,169698.0,132675.37,337924.91,374947.54,0
1,84949.95,146687.0,61737.05,878307.98,963257.92,0
0,258199.83,0.0,0.0,851482.48,1109682.3,0
1,385183.34,30526.0,0.0,604719.15,989902.49,0
1,154526.5,3648.0,0.0,0.0,154526.5,0
1,117122.67,13853.0,0.0,0.0,117122.67,0
1,498490.92,0.0,0.0,1034343.09,1532834.02,0
1,41013.84,0.0,0.0,10152775.08,10393050.17,0
1,87337.37,11150.0,0.0,0.0,87337.37,0
1,531680.13,0.0,0.0,1536952.08,2068632.21,0
1,224764.08,0.0,0.0,1105841.37,1330605.45,0
1,6812.54,0.0,0.0,310786.86,317599.39,0
1,66946.7,8654.0,0.0,0.0,66946.7,0
1,10777.49,1016.0,0.0,0.0,10777.49,0
1,47579.94,111072.0,63492.06,62254.96,109834.91,0
1,79001.98,168.0,0.0,0.0,79001.98,0
1,325864.77,126067.0,0.0,137467.92,463332.68,0
0,339215.72,0.0,0.0,578852.34,918068.07,0
1,74948.74,49134.97,0.0,117523.97,192472.71,0
1,340754.39,0.0,0.0,435764.8,776519.19,0
0,280001.49,0.0,0.0,304237.98,584239.47,0
1,290030.01,116.0,0.0,1210220.54,1500250.55,0
1,229603.48,72390.0,0.0,10423548.07,10653151.55,0
1,144518.62,0.0,0.0,217667.49,362186.12,0
1,226821.35,0.0,0.0,235176.25,461997.61,0
1,85518.12,91395.0,5876.88,204020.94,289539.06,0
0,488370.67,5136.0,0.0,384819.04,873189.71,0
1,289063.45,118318.26,0.0,1820750.61,2109814.06,0
1,258843.73,0.0,0.0,441935.94,700779.66,0
1,79352.93,2889.0,0.0,0.0,79352.93,0
1,65673.2,37057.0,0.0,0.0,65673.2,0
0,579514.79,11952.19,0.0,5750862.9,6330377.68,0
1,213133.36,0.0,0.0,906223.54,1119356.89,0
1,292670.82,0.0,0.0,530287.86,822958.69,0
0,1919029.22,1681.0,0.0,0.0,2267172.47,0
1,46479.3,0.0,0.0,2766295.5,2812774.8,0
1,96222.48,0.0,0.0,0.0,96222.48,0
1,52376.36,0.0,0.0,234295.09,286671.45,0
1,294304.83,0.0,0.0,449120.81,743425.64,0
1,58560.24,40804.93,0.0,625501.52,684061.76,0
1,282639.87,1235.0,0.0,0.0,282639.87,0
1,405000.39,73174.0,0.0,72235.42,477235.81,0
1,416532.5,41712.0,0.0,599513.27,1016045.76,0
0,1093513.77,0.0,0.0,2159877.32,3253391.1,0
1,178879.56,7059.0,0.0,121886.77,302386.61,0
0,191533.02,89491.0,0.0,1171135.01,1362668.04,0
1,504520.51,15724.0,0.0,2228964.27,2733484.78,0
1,20429.11,119581.22,99152.11,414664.02,435093.13,0
1,428665.81,12176.0,0.0,75155.02,503820.83,0
1,185725.13,51517.0,0.0,27673.39,213398.52,0
1,18470.2,47656.0,29185.8,1731967.89,1750438.1,0
1,130954.35,0.0,0.0,1697770.47,1828724.81,0
1,25039.16,10655.0,0.0,14412644.82,14437683.98,0
1,69326.77,166650.0,97323.23,316768.71,386095.48,0
1,284824.86,102768.0,0.0,121150.45,405975.3,0
1,166622.27,65245.0,0.0,0.0,166622.27,0
1,248871.48,31524.0,0.0,0.0,400388.06,0
1,69529.8,420859.0,351329.2,480064.21,549594.02,0
1,578812.89,32867.0,0.0,0.0,578812.89,0
1,59446.02,44.0,0.0,581753.94,641199.97,0
0,170616.46,0.0,0.0,328588.77,499205.23,0
1,194574.58,0.0,0.0,11861668.24,12056242.82,0
0,489735.8,21291.0,0.0,3465008.03,3954743.83,0
1,290162.39,0.0,0.0,3741093.26,3912180.34,0
1,71789.75,2801.0,0.0,1793691.1,1865480.85,0
1,168183.92,0.0,0.0,1519601.45,1687785.37,0
0,183489.55,281033.1,97543.55,1358889.74,1542379.3,0
1,106813.59,105229.0,0.0,595220.78,702034.36,0
0,339947.49,0.0,0.0,576792.28,916739.77,0
1,207863.54,0.0,0.0,859186.39,1067049.93,0
0,463888.33,0.0,0.0,1023421.35,1671671.58,0
0,369582.96,0.0,0.0,1710648.09,2080231.05,0
1,115858.92,106448.0,0.0,0.0,115858.92,0
0,377877.73,0.0,0.0,442248.78,820126.5,0
1,87560.8,0.0,0.0,2796998.99,2884559.79,0
1,84033.27,0.0,0.0,308294.58,392327.85,0
1,179306.82,0.0,0.0,217042.4,396349.22,0
1,160218.83,90734.0,0.0,13844.0,461745.25,0
1,169900.71,0.0,0.0,587072.24,756972.95,0
1,121889.97,186964.49,65074.52,4628133.84,4750023.81,0
0,821946.9,58013.07,0.0,1245294.87,2067241.76,0
1,61027.68,72049.0,11021.32,124234.81,185262.49,0
0,981245.26,0.0,0.0,4472936.71,5454181.97,0
1,123897.1,75803.0,0.0,0.0,342000.92,0
0,134325.54,9015.0,0.0,1168476.54,1302802.08,0
1,63189.5,49014.0,0.0,190561.86,253751.36,0
0,194723.44,21286.0,0.0,1337895.01,1532618.45,0
1,213885.95,0.0,0.0,560324.6,774210.55,0
1,20703.84,0.0,0.0,80306.32,101010.17,0
1,228549.39,62612.0,0.0,0.0,202254.4,0
1,554346.67,4540.0,0.0,0.0,554346.67,0
1,338812.2,0.0,0.0,430933.12,769745.32,0
1,234036.68,6172.0,0.0,482574.68,716611.36,0
1,374760.16,0.0,0.0,968148.43,1342908.59,0
1,109885.85,0.0,0.0,332567.74,442453.59,0
1,137789.52,5809.0,0.0,801459.7,939249.22,0
1,103748.31,78757.0,0.0,0.0,103748.31,0
1,374782.5,105048.0,0.0,0.0,374782.5,0
1,232483.09,0.0,0.0,9815504.37,10047987.46,0
1,152481.08,0.0,0.0,215439.44,367920.52,0
1,11186.58,0.0,0.0,122916.85,0.0,0
1,10624.66,0.0,0.0,37642.14,48266.8,0
1,94734.67,0.0,0.0,935121.81,1029856.48,0
1,1279.59,0.0,0.0,2044175.74,2045455.33,0
1,196082.22,70057.0,0.0,1424364.06,1620446.29,0
0,139671.93,0.0,0.0,1536549.09,1676221.02,0
0,444523.38,0.0,0.0,688179.89,1132703.26,0
0,371950.02,22858.0,0.0,100333.0,279218.46,0
0,166396.21,9639.0,0.0,2536727.13,2703123.34,0
1,355914.37,20001.0,0.0,11985.39,367899.75,0
1,51115.93,29764.0,0.0,0.0,51115.93,0
0,823130.93,0.0,0.0,6504410.7,7327541.63,0
0,84223.48,0.0,0.0,539762.05,623985.53,0
1,68643.46,130202.0,61558.54,0.0,68643.46,0
1,39021.01,0.0,0.0,1503625.3,1542646.31,0
1,451.7,0.0,0.0,3946.45,4398.14,0
1,323120.15,0.0,0.0,6058712.12,6381832.27,0
1,66296.49,0.0,0.0,669994.05,736290.54,0
1,237390.2,941.0,0.0,645933.69,883323.9,0
0,406012.77,1062.0,0.0,251198.52,657211.3,0
1,53400.93,32595.0,0.0,1991372.56,2044773.49,0
1,164492.13,133900.0,0.0,479105.6,643597.73,0
1,128579.93,503.0,0.0,0.0,128579.93,0
1,69387.54,25857.0,0.0,1964953.64,2034341.18,0
1,296318.22,48439.0,0.0,20611.66,316929.88,0
1,51655.27,16613.0,0.0,0.0,51655.27,0
0,3724890.53,0.0,0.0,11153708.43,14878598.96,0
1,71721.64,0.0,0.0,2202429.2,2274150.83,0
1,180114.0,0.0,0.0,1088513.42,1268627.42,0
1,89640.07,12328.0,0.0,1872647.17,1962287.23,0
1,156098.75,11649.0,0.0,193959.67,350058.42,0
1,84238.39,0.0,0.0,3011870.16,3096108.55,0
1,154419.87,204022.0,49602.13,78447.47,232867.33,0
1,65756.65,19486.0,0.0,0.0,65756.65,0
1,388913.31,0.0,0.0,2020019.82,2408933.14,0
1,276010.97,208356.88,0.0,5028678.19,5304689.17,0
1,410797.83,83057.38,0.0,6855141.27,7265939.1,0
1,328878.43,138.0,0.0,0.0,328878.43,0
0,1185086.2,0.0,0.0,5866594.45,7051680.65,0
1,4734.6,0.0,0.0,5899789.28,5904523.88,0
1,21225.22,480929.0,459703.78,0.0,21225.22,0
1,279647.79,0.0,0.0,1238945.26,1518593.05,0
1,153126.68,0.0,0.0,4475818.18,4628944.86,0
1,187533.64,82265.0,0.0,0.0,187533.64,0
1,144997.06,0.0,0.0,637260.93,782257.98,0
1,260655.91,50714.0,0.0,466475.54,727131.45,0
0,206242.48,0.0,0.0,798900.18,1005142.65,0
1,97488.65,0.0,0.0,4116579.01,4214067.66,0
1,72644.79,16986.0,0.0,1680272.53,1752917.32,0
0,1685644.35,9986.0,0.0,0.0,1685644.35,0
1,89141.97,107031.0,17889.03,254951.49,344093.46,0
1,160661.36,0.0,0.0,305869.0,466530.35,0
1,241282.65,0.0,0.0,1049305.84,1290588.49,0
1,43292.41,225.0,0.0,611802.23,655094.64,0
1,15097.82,0.0,0.0,342703.65,357801.47,0
1,236980.44,50626.0,0.0,6576301.18,6813281.62,0
1,274170.11,0.0,0.0,10927285.45,11201455.56,0
1,254200.51,19044.0,0.0,348065.8,602266.31,0
1,265954.92,26755.0,0.0,0.0,265954.92,0
1,236119.26,995.0,0.0,0.0,236119.26,0
1,8303.66,5511.0,0.0,6893158.15,6901461.81,0
1,291281.84,0.0,0.0,830841.13,1122122.97,0
0,125785.18,0.0,0.0,355175.99,480961.17,0
0,1028529.7,0.0,0.0,2000311.14,3028840.84,0
1,179440.33,30390.0,0.0,0.0,179440.33,0
1,81353.22,25576.0,0.0,66720.33,148073.54,0
1,7571.64,0.0,0.0,629135.21,636706.85,0
0,175207.85,0.0,0.0,223218.65,398426.49,0
0,1444400.63,0.0,0.0,4173492.11,5617892.74,0
1,279369.37,50339.0,0.0,4150023.84,4429393.21,0
1,56105.69,1152.0,0.0,0.0,56105.69,0
1,163668.03,42486.0,0.0,113933.44,277601.46,0
0,271444.08,52140.0,0.0,0.0,271444.08,0
1,101723.07,6006.0,0.0,203743.37,305466.45,0
1,54078.88,0.0,0.0,267108.83,321187.71,0
1,397717.44,0.0,0.0,1698739.36,2096456.81,0
1,87500.09,0.0,0.0,113076.3,200576.39,0
1,78128.87,129607.0,51478.13,0.0,78128.87,0
1,192727.48,0.0,0.0,402667.0,595394.49,0
1,78018.47,0.0,0.0,953277.45,1031295.92,0
1,286127.88,0.0,0.0,527133.79,813261.68,0
0,670380.73,26350.0,0.0,54642.79,725023.52,0
1,83539.22,823.0,0.0,0.0,83539.22,0
1,295210.05,208565.0,0.0,175784.07,470994.12,0
1,264777.53,0.0,0.0,1418167.9,1682945.43,0
1,237228.31,0.0,0.0,1775742.07,2012970.37,0
1,49406.38,198546.0,149139.62,0.0,49406.38,0
1,270264.94,0.0,0.0,772580.69,1042845.63,0
1,309199.72,132132.0,0.0,6287.38,315487.1,0
1,235846.16,7232.0,0.0,0.0,235846.16,0
1,106121.31,21416.0,0.0,419392.03,525513.34,0
1,41547.65,8481.0,0.0,204683.74,246231.39,0
1,278414.98,51182.0,0.0,515518.92,793933.9,0
1,83288.51,32201.0,0.0,0.0,83288.51,0
1,275090.44,0.0,0.0,4980678.16,5255768.6,0
0,177563.53,406213.18,228649.65,569054.35,778029.57,0
1,119278.14,0.0,0.0,1839716.93,1958995.08,0
1,18374.02,0.0,0.0,1781190.68,1799564.7,0
1,162819.32,149034.52,0.0,772297.2,935116.53,0
1,93266.08,63082.0,0.0,0.0,93266.08,0
1,43805.84,0.0,0.0,550001.0,593806.83,0
1,86127.69,0.0,0.0,717582.19,803709.88,0
1,240970.93,0.0,0.0,587693.73,995431.88,0
1,117741.47,0.0,0.0,1009183.99,1126925.46,0
0,584189.97,16295.89,0.0,9690905.29,10275095.27,0
1,287417.64,5006.0,0.0,2238511.64,2525929.28,0
1,171973.76,0.0,0.0,695232.14,867205.89,0
1,44644.05,51077.0,6432.95,4844522.9,4889166.95,0
0,39437.82,0.0,0.0,16039217.17,16078654.99,0
1,105322.95,0.0,0.0,387094.49,492417.43,0
1,110310.15,11005.0,0.0,35397.54,145707.68,0
1,196131.42,30486.0,0.0,1784108.79,1980240.21,0
0,822336.76,5557.0,0.0,515435.22,1337771.98,0
0,428582.54,52435.0,0.0,0.0,428582.54,0
1,43760.48,0.0,0.0,615592.65,659353.12,0
0,3326375.99,0.0,0.0,7632395.33,10958771.32,0
1,168070.06,11683.0,0.0,0.0,168070.06,0
1,363691.87,46780.0,0.0,2522497.46,2886189.33,0
1,64261.14,0.0,0.0,309668.0,316548.21,0
1,101265.74,0.0,0.0,335378.09,436643.83,0
1,124740.3,5035.0,0.0,677596.11,802336.4,0
1,227503.5,129223.0,0.0,31610.2,259113.7,0
1,71887.25,10481.0,0.0,0.0,71887.25,0
1,130091.76,70489.0,0.0,82720.25,227282.92,0
1,250676.83,40372.0,0.0,1763649.4,2014326.23,0
1,142670.57,90398.0,0.0,103349.66,246020.23,0
0,904121.42,0.0,0.0,1239944.39,2144065.81,0
0,307983.24,23977.75,0.0,594477.36,1062499.81,0
1,46831.86,175136.75,128304.89,1018089.14,1064921.0,0
1,127227.95,20134.0,0.0,9544641.47,9671869.42,0
0,390385.06,0.0,0.0,1881607.07,2271992.12,0
0,306466.78,0.0,0.0,413888.76,1389010.19,0
1,39862.55,0.0,0.0,43501.54,0.0,0
1,138418.37,512639.0,374220.63,2985035.65,3123454.02,0
1,199791.19,0.0,0.0,453964.19,653755.39,0
1,78706.71,0.0,0.0,234173.86,570778.52,0
0,535611.86,453226.08,0.0,2438980.18,2974592.04,0
1,28475.1,544.0,0.0,104923.89,133398.99,0
1,61449.24,0.0,0.0,267573.02,329022.25,0
0,181638.89,210266.0,28627.11,0.0,181638.89,0
1,103942.85,0.0,0.0,1503755.38,1607698.22,0
1,298853.03,0.0,0.0,2270769.78,2569622.81,0
1,313891.92,1596.0,0.0,637060.63,950952.55,0
1,280441.06,0.0,0.0,299566.66,580007.72,0
1,208391.04,19980.0,0.0,242036.71,450427.75,0
1,97851.89,0.0,0.0,311857.52,409709.42,0
0,3808536.59,0.0,0.0,9554156.31,13362692.91,0
1,280207.75,106453.0,0.0,735207.64,1015415.39,0
0,25061.74,233082.0,208020.26,460949.58,486011.32,0
1,152500.49,21514.0,0.0,437782.77,590283.26,0
1,696913.57,0.0,0.0,2679786.33,3491656.29,0
1,18500.18,0.0,0.0,622462.75,640962.93,0
1,196538.76,362612.0,166073.24,0.0,196538.76,0
1,408515.34,2180.0,0.0,0.0,408515.34,0
1,327083.75,0.0,0.0,686540.54,1013624.29,0
1,249743.07,0.0,0.0,275666.86,525409.93,0
1,47216.56,37030.83,0.0,514198.42,561414.98,0
0,899644.97,0.0,0.0,2545056.87,3485377.42,0
1,8678.79,0.0,0.0,12492696.38,12437706.05,0
1,63583.71,0.0,0.0,1111036.75,1174620.46,0
0,200265.53,0.0,0.0,1841942.42,2042207.95,0
1,312821.36,0.0,0.0,515273.49,607263.16,0
1,55310.68,217305.35,161994.67,0.0,55310.68,0
1,66481.71,115522.0,49040.29,1748456.59,1814938.31,0
0,48750.8,20619.0,0.0,441143.36,489894.16,0
1,142081.62,293408.0,151326.38,581865.62,723947.24,0
0,79208.16,0.0,0.0,114714.34,193922.5,0
1,68168.3,238.0,0.0,33624.54,101792.84,0
0,1461681.91,0.0,0.0,2507493.63,3969175.54,0
1,1968.7,0.0,0.0,75940.92,77909.62,0
0,384556.37,20643.0,0.0,0.0,384556.37,0
1,624757.32,161312.0,0.0,41162.04,665919.36,0
1,383722.14,881.0,0.0,100842.86,484565.0,0
1,565159.22,127.0,0.0,4673491.45,5238650.67,0
1,301718.68,0.0,0.0,571042.25,872760.93,0
1,17040.0,0.0,0.0,43114.09,60154.09,0
0,170879.43,20581.0,0.0,16155.64,187035.07,0
1,252420.87,0.0,0.0,8454406.1,8706826.96,0
1,270458.53,271284.91,826.38,4929221.82,5199680.35,0
0,510119.11,206134.42,0.0,1499780.78,2009899.89,0
1,100845.1,0.0,0.0,1604370.6,1705215.7,0
0,99464.47,0.0,0.0,301312.18,400776.65,0
1,195233.32,20513.0,0.0,674945.17,870178.48,0
0,612821.12,0.0,0.0,6337730.93,6950552.05,0
1,118842.83,0.0,0.0,261120.15,379962.98,0
0,38449.5,49200.0,10750.5,943328.36,981777.85,0
1,143661.33,0.0,0.0,483806.27,627467.61,0
0,57197.3,0.0,0.0,867862.88,925060.18,0
1,82961.28,0.0,0.0,163102.56,246063.83,0
1,149241.01,0.0,0.0,475186.39,624427.39,0
1,146491.41,213741.09,67249.68,1603479.65,1894749.67,0
0,7295.26,0.0,0.0,2104850.76,2557383.04,0
1,71125.63,51394.0,0.0,126643.79,197769.41,0
1,195060.61,8170.0,0.0,114339.0,309399.61,0
1,173829.04,19960.0,0.0,0.0,173829.04,0
1,273066.29,0.0,0.0,3709351.6,3982417.89,0
1,99658.53,0.0,0.0,130735.06,230393.58,0
1,120693.35,8052.0,0.0,55335.87,176029.21,0
0,2516115.47,0.0,0.0,5022313.8,7411997.91,0
1,499200.86,9094.0,0.0,107572.87,606773.73,0
0,1438640.49,72.0,0.0,130928.12,1569568.61,0
1,240579.65,0.0,0.0,1288372.97,1528952.61,0
0,161396.74,148703.0,0.0,50515.39,211912.14,0
0,118324.34,0.0,0.0,8847820.15,8966144.48,0
1,126057.01,0.0,0.0,196566.42,322623.43,0
1,127041.16,517277.0,390235.84,891385.77,1018426.93,0
1,102453.61,23419.0,0.0,0.0,102453.61,0
1,113256.75,0.0,0.0,795626.71,908883.46,0
1,91093.38,0.0,0.0,891372.61,982465.99,0
1,72984.68,353132.92,280148.24,289917.45,362902.13,0
1,172487.81,0.0,0.0,5618986.48,5791474.29,0
1,51683.06,71735.0,20051.94,56652.0,108335.06,0
0,335378.91,52460.0,0.0,155131.58,490510.49,0
1,16946.24,0.0,0.0,6174434.17,6191380.41,0
1,1649.71,0.0,0.0,2493.74,4143.46,0
1,187670.07,56023.0,0.0,4612676.76,4800346.83,0
0,84811.14,29724.0,0.0,89864.49,174675.63,0
1,76913.02,0.0,0.0,169959.0,246872.02,0
1,24279.23,0.0,0.0,266297.84,290577.07,0
0,1207261.06,17746.0,0.0,82070.44,1289331.5,0
0,852536.52,0.0,0.0,1287288.33,2139824.85,0
1,244773.65,0.0,0.0,1301383.04,1546156.69,0
1,143921.76,0.0,0.0,944556.85,1088478.62,0
1,241712.58,21573.0,0.0,520479.64,762192.21,0
1,14876.65,0.0,0.0,88942.22,103818.87,0
1,7769.56,0.0,0.0,2194285.68,2202055.24,0
0,700568.97,276.0,0.0,227024.33,927593.3,0
1,283488.34,113683.0,0.0,352572.5,636060.84,0
1,27359.66,0.0,0.0,430023.03,457382.69,0
1,345064.74,60009.0,0.0,0.0,345064.74,0
1,330037.63,0.0,0.0,891783.94,1221821.57,0
1,276230.8,31254.0,0.0,3733475.6,4009706.4,0
1,204575.3,334241.0,129665.7,149291.94,267359.19,0
1,52859.25,0.0,0.0,2108300.43,2161159.68,0
1,156053.52,0.0,0.0,443394.2,599447.72,0
0,618361.32,5354.0,0.0,310418.83,1181941.26,0
1,96930.32,0.0,0.0,401094.0,498024.33,0
1,204537.14,21662.0,0.0,1969883.57,2174420.71,0
1,186018.37,81228.0,0.0,1584101.36,1770119.73,0
1,144611.99,0.0,0.0,2961539.5,3106151.49,0
1,74119.77,18936.0,0.0,71253.93,145373.71,0
1,183999.39,0.0,0.0,212727.01,396726.4,0
1,171176.99,0.0,0.0,219875.35,391052.35,0
0,266728.97,4992.0,0.0,378043.12,644772.1,0
1,28410.67,10805.0,0.0,6137864.79,6166275.46,0
1,223271.08,65365.72,0.0,812561.87,1035832.94,0
1,437736.32,99417.0,0.0,513877.06,951613.38,0
1,90645.32,25891.9,0.0,1098940.2,1189585.53,0
1,143688.51,10837.0,0.0,4226478.66,4370167.18,0
1,144166.66,0.0,0.0,358481.8,502648.47,0
1,263400.36,0.0,0.0,1112152.37,1375552.73,0
0,259298.88,161438.0,0.0,1109390.77,1368689.66,0
1,203910.91,0.0,0.0,261096.11,465007.02,0
1,268606.41,0.0,0.0,1870683.72,2139290.12,0
1,139048.11,0.0,0.0,13173675.19,13312723.3,0
1,280879.4,5982.0,0.0,308022.67,588902.07,0
1,58019.9,101587.0,43567.1,8246062.34,8304082.24,0
0,779313.24,1045.0,0.0,66682.31,845995.56,0
1,136589.11,218744.0,82154.89,6854.81,143443.92,0
1,88865.16,0.0,0.0,1797165.34,2255799.04,0
1,234135.14,695.0,0.0,2478141.78,2676120.4,0
1,257558.44,0.0,0.0,3104534.87,3362093.31,0
1,149077.34,997.0,0.0,382679.49,531756.83,0
0,616077.97,59790.0,0.0,401206.92,1017284.89,0
1,250190.51,26340.0,0.0,14806.93,264997.44,0
1,244540.25,0.0,0.0,1957901.68,2202441.93,0
1,127651.77,10896.0,0.0,100778.57,228430.34,0
1,22049.24,0.0,0.0,1436019.32,1458068.55,0
0,917017.11,197332.32,0.0,4860708.81,5777725.91,0
1,183293.22,0.0,0.0,3262090.83,3445384.05,0
1,551354.2,0.0,0.0,1003936.02,1555290.22,0
1,92559.95,311720.0,219160.05,108308.76,200868.71,0
1,74323.9,0.0,0.0,437545.31,511869.22,0
1,763913.96,763913.96,0.0,118405.94,882319.9,1
1,478600.34,9000.0,0.0,29490.23,141412.66,0
1,279610.1,0.0,0.0,3285104.15,3564714.24,0
0,93425.81,99970.0,6544.19,2790913.3,2884339.11,0
1,2976.87,30685.0,27708.13,313714.84,316691.71,0
1,125349.23,0.0,0.0,2833987.47,2959336.7,0
1,58600.48,0.0,0.0,225016.54,283617.01,0
1,481942.06,0.0,0.0,7268904.67,7750846.73,0
0,248711.26,4509.0,0.0,336703.1,585414.36,0
1,187247.02,1157.0,0.0,129025.83,316272.85,0
1,150199.04,92318.0,0.0,0.0,150199.04,0
1,439.21,243.0,0.0,0.0,439.21,0
1,321534.06,8372.0,0.0,8696835.36,9018369.43,0
1,86156.33,0.0,0.0,484347.01,149710.38,0
0,332831.42,0.0,0.0,3586417.21,3919248.64,0
1,440723.76,0.0,0.0,580988.69,513416.49,0
0,1322582.59,344.0,0.0,167836.08,1490418.67,0
1,181127.42,0.0,0.0,630310.96,811438.37,0
0,847107.86,0.0,0.0,1009512.39,1856620.24,0
1,248606.94,0.0,0.0,382002.5,630609.44,0
0,185178.45,30474.0,0.0,236997.33,422175.77,0
1,54657.8,20452.0,0.0,79703.75,134361.55,0
1,126297.12,0.0,0.0,170162.75,296459.87,0
1,20927.8,231079.0,210151.2,64720.45,391386.29,0
1,44816.23,19730.0,0.0,824060.06,868876.29,0
1,73722.49,0.0,0.0,279837.42,353559.91,0
1,99082.01,0.0,0.0,930605.2,1891678.89,0
1,108034.45,244691.0,136656.55,0.0,108034.45,0
1,61877.79,0.0,0.0,223019.88,284897.66,0
1,26125.29,0.0,0.0,1091619.72,1117745.0,0
1,62388.62,0.0,0.0,454375.54,516764.16,0
1,208051.19,0.0,0.0,2337962.9,2546014.09,0
1,20254.52,29794.0,9539.48,345444.91,365699.43,0
1,168487.07,2229.0,0.0,773169.1,941656.17,0
1,87231.16,0.0,0.0,170313.19,257544.35,0
1,126897.8,0.0,0.0,484463.84,611361.64,0
0,1161165.79,0.0,0.0,1479502.35,2640668.14,0
0,3298367.55,3084.0,0.0,746635.61,4045003.17,0
1,127303.2,24144.61,0.0,3976745.06,4251727.26,0
1,657671.68,14770.0,0.0,3676999.48,4334671.15,0
1,486254.41,105448.0,0.0,0.0,486254.41,0
0,129469.81,0.0,0.0,3131910.12,3261379.93,0
1,313191.61,257374.0,0.0,1476778.64,1789970.25,0
1,155430.07,2717.0,0.0,204731.67,360161.74,0
1,31518.85,116339.4,84820.55,118630.61,150149.46,0
1,510316.22,5036.0,0.0,596147.09,1106463.31,0
1,36567.38,0.0,0.0,917138.71,953706.09,0
1,309909.83,51159.0,0.0,12519526.12,12829435.96,0
1,226834.49,0.0,0.0,3563273.59,3790108.08,0
0,561550.55,0.0,0.0,3564591.39,4126141.94,0
1,90480.29,1285.0,0.0,114910.41,205390.7,0
1,80326.05,60228.0,0.0,0.0,80326.05,0
1,294074.19,0.0,0.0,3007125.54,3301199.74,0
1,216677.0,0.0,0.0,1107946.44,1324623.44,0
0,273606.13,171903.0,0.0,5936110.09,6209716.22,0
1,196267.47,13759.0,0.0,2547393.29,2743660.76,0
1,205146.79,0.0,0.0,808649.41,1013796.2,0
1,242704.8,0.0,0.0,287374.11,530078.91,0
1,244912.47,0.0,0.0,11025723.65,11270636.13,0
1,120948.84,15947.0,0.0,1241796.61,1362745.44,0
0,377965.32,24808.0,0.0,0.0,377965.32,0
1,71685.42,521.0,0.0,0.0,71685.42,0
0,408925.08,41827.04,0.0,3246374.53,3655299.61,0
1,143228.67,201549.0,58320.33,0.0,143228.67,0
1,501365.02,94001.0,0.0,56055.78,557420.8,0
1,110983.73,80217.0,0.0,32390.64,143374.37,0
0,329756.97,2092.0,0.0,65785.62,395542.59,0
1,274026.99,0.0,0.0,501388.29,775415.27,0
1,191459.26,413.0,0.0,2353310.94,2544770.21,0
1,67874.06,5031.0,0.0,0.0,67874.06,0
0,1612951.55,0.0,0.0,6592536.76,8205488.31,0
1,79012.55,39596.0,0.0,10361008.74,10440021.29,0
1,216120.67,2372.0,0.0,0.0,216120.67,0
1,65839.51,56794.0,0.0,154498.37,220337.88,0
1,22778.42,0.0,0.0,95686.5,118464.92,0
0,8207.19,68939.0,60731.81,21013.21,29220.4,0
1,44568.25,192075.98,147507.73,603557.76,648126.01,0
1,396090.94,0.0,0.0,2377509.68,2773600.61,0
0,101659.36,0.0,0.0,1622247.85,1723907.21,0
1,468525.4,63914.0,0.0,1154036.4,1622561.8,0
1,115870.64,31530.0,0.0,0.0,115870.64,0
1,90508.35,0.0,0.0,3120753.29,4281861.34,0
0,392255.6,326220.0,0.0,0.0,392255.6,0
1,94229.57,0.0,0.0,283006.18,377235.75,0
0,509040.26,188972.0,0.0,604139.69,936144.28,0
1,80243.38,0.0,0.0,773277.29,853520.67,0
1,97359.15,179.0,0.0,0.0,97359.15,0
1,291065.93,161540.51,0.0,308118.66,599184.59,0
1,142563.07,0.0,0.0,2428910.93,2571474.0,0
1,116514.1,0.0,0.0,224450.1,340964.2,0
1,189210.45,60191.0,0.0,0.0,189210.45,0
0,3652795.29,0.0,0.0,10112515.96,13765311.24,0
1,275995.92,479.0,0.0,375009.1,651005.02,0
1,135527.9,6060.0,0.0,0.0,135527.9,0
1,91768.18,11310.0,0.0,1042473.04,1134241.22,0
0,1443746.93,0.0,0.0,16656613.88,18100360.81,0
0,767967.38,22406.0,0.0,23598659.48,24366626.86,0
1,15605.5,741.0,0.0,163261.96,178867.46,0
1,255697.13,160056.0,0.0,1101303.56,1357000.69,0
1,422859.15,7066.0,0.0,70947.61,493806.76,0
1,66394.7,0.0,0.0,776136.92,842531.62,0
0,497390.21,0.0,0.0,586974.67,1084364.88,0
1,62296.73,0.0,0.0,760471.69,822768.42,0
1,350299.72,0.0,0.0,3316210.9,3666510.62,0
1,5405.5,2255.0,0.0,12782.23,18187.73,0
1,148866.96,76332.0,0.0,271434.53,420301.49,0
0,346127.08,0.0,0.0,579714.23,925841.3,0
1,94747.0,49847.0,0.0,77170.67,171917.66,0
1,128990.54,6331.0,0.0,188300.1,317290.64,0
0,665635.69,0.0,0.0,2215733.21,2881368.91,0
1,20601.01,0.0,0.0,699371.36,719972.37,0
0,4746.36,0.0,0.0,1688540.87,1693287.23,0
1,264408.38,0.0,0.0,513698.46,778106.85,0
1,388272.04,0.0,0.0,1222823.65,1611095.69,0
1,48171.08,22800.0,0.0,0.0,48171.08,0
1,400196.2,120317.49,0.0,890489.06,1290685.26,0
1,163482.3,113.0,0.0,36870.94,200353.24,0
1,186380.39,19609.0,0.0,147271.76,333652.15,0
1,157011.71,58508.64,0.0,1030293.15,1187304.86,0
0,509403.89,42926.0,0.0,752524.72,1261928.61,0
1,111130.49,52114.0,0.0,1614832.12,1725962.62,0
1,211099.65,0.0,0.0,443588.96,654688.6,0
0,554251.72,204579.0,0.0,6169944.81,6724196.52,0
1,44837.14,51339.0,6501.86,752584.03,797421.18,0
1,257286.49,24431.0,0.0,2923179.88,3180466.37,0
0,389038.35,0.0,0.0,9812225.81,10201264.17,0
0,470006.31,0.0,0.0,873094.0,1343100.31,0
1,63507.93,0.0,0.0,247443.31,310951.23,0
1,56790.73,0.0,0.0,127471.17,184261.9,0
0,54521.49,654.82,0.0,1508022.16,1562543.65,0
1,87662.09,22957.0,0.0,0.0,87662.09,0
0,1559191.91,9728.45,0.0,1775657.83,3187184.93,0
1,386355.5,138658.97,0.0,398927.5,785283.0,0
1,124662.53,11388.0,0.0,0.0,124662.53,0
1,419713.26,11279.0,0.0,1422817.05,1842530.32,0
1,90087.81,742.0,0.0,887513.95,977601.77,0
1,32004.1,0.0,0.0,1306550.13,1338554.23,0
1,59712.33,16272.0,0.0,0.0,59712.33,0
1,138042.02,509.0,0.0,0.0,138042.02,0
1,210850.14,0.0,0.0,787454.55,998304.7,0
1,165189.74,0.0,0.0,365704.21,530893.95,0
1,229784.39,0.0,0.0,2842043.5,3071827.9,0
1,193992.43,27723.0,0.0,6207.32,200199.75,0
1,77819.63,10338.0,0.0,10599111.03,10676930.66,0
1,209867.95,7384.0,0.0,0.0,209867.95,0
1,163334.88,0.0,0.0,10564815.7,10728150.57,0
1,322369.16,0.0,0.0,519143.72,774153.79,0
1,338877.0,191505.69,0.0,7329742.75,7668619.75,0
1,207504.96,6196.0,0.0,570556.04,778061.01,0
1,79431.45,10177.0,0.0,1025694.84,1105126.29,0
1,54041.89,0.0,0.0,667041.55,721083.44,0
1,449514.34,20449.0,0.0,2484851.08,2934365.42,0
1,94051.41,11609.0,0.0,81524.8,175576.21,0
0,37231.05,0.0,0.0,171241.03,208472.08,0
1,192940.31,286425.0,93484.69,1095456.75,1288397.07,0
1,240494.24,895578.0,655083.76,0.0,240494.24,0
1,182074.73,498844.0,316769.27,1108611.38,1754639.41,0
1,141448.18,0.0,0.0,585053.09,726501.27,0
1,18310.87,91267.0,72956.13,0.0,138694.73,0
1,289158.33,21724.0,0.0,11286.07,300444.41,0
1,7793.77,77374.0,69580.23,377210.03,385003.79,0
1,29754.88,189465.66,159710.78,283047.74,312802.62,0
1,94609.48,0.0,0.0,1353598.5,1448207.99,0
1,107811.09,0.0,0.0,3442682.99,3550494.09,0
1,234643.06,50312.0,0.0,0.0,234643.06,0
1,351534.2,0.0,0.0,522842.36,874376.55,0
1,357512.22,32483.0,0.0,3720367.51,4077879.72,0
1,282735.52,0.0,0.0,1891787.57,2174523.09,0
1,170031.42,0.0,0.0,189039.63,359071.06,0
1,107978.9,0.0,0.0,5779402.7,5468900.46,0
1,8533.0,0.0,0.0,1167781.89,1176314.89,0
0,35155.58,26432.0,0.0,0.0,35155.58,0
1,208644.33,211910.0,3265.67,9877095.15,10085739.47,0
1,175130.14,16283.0,0.0,340548.12,515678.25,0
1,18295.66,0.0,0.0,115449.82,133745.48,0
1,61337.51,0.0,0.0,10510598.55,10571936.06,0
1,590625.31,0.0,0.0,597808.03,1188433.34,0
1,225614.55,0.0,0.0,254966.46,480581.01,0
1,154283.86,0.0,0.0,492489.57,646773.43,0
1,167714.62,4733.0,0.0,0.0,167714.62,0
1,258800.55,16843.0,0.0,120459.53,379260.08,0
1,229387.36,0.0,0.0,1121056.82,1640500.67,0
1,81907.36,0.0,0.0,660335.32,742242.68,0
1,326348.73,169945.15,0.0,1537077.78,1863426.51,0
1,126920.47,0.0,0.0,1133360.21,1380173.42,0
0,197735.26,0.0,0.0,295195.65,492930.91,0
1,83885.67,11374.0,0.0,3532963.8,3616849.48,0
1,2533.01,0.0,0.0,347414.2,349947.21,0
1,30501.66,50486.0,19984.34,0.0,30501.66,0
0,280778.15,0.0,0.0,814287.57,1095065.73,0
0,1027270.54,0.0,0.0,9270305.79,10297576.33,0
1,107354.56,0.0,0.0,554807.4,662161.95,0
0,996714.05,10393.0,0.0,0.0,996714.05,0
1,256417.95,16880.0,0.0,623329.79,879747.74,0
1,39509.14,62756.0,23246.86,0.0,39509.14,0
1,26624.46,89640.0,63015.54,50121.32,76745.77,0
1,101877.54,0.0,0.0,180327.83,282205.37,0
1,36761.12,0.0,0.0,3336396.43,3373157.55,0
1,65281.6,0.0,0.0,117905.37,183186.96,0
0,115182.17,0.0,0.0,453207.85,568390.02,0
1,170504.3,0.0,0.0,194732.05,163669.86,0
1,91210.67,11487.0,0.0,33000.84,124211.51,0
1,435200.2,50440.0,0.0,596191.17,1031391.37,0
1,289871.73,0.0,0.0,3325834.23,3615705.97,0
1,216119.61,19926.0,0.0,0.0,216119.61,0
0,23040.7,0.0,0.0,391456.01,414496.7,0
1,160675.56,0.0,0.0,864873.73,1025549.29,0
1,107657.0,0.0,0.0,2346964.32,2454621.32,0
0,277631.68,0.0,0.0,329553.23,607184.91,0
1,439908.45,8173.0,0.0,60704.0,500612.45,0
1,293020.44,0.0,0.0,3670460.98,3963481.42,0
1,251233.86,0.0,0.0,1092663.41,1066977.87,0
1,4857.6,28627.0,23769.4,0.0,4857.6,0
1,72478.7,0.0,0.0,271774.76,344253.46,0
1,183381.4,0.0,0.0,1612358.32,1795739.73,0
0,583816.52,25596.0,0.0,835232.55,1419049.08,0
1,17131.2,191.0,0.0,2393849.8,2410981.0,0
1,347695.5,0.0,0.0,457042.12,804737.62,0
1,79816.65,121853.0,42036.35,226556.63,306373.28,0
1,123204.41,0.0,0.0,617388.57,740592.98,0
1,56195.59,0.0,0.0,211987.91,268183.5,0
1,297710.84,0.0,0.0,3140528.0,3275920.39,0
1,46401.23,0.0,0.0,5841457.91,5887859.14,0
0,362346.22,5654.24,0.0,1826351.66,2188697.88,0
0,103679.0,0.0,0.0,318863.8,422542.8,0
1,2867.17,13508.0,10640.83,805911.28,808778.45,0
1,21987.96,0.0,0.0,970082.59,992070.54,0
1,64014.48,0.0,0.0,898253.36,962267.84,0
1,219201.06,0.0,0.0,867948.46,1087149.52,0
1,125840.35,0.0,0.0,797756.04,923596.39,0
0,530619.38,19839.0,0.0,1350474.14,1881093.52,0
1,33942.78,0.0,0.0,175638.74,209581.52,0
1,6600.09,617655.0,611054.91,845382.69,851982.78,0
1,97599.82,0.0,0.0,303221.64,400821.46,0
0,539638.06,101631.0,0.0,0.0,539638.06,0
1,77397.85,0.0,0.0,274225.47,351623.32,0
1,20663.0,107560.0,86897.0,414883.22,435546.22,0
1,174687.5,54480.0,0.0,318367.2,493054.71,0
0,2632291.4,871.0,0.0,8693189.27,11325480.68,0
1,22144.81,0.0,0.0,67993.56,90138.37,0
1,424497.1,185324.77,0.0,2904602.89,3329099.98,0
1,360108.53,316969.66,0.0,3662714.84,4022823.37,0
1,322867.76,99729.0,0.0,5608769.83,5931637.6,0
1,412077.99,54211.0,0.0,471596.13,883674.12,0
1,344815.56,201432.0,0.0,0.0,344815.56,0
1,51166.72,631593.0,580426.28,1331911.44,1383078.16,0
1,250028.23,0.0,0.0,5838908.82,6317996.4,0
0,77527.57,51137.0,0.0,530048.22,607575.79,0
0,83761.1,0.0,0.0,893811.0,977572.1,0
1,51429.73,0.0,0.0,160699.48,212129.21,0
1,334395.53,13330.0,0.0,489758.38,824153.91,0
1,561665.31,649.0,0.0,46132.84,607798.15,0
1,20342.9,0.0,0.0,1746427.23,1766770.13,0
1,297818.21,0.0,0.0,1428019.85,1725838.06,0
0,643308.59,90529.0,0.0,0.0,695154.73,0
0,35256.75,0.0,0.0,55399.42,90656.17,0
0,149983.2,0.0,0.0,3531096.75,3681079.95,0
1,275094.43,27455.0,0.0,3337996.75,3613091.18,0
1,399113.84,85146.0,0.0,0.0,399113.84,0
1,264166.52,0.0,0.0,1109099.68,1373266.21,0
0,519690.78,0.0,0.0,17690260.21,18209950.98,0
1,95965.5,2911.44,0.0,2443984.52,2539950.02,0
0,259286.38,9970.0,0.0,256074.41,515360.78,0
1,115403.33,13192.0,0.0,0.0,115403.33,0
1,193530.03,0.0,0.0,6742819.44,6936349.47,0
0,388131.51,0.0,0.0,625315.83,1013447.34,0
1,64319.8,204530.0,140210.2,0.0,64319.8,0
0,51471.2,30493.0,0.0,787219.01,838690.21,0
1,75113.19,0.0,0.0,79592.95,154706.14,0
1,170418.09,0.0,0.0,595289.51,765707.6,0
0,308627.18,0.0,0.0,1840090.17,2148717.35,0
1,213460.19,3486.0,0.0,0.0,78435.67,0
0,649999.2,1173.0,0.0,1094562.24,1744561.44,0
1,61264.32,307.0,0.0,0.0,61264.32,0
1,182144.39,0.0,0.0,219127.21,401271.6,0
0,1478774.21,0.0,0.0,4593852.61,6072626.82,0
1,334735.27,0.0,0.0,2012165.96,2346901.23,0
0,128421.97,0.0,0.0,3629742.91,3758164.88,0
1,127833.61,0.0,0.0,4103225.49,4231059.1,0
1,41350.15,10220.0,0.0,1535011.85,1576362.0,0
1,147322.8,39007.0,0.0,926148.48,1073471.28,0
1,64358.55,0.0,0.0,1389130.6,1453489.15,0
1,503925.46,0.0,0.0,1125289.84,1629215.31,0
1,243872.59,0.0,0.0,879690.97,1123563.55,0
1,56553.96,161575.0,105021.04,18422.89,74976.85,0
0,50090.32,5187.0,0.0,476605.09,526695.41,0
1,492092.93,27679.0,0.0,50979.42,543072.35,0
1,270287.44,207326.0,0.0,292518.23,562805.67,0
1,548109.12,35345.0,0.0,19890.44,567999.56,0
0,513793.35,0.0,0.0,3148566.63,3662359.99,0
1,169454.28,0.0,0.0,1379045.08,1548499.36,0
1,146772.03,0.0,0.0,2398255.74,2545027.76,0
0,1599407.32,15771.94,0.0,5756764.66,7356171.98,0
1,43180.61,0.0,0.0,2706507.32,2749687.93,0
1,104112.85,0.0,0.0,140175.59,244288.44,0
1,36889.74,0.0,0.0,394704.31,431594.05,0
0,159068.15,0.0,0.0,211683.17,370751.32,0
1,290102.43,0.0,0.0,896897.49,1186999.93,0
1,80379.33,0.0,0.0,1340066.56,1420445.89,0
1,389688.16,0.0,0.0,462134.65,1017525.79,0
1,208280.14,15902.0,0.0,126200.28,334480.41,0
0,347266.82,0.0,0.0,865631.97,1212898.8,0
1,191126.06,0.0,0.0,1249865.57,1440991.62,0
1,303905.22,946.0,0.0,291324.44,595229.66,0
1,329562.77,241.0,0.0,0.0,329562.77,0
1,101953.6,153.0,0.0,0.0,101953.6,0
1,190195.24,109059.0,0.0,20606.0,427365.21,0
1,310818.58,0.0,0.0,1655484.56,1966303.14,0
1,96379.93,0.0,0.0,181321.25,277701.18,0
1,31346.74,1149.0,0.0,0.0,31346.74,0
1,484697.45,21436.0,0.0,3197006.25,3681703.7,0
0,941481.65,0.0,0.0,2012849.25,2954330.89,0
0,182018.29,5636.09,0.0,206556.23,388574.51,0
0,405856.36,0.0,0.0,1699051.88,2104908.24,0
1,172182.28,0.0,0.0,229410.44,401592.72,0
1,176461.35,5095.0,0.0,0.0,159968.98,0
1,358539.27,40113.0,0.0,295696.2,654235.47,0
1,146857.93,0.0,0.0,510085.24,656943.17,0
1,274531.98,25579.0,0.0,15531973.19,15806505.17,0
1,83233.73,0.0,0.0,128684.58,211918.31,0
1,20983.63,82263.0,61279.37,5465852.87,5614192.31,0
0,1086444.72,0.0,0.0,2249741.12,3336185.84,0
0,204636.9,0.0,0.0,444384.05,649020.96,0
1,107629.65,0.0,0.0,296804.1,404433.75,0
1,162730.92,0.0,0.0,172554.11,335285.04,0
1,167424.11,20228.0,0.0,0.0,167424.11,0
1,239907.66,12569.0,0.0,2360211.33,2600118.98,0
1,145437.48,0.0,0.0,429061.96,574499.44,0
0,212021.13,0.0,0.0,994881.64,1206902.78,0
1,119531.58,274060.56,154528.99,3231773.2,3351304.78,0
1,106837.03,0.0,0.0,2766377.02,2873214.06,0
1,367880.51,85302.0,0.0,9065138.06,10164986.81,0
1,160596.92,216183.0,55586.08,378846.02,539442.94,0
1,128834.17,0.0,0.0,1812285.37,1941119.54,0
0,1525631.93,0.0,0.0,8312520.22,9838152.15,0
1,206312.13,9280.0,0.0,349750.1,661227.31,0
0,149361.31,46616.15,0.0,10915934.06,11065295.37,0
1,354726.69,102924.0,0.0,0.0,354726.69,0
1,192278.69,0.0,0.0,1378775.44,1571054.13,0
1,197127.41,0.0,0.0,389448.97,586576.38,0
1,214179.49,0.0,0.0,1819956.93,2034136.42,0
1,298626.89,0.0,0.0,718489.92,1017116.81,0
1,341605.85,0.0,0.0,3270023.11,3838406.33,0
1,191018.99,0.0,0.0,394668.61,221222.4,0
1,141876.06,41286.0,0.0,102373.48,244249.53,0
1,39777.45,0.0,0.0,1558845.48,1598622.93,0
0,344969.0,0.0,0.0,396468.79,741437.79,0
1,629774.4,627.0,0.0,481306.78,1111081.18,0
1,202033.51,0.0,0.0,2367923.92,2569957.43,0
0,1115147.4,200625.0,0.0,25522.15,1140669.55,0
1,51696.33,51404.0,0.0,2495102.11,2546798.43,0
1,170174.02,185.0,0.0,848109.63,1018283.65,0
1,312969.51,185.0,0.0,152215.32,465184.83,0
1,71950.11,0.0,0.0,187466.58,259416.69,0
1,215583.21,0.0,0.0,937904.37,1153487.59,0
0,301557.51,80402.0,0.0,0.0,301557.51,0
1,69218.75,0.0,0.0,1809715.04,1878933.79,0
0,147860.41,0.0,0.0,287998.16,435858.57,0
1,105948.33,13838.22,0.0,953436.7,1059385.02,0
1,76569.12,0.0,0.0,5264148.3,5340717.41,0
1,125615.16,0.0,0.0,539322.92,664938.08,0
0,37215.66,0.0,0.0,495731.04,532946.7,0
1,125030.89,0.0,0.0,318397.07,443427.96,0
0,236176.4,0.0,0.0,387888.25,624064.65,0
1,72697.08,0.0,0.0,2262450.34,2335147.42,0
1,83699.14,0.0,0.0,97587.33,181286.48,0
1,10005.53,0.0,0.0,848465.02,437648.46,0
1,252129.64,29763.0,0.0,0.0,252129.64,0
0,195693.62,0.0,0.0,360388.69,556082.3,0
1,109996.61,0.0,0.0,513732.56,623729.17,0
0,2729136.41,22326.0,0.0,250970.67,2980107.09,0
0,167497.79,0.0,0.0,3285353.6,3452851.39,0
1,401602.01,0.0,0.0,2400837.66,2802439.67,0
1,160556.07,41257.0,0.0,127357.82,197057.99,0
1,370907.69,0.0,0.0,765844.64,1136752.33,0
1,395190.19,0.0,0.0,521057.28,916247.47,0
1,36967.62,121588.77,84621.14,206172.04,243139.67,0
1,199761.46,0.0,0.0,3274699.78,3474461.24,0
1,377910.39,0.0,0.0,1020138.57,1398048.96,0
1,25555.07,66819.0,41263.93,76672.57,102227.64,0
0,594186.76,0.0,0.0,1412275.34,2006462.1,0
1,65033.44,0.0,0.0,615350.32,680383.76,0
0,2330812.6,35472.22,0.0,14162625.22,16493437.82,0
1,77992.47,280.0,0.0,0.0,77992.47,0
0,163698.88,19240.0,0.0,473597.66,905705.02,0
0,273141.99,55489.0,0.0,0.0,273141.99,0
0,651703.28,0.0,0.0,3863421.0,4515124.27,0
1,65015.45,0.0,0.0,422318.88,487334.33,0
1,343191.29,511748.0,168556.71,0.0,343191.29,0
1,85755.54,31206.0,0.0,101696.19,187451.73,0
0,732578.53,9164.0,0.0,285589.17,1018167.69,0
1,71920.33,0.0,0.0,1469079.51,1540999.83,0
1,75837.12,8892.0,0.0,0.0,113877.36,0
0,8433086.03,0.0,0.0,71631757.29,80064843.32,0
1,90274.77,0.0,0.0,761843.87,852118.65,0
1,293077.05,37199.37,0.0,592739.25,885816.3,0
1,313068.33,0.0,0.0,2093375.09,2406443.43,0
0,512813.59,30133.0,0.0,4040974.64,4553788.23,0
1,352919.6,80020.0,0.0,2509370.38,2862289.98,0
1,60250.21,429765.0,369514.79,0.0,60250.21,0
1,96728.71,0.0,0.0,2041867.95,2138596.66,0
1,223559.73,512397.0,288837.27,69633.96,293193.69,0
1,119003.05,11819.0,0.0,107467.23,226470.28,0
1,279813.53,38.0,0.0,500162.19,982882.02,0
1,22289.46,0.0,0.0,154109.1,176398.56,0
1,243481.77,0.0,0.0,308108.78,551590.55,0
1,210249.21,0.0,0.0,3858560.96,4068810.18,0
1,17564.93,0.0,0.0,180943.23,198508.16,0
0,907929.4,0.0,0.0,1798255.51,2706184.92,0
1,1041.75,0.0,0.0,441101.61,442143.36,0
1,139555.32,31231.0,0.0,2231901.04,2371456.36,0
1,135992.67,813.0,0.0,2759545.66,2895538.33,0
1,115271.88,62326.0,0.0,114000.53,229272.41,0
1,51810.97,0.0,0.0,847347.08,899158.06,0
1,220525.36,29230.0,0.0,173786.69,394312.04,0
1,273254.59,12146.0,0.0,0.0,273254.59,0
1,218531.08,204600.0,0.0,2652226.91,2870757.99,0
1,166147.51,29935.0,0.0,0.0,166147.51,0
1,194225.27,0.0,0.0,16473517.84,16667743.11,0
1,315026.21,389061.0,74034.79,2256733.98,2571760.19,0
0,217184.9,0.0,0.0,1254987.21,1472172.11,0
0,1130701.96,35852.0,0.0,0.0,1130701.96,0
1,392951.51,51715.0,0.0,12331.16,405282.67,0
0,653384.2,0.0,0.0,968468.37,1621852.57,0
1,305394.61,19737.0,0.0,5463035.68,5768430.29,0
1,152631.27,340661.4,188030.13,8296291.18,8448922.45,0
1,143473.13,0.0,0.0,380521.0,523994.13,0
1,105579.01,177355.0,71775.99,7793445.59,7899024.6,0
1,241918.12,0.0,0.0,2233331.47,2475249.59,0
1,77376.92,0.0,0.0,103779.84,181156.77,0
1,8232.26,0.0,0.0,43918.4,52150.66,0
1,169332.69,0.0,0.0,5316140.3,5485472.99,0
0,127819.09,1057061.25,929242.16,279872.02,407691.11,0
1,80830.95,0.0,0.0,578078.23,658909.18,0
1,172506.58,0.0,0.0,7892846.63,8065353.21,0
1,330352.7,0.0,0.0,340433.35,670786.05,0
1,130696.54,105131.0,0.0,0.0,130696.54,0
1,324776.26,914.0,0.0,0.0,324776.26,0
1,91403.59,10893.0,0.0,20329.9,111733.49,0
1,212680.63,20420.0,0.0,454135.16,666815.79,0
1,51494.2,946.0,0.0,31541.91,83036.1,0
0,380364.91,0.0,0.0,1133920.16,1514285.07,0
1,93416.79,0.0,0.0,529114.95,622531.74,0
1,133606.5,0.0,0.0,430046.91,563653.41,0
1,89266.71,0.0,0.0,343789.75,558278.08,0
1,146212.34,61708.0,0.0,0.0,146212.34,0
1,219725.93,51622.0,0.0,0.0,219725.93,0
0,918685.84,365.0,0.0,2949831.1,3868516.94,0
1,334969.3,11448.0,0.0,177564.34,512533.64,0
1,4943.97,0.0,0.0,366048.39,370992.36,0
1,138036.31,8675.0,0.0,1694955.77,1832992.08,0
1,213600.5,30442.0,0.0,131569.6,345170.1,0
1,187811.04,0.0,0.0,2106601.91,2071877.05,0
1,352967.07,0.0,0.0,3193699.91,3546666.98,0
1,308540.11,0.0,0.0,404202.57,712742.68,0
1,249749.94,0.0,0.0,2281637.44,2531387.38,0
1,164715.9,5548.0,0.0,0.0,457783.85,0
1,243836.88,1139.0,0.0,345192.39,589029.28,0
1,73523.1,45.0,0.0,62947.08,136470.18,0
1,109310.38,0.0,0.0,516421.11,625731.49,0
1,228572.21,0.0,0.0,320791.48,549363.69,0
1,259996.69,3708.0,0.0,0.0,259996.69,0
1,159815.66,0.0,0.0,334632.67,494448.33,0
1,278769.13,0.0,0.0,1608210.16,1972656.31,0
0,708638.09,125202.68,0.0,3614789.51,4323427.6,0
1,111693.55,42915.0,0.0,303536.77,415230.32,0
1,409730.36,161971.0,0.0,855137.05,1264867.41,0
1,486085.54,618403.0,132317.46,0.0,851558.95,0
1,208650.39,0.0,0.0,1192578.11,1401228.5,0
1,398277.75,6063.0,0.0,0.0,398277.75,0
1,29315.16,10624.0,0.0,0.0,29315.16,0
0,27472.1,0.0,0.0,5107413.46,5510296.55,0
1,131587.31,0.0,0.0,7218988.55,7350575.85,0
0,1331960.09,8622.2,0.0,1565036.6,2896996.7,0
1,200616.2,11241.0,0.0,913165.73,1501000.19,0
1,30226.72,42329.0,12102.28,197453.34,0.0,0
1,387729.46,1087.0,0.0,502516.2,1288350.13,0
0,1214852.94,0.0,0.0,2408308.37,3623161.31,0
1,135281.5,255230.0,119948.5,296197.87,431479.37,0
1,293610.99,0.0,0.0,935201.44,1228812.43,0
1,468923.04,0.0,0.0,564768.2,1033691.24,0
1,387086.73,0.0,0.0,5695016.42,6082103.14,0
1,116356.22,0.0,0.0,669681.8,786038.01,0
1,46083.04,39869.0,0.0,30940.0,77023.04,0
1,235469.59,10868.0,0.0,0.0,235469.59,0
0,216637.01,0.0,0.0,551080.43,767717.44,0
1,53940.02,6046.0,0.0,3122725.67,3176665.68,0
1,99311.36,0.0,0.0,3944054.93,4043366.29,0
0,89449.2,0.0,0.0,219378.92,308828.11,0
0,257576.68,84536.99,0.0,19733463.87,20472026.29,0
1,182806.98,0.0,0.0,260645.02,443452.0,0
0,352621.97,52064.0,0.0,155700.1,508322.07,0
1,214555.71,153541.0,0.0,108612.15,323167.86,0
1,131165.65,0.0,0.0,721760.96,852926.61,0
1,25483.64,0.0,0.0,223624.67,249108.31,0
1,88429.24,361.0,0.0,0.0,88429.24,0
1,254939.59,0.0,0.0,595038.68,849978.27,0
0,1583174.46,0.0,0.0,10446494.91,12029669.37,0
0,234501.2,11569.09,0.0,1085448.95,1319950.14,0
1,6695.13,0.0,0.0,158629.12,165324.25,0
1,213219.8,19257.0,0.0,0.0,213219.8,0
1,52632.24,835.0,0.0,0.0,52632.24,0
1,82704.62,7219.0,0.0,361339.43,444044.05,0
1,4424.06,0.0,0.0,4810824.08,4815248.14,0
1,201019.69,0.0,0.0,734979.11,868750.85,0
1,7014.68,0.0,0.0,1644429.79,1651444.47,0
0,300109.22,0.0,0.0,4043415.95,4343525.17,0
1,104794.56,3257.0,0.0,1135552.24,1489221.63,0
1,46773.7,0.0,0.0,140722.7,187496.39,0
0,3062670.39,0.0,0.0,6778180.72,9840851.11,0
1,94144.63,37391.78,0.0,196163.1,290307.73,0
1,158682.18,199211.0,40528.82,0.0,158682.18,0
0,289700.97,0.0,0.0,8056924.9,8346625.87,0
1,131252.31,0.0,0.0,1105423.39,1236675.7,0
1,310858.62,897.0,0.0,219303.87,530162.49,0
0,215008.3,0.0,0.0,254245.47,469253.77,0
1,481956.64,238.0,0.0,118410.68,600367.32,0
1,84524.87,0.0,0.0,1130912.56,1215437.43,0
1,165472.79,0.0,0.0,272729.72,438202.51,0
1,65773.31,0.0,0.0,1282880.84,1348654.15,0
0,71647.06,36602.0,0.0,2691340.83,2762987.89,0
1,179263.25,0.0,0.0,2565664.98,2744928.23,0
1,112557.08,0.0,0.0,810955.84,923512.92,0
1,87586.1,0.0,0.0,256849.29,344435.39,0
1,32816.55,48203.63,15387.08,487554.47,520371.02,0
1,172113.73,6132.0,0.0,125049.18,297162.91,0
1,286066.18,28198.8,0.0,772391.53,1058457.71,0
1,34426.38,48256.0,13829.62,0.0,34426.38,0
0,173481.52,11539.0,0.0,589788.3,763269.83,0
1,275039.51,1404.0,0.0,23516.46,298555.97,0
0,1310684.43,0.0,0.0,2443027.73,3753712.16,0
1,509054.81,205192.43,0.0,1998385.54,2507440.35,0
0,172510.4,35171.54,0.0,632048.14,804558.54,0
1,308073.29,29783.0,0.0,131051.4,439124.69,0
1,92801.29,22067.0,0.0,111285.88,204087.17,0
1,49481.88,0.0,0.0,1222601.38,1272083.26,0
1,130684.56,782.0,0.0,471863.76,602548.32,0
1,149442.54,100227.0,0.0,615567.78,765010.32,0
0,69657.66,1003.0,0.0,23506.54,93164.2,0
1,102955.65,136.0,0.0,0.0,102955.65,0
1,192496.49,514.0,0.0,244044.32,436540.8,0
1,109034.38,0.0,0.0,4650903.43,4759937.81,0
0,185488.23,185488.23,0.0,0.0,0.0,1
1,186027.88,40258.0,0.0,0.0,186027.88,0
1,66376.75,20398.0,0.0,25539.43,91916.19,0
1,148994.55,702374.0,553379.45,278005.46,427000.01,0
1,171496.94,25503.0,0.0,1521908.12,1693405.06,0
1,108807.02,0.0,0.0,338409.45,870820.08,0
1,140759.63,570.0,0.0,0.0,140759.63,0
1,203610.71,0.0,0.0,4636925.61,4840536.32,0
1,288324.65,0.0,0.0,569836.95,858161.6,0
1,132858.75,0.0,0.0,395465.83,528324.58,0
1,183810.13,0.0,0.0,2210620.39,2394430.52,0
1,221348.39,151656.0,0.0,57160689.81,57382038.19,0
1,138534.73,201966.0,63431.27,0.0,138534.73,0
1,51595.25,0.0,0.0,11184794.45,11236389.7,0
1,35790.13,0.0,0.0,72178.31,107968.44,0
1,178175.4,0.0,0.0,4461207.45,4639382.85,0
1,107067.58,63632.0,0.0,0.0,107067.58,0
1,303574.23,106382.0,0.0,5342829.95,5646404.18,0
1,72975.1,2847.0,0.0,0.0,72975.1,0
1,14028.94,0.0,0.0,170815.06,203249.97,0
1,286956.65,0.0,0.0,1830698.35,2117655.0,0
1,631399.43,0.0,0.0,27410718.27,27915117.53,0
1,41885.63,0.0,0.0,89219.01,131104.63,0
1,6512.46,50770.0,44257.54,7931258.81,7937771.27,0
1,156775.72,820.0,0.0,582987.75,739763.47,0
1,189059.59,51418.0,0.0,900950.49,1090010.08,0
1,129024.76,0.0,0.0,5927084.43,6056109.2,0
1,112297.63,104003.0,0.0,0.0,112297.63,0
1,449052.09,107.0,0.0,1179326.95,1628379.05,0
1,198349.77,0.0,0.0,554430.28,752780.05,0
0,737574.66,43196.0,0.0,97840.87,835415.54,0
1,97191.5,0.0,0.0,267768.3,364959.8,0
1,159456.69,55703.0,0.0,124695.61,284152.3,0
1,138177.8,0.0,0.0,582457.22,720635.02,0
0,7081475.91,123.0,0.0,0.0,7081475.91,0
1,132026.14,0.0,0.0,4224621.82,4356647.96,0
1,178114.99,0.0,0.0,191317.96,369432.96,0
1,309785.11,0.0,0.0,819501.37,1129286.48,0
1,114046.42,287604.0,173557.58,52011.87,166058.29,0
1,180560.77,39527.0,0.0,0.0,180560.77,0
0,198401.93,0.0,0.0,273916.89,472318.82,0
1,44494.11,8032.0,0.0,99170.19,143664.3,0
1,256345.14,0.0,0.0,1281478.29,1537823.43,0
1,69601.57,0.0,0.0,9038955.0,9108556.57,0
1,131025.12,0.0,0.0,5901206.65,6032231.77,0
0,538424.71,7159.0,0.0,0.0,538424.71,0
1,175579.37,0.0,0.0,1788953.55,1964532.92,0
1,8207.85,205843.77,197635.92,119530.01,127737.86,0
1,180321.69,140634.0,0.0,5150835.59,5331157.28,0
1,78401.78,1311441.26,1233039.48,0.0,78401.78,0
1,203755.76,0.0,0.0,1904655.24,2453144.74,0
0,260725.06,0.0,0.0,563869.72,824594.78,0
1,193005.55,8026.0,0.0,0.0,193005.55,0
1,50534.21,0.0,0.0,338693.06,389227.26,0
1,211797.54,18956.0,0.0,2356248.25,2568045.79,0
1,67015.9,198164.0,131148.1,0.0,67015.9,0
1,297175.35,10849.0,0.0,2760935.94,3058111.29,0
1,453014.31,0.0,0.0,1463949.25,2033402.83,0
1,2341.31,0.0,0.0,1542387.85,1544729.16,0
1,167125.62,0.0,0.0,993679.22,1160804.84,0
1,96801.61,106801.0,9999.39,0.0,96801.61,0
1,183442.63,206979.0,23536.37,0.0,183442.63,0
1,158804.7,0.0,0.0,283157.27,325225.2,0
1,224557.28,10665.0,0.0,651624.35,876181.62,0
1,134126.55,0.0,0.0,5641355.79,5775482.34,0
1,65762.16,339894.0,274131.84,297363.78,363125.93,0
1,102356.11,12338.0,0.0,295643.02,397999.14,0
1,12495.95,29678.0,17182.05,0.0,12495.95,0
1,2248584.96,2248584.96,0.0,44660.15,2293245.11,1
1,6857.05,0.0,0.0,120936.24,127793.29,0
1,7289.11,271.0,0.0,2362025.02,2369314.13,0
1,75613.44,139160.0,63546.56,218542.68,294156.12,0
1,119176.74,26700.0,0.0,232262.12,351438.86,0
1,22313.04,538.0,0.0,0.0,22313.04,0
1,398580.15,7042.0,0.0,291514.29,690094.44,0
0,645928.36,7141.0,0.0,0.0,645928.36,0
1,535415.69,450107.0,0.0,1216396.54,1751812.23,0
1,26157.99,0.0,0.0,521275.03,547433.02,0
0,232228.44,0.0,0.0,352373.09,584601.52,0
1,51050.6,0.0,0.0,2647966.1,2699016.7,0
1,249737.02,0.0,0.0,3399431.66,3649168.68,0
1,170306.83,0.0,0.0,686305.69,856612.51,0
1,233339.76,22.0,0.0,107809.78,668963.84,0
1,36653.59,0.0,0.0,626001.7,662655.29,0
1,148438.47,85471.0,0.0,0.0,148438.47,0
1,215271.32,3268.0,0.0,94158.65,764972.46,0
1,498325.23,0.0,0.0,1425098.27,1923423.5,0
1,131726.93,0.0,0.0,290207.03,421933.96,0
1,354992.58,6473.84,0.0,1908866.11,2263858.69,0
1,26240.79,50101.0,23860.21,3503896.04,3530136.83,0
1,91015.44,0.0,0.0,3684071.33,3775086.78,0
1,120814.56,0.0,0.0,6953233.8,7074048.36,0
0,404071.89,0.0,0.0,431897.86,835969.76,0
1,1469.66,0.0,0.0,237153.54,238623.2,0
1,394485.99,1286.0,0.0,0.0,394485.99,0
0,101106.0,0.0,0.0,3466533.08,3567639.08,0
1,46579.77,0.0,0.0,7412567.41,7459147.19,0
1,70602.53,5417.0,0.0,507246.07,577848.6,0
0,147667.13,0.0,0.0,1539377.9,1687045.03,0
1,170473.1,30.0,0.0,421905.4,592378.5,0
1,452581.76,756.0,0.0,0.0,452581.76,0
0,227771.54,0.0,0.0,10744476.13,10972247.67,0
1,29203.22,30156.0,952.78,3036696.54,3065899.76,0
1,459511.2,0.0,0.0,6247481.43,6706992.63,0
1,40880.38,913998.72,873118.34,107612.0,256601.16,0
1,8888.45,0.0,0.0,236575.83,245464.28,0
1,86117.68,25577.16,0.0,310922.05,572633.82,0
1,166678.68,0.0,0.0,484475.58,651154.26,0
1,153803.93,114371.0,0.0,2140.86,155944.78,0
0,96634.65,127916.0,31281.35,0.0,96634.65,0
1,71407.13,12259.0,0.0,0.0,71407.13,0
1,241046.57,31155.0,0.0,0.0,241046.57,0
1,42074.53,0.0,0.0,1865118.79,1907193.32,0
0,862314.88,0.0,0.0,1457388.33,2319703.21,0
0,21721.07,0.0,0.0,1907946.78,1929667.85,0
1,16243.8,15213.0,0.0,0.0,16243.8,0
1,569554.51,57826.0,0.0,0.0,569554.51,0
1,545877.12,27.0,0.0,54239.24,600116.37,0
1,31968.66,0.0,0.0,10252355.28,10284323.94,0
1,206353.5,145795.0,0.0,71241.8,277595.3,0
1,152151.51,0.0,0.0,2392698.26,2544849.77,0
1,342353.15,0.0,0.0,395468.22,737821.37,0
1,123081.97,0.0,0.0,482337.4,605419.37,0
0,30891.54,549057.86,518166.32,506679.31,537570.85,0
1,120673.31,0.0,0.0,3189794.36,3310467.68,0
0,1302007.17,6031.0,0.0,9908695.09,11210702.26,0
1,283164.89,0.0,0.0,974326.58,1257491.47,0
1,111698.52,120.0,0.0,0.0,111698.52,0
1,357626.88,0.0,0.0,771435.27,1129062.15,0
0,1670762.96,0.0,0.0,2436116.77,4106879.72,0
1,104841.81,0.0,0.0,2932342.82,3037184.63,0
1,77101.84,0.0,0.0,258030.1,335131.95,0
1,180150.42,4595.0,0.0,0.0,180150.42,0
1,222792.19,21498.0,0.0,0.0,222792.19,0
0,1492.18,0.0,0.0,23593.33,25085.5,0
0,327842.1,264.0,0.0,107497.47,435339.58,0
1,289455.05,151940.0,0.0,69588.25,359043.3,0
1,160590.11,103369.0,0.0,83027.62,243617.73,0
0,338324.23,0.0,0.0,1209390.74,1547714.97,0
1,523252.69,0.0,0.0,2101428.39,2624681.08,0
1,158859.53,15373.0,0.0,336254.45,495113.98,0
1,74373.18,317150.0,242776.82,39238.17,113611.35,0
0,166629.6,0.0,0.0,831879.8,998509.41,0
1,164648.14,0.0,0.0,215735.29,380383.43,0
1,37584.23,0.0,0.0,87598.75,125182.98,0
1,33807.88,12195.0,0.0,111133.16,144941.04,0
1,218040.61,69434.0,0.0,294018.65,512059.26,0
0,382120.7,0.0,0.0,1392072.47,1774193.17,0
1,38961.1,12251.0,0.0,0.0,38961.1,0
1,212772.9,0.0,0.0,310131.94,522904.84,0
1,71585.78,472963.21,401377.44,506894.95,578480.73,0
0,581668.75,316693.0,0.0,169204.51,750873.25,0
1,219845.44,0.0,0.0,821712.35,1041557.79,0
1,258120.62,0.0,0.0,1861678.65,2432364.17,0
0,823716.24,0.0,0.0,2001661.4,2825377.65,0
1,163555.9,0.0,0.0,951001.12,1114557.02,0
1,63692.81,0.0,0.0,768946.05,832638.86,0
0,3000174.4,0.0,0.0,7823203.07,10823377.47,0
0,116915.09,15704.0,0.0,1843281.02,1960196.11,0
1,289862.35,65390.0,0.0,235345.2,525207.55,0
1,54321.11,0.0,0.0,588199.0,642520.11,0
0,143275.81,143275.81,0.0,0.0,0.0,1
1,401561.01,0.0,0.0,982713.98,1384274.99,0
1,276933.0,6001.0,0.0,9680595.99,9957528.99,0
1,249453.25,0.0,0.0,538407.53,787860.77,0
1,220141.26,110131.0,0.0,945215.04,1165356.3,0
1,299435.07,0.0,0.0,1027855.13,1327290.2,0
0,2552176.18,0.0,0.0,9714093.97,11956594.11,0
1,83452.41,0.0,0.0,274676.75,358129.16,0
0,1503418.23,0.0,0.0,2197677.0,3701095.24,0
1,126214.19,0.0,0.0,960766.09,1086980.28,0
0,699351.88,0.0,0.0,4713216.83,5412568.71,0
0,483446.24,0.0,0.0,10317868.03,10801314.27,0
1,184690.61,0.0,0.0,498775.95,683466.56,0
1,80936.47,29956.0,0.0,225356.25,356050.26,0
1,40601.42,0.0,0.0,3438936.51,3863018.48,0
1,547886.08,42109.0,0.0,0.0,547886.08,0
1,169451.3,30990.0,0.0,14967638.35,15137089.65,0
1,99938.96,20536.8,0.0,234224.06,334163.02,0
1,41270.39,0.0,0.0,4201667.0,4242937.39,0
1,103939.75,36665.0,0.0,0.0,103939.75,0
1,161548.74,10702.0,0.0,0.0,161548.74,0
1,353359.99,0.0,0.0,4681964.82,5035324.81,0
1,353765.75,0.0,0.0,610462.53,964228.28,0
1,57520.76,35675.0,0.0,325926.29,383447.05,0
1,171611.39,0.0,0.0,1913869.17,2085480.57,0
1,299939.48,0.0,0.0,358672.62,658612.1,0
1,224294.33,0.0,0.0,689875.63,914169.97,0
1,400144.74,169216.0,0.0,176965.33,577110.07,0
1,305002.2,0.0,0.0,1010861.37,1315863.57,0
0,1341124.16,20239.0,0.0,2771711.2,4112835.35,0
1,315976.29,372.0,0.0,0.0,315976.29,0
1,366826.27,5120.0,0.0,238355.07,605181.34,0
1,154938.06,36549.0,0.0,0.0,154938.06,0
0,1120886.15,0.0,0.0,2009051.31,3129937.46,0
0,978.85,9297.0,8318.15,1634081.8,1635060.66,0
0,450867.1,11718.0,0.0,0.0,450867.1,0
1,289818.51,0.0,0.0,424388.36,714206.86,0
1,25273.23,0.0,0.0,1079967.19,1105240.42,0
1,21981.9,0.0,0.0,458796.17,480778.07,0
1,252851.09,21062.0,0.0,1791970.4,2928604.24,0
1,350437.26,102403.3,0.0,1591640.56,1942077.81,0
0,329728.11,329728.11,0.0,0.0,0.0,1
1,203024.68,169.0,0.0,287194.98,632900.97,0
1,526896.65,11188.0,0.0,0.0,526896.65,0
1,247701.69,0.0,0.0,2993269.83,3240971.51,0
1,218197.77,37234.0,0.0,7132098.13,7350295.9,0
1,97999.8,0.0,0.0,1022548.47,1120548.27,0
1,306098.45,0.0,0.0,945828.39,1251926.85,0
1,104495.38,0.0,0.0,393236.49,497731.87,0
1,193096.99,8525.0,0.0,31274.4,224371.39,0
1,215941.66,8182.0,0.0,1912729.24,2128670.9,0
1,19888.02,0.0,0.0,743767.74,763655.76,0
1,133298.11,318527.73,185229.62,2792589.83,2925887.94,0
1,143346.78,62261.0,0.0,3630208.17,3773554.94,0
1,183038.29,5596.0,0.0,1254196.78,1437235.07,0
1,103992.9,552.0,0.0,507340.41,611333.31,0
1,299089.6,39955.0,0.0,0.0,299089.6,0
0,640433.1,21528.07,0.0,2922894.08,3507647.88,0
1,218389.62,14604.0,0.0,4765473.65,4983863.27,0
1,47204.86,0.0,0.0,113636.33,160841.19,0
1,430874.49,11747.0,0.0,0.0,0.0,0
1,260416.4,11844.0,0.0,2981352.14,3241768.53,0
1,60871.34,21275.0,0.0,859897.81,974229.69,0
0,1178757.44,0.0,0.0,3771226.88,5111243.04,0
1,348496.41,0.0,0.0,1477878.35,1826374.76,0
1,488118.31,707.0,0.0,0.0,488118.31,0
1,15784.29,0.0,0.0,6487431.9,6503216.19,0
1,341636.48,1405.0,0.0,179260.36,520896.84,0
1,26363.22,47038.0,20674.78,320129.37,346492.59,0
0,91966.55,39358.0,0.0,1171379.26,1263345.8,0
1,91816.4,0.0,0.0,3222785.13,3314601.53,0
0,875021.52,20336.0,0.0,0.0,875021.52,0
1,158493.3,30293.0,0.0,0.0,158493.3,0
1,176594.62,12816.0,0.0,513531.83,438516.17,0
0,2429104.86,0.0,0.0,6111409.22,8540514.07,0
1,570920.81,5044.0,0.0,351625.35,922546.16,0
0,480716.09,11603.0,0.0,54237.76,534953.85,0
1,85067.7,0.0,0.0,421231.56,506299.26,0
1,36784.5,12338.0,0.0,0.0,36784.5,0
1,149252.19,0.0,0.0,1394578.39,1543830.58,0
1,201479.08,0.0,0.0,248945.51,450424.59,0
1,158748.87,88675.0,0.0,78941.98,237690.86,0
1,303595.99,69493.87,0.0,2141892.25,2445488.24,0
1,195805.2,34015.0,0.0,33603.23,229408.42,0
1,262074.41,0.0,0.0,784447.89,1789675.48,0
0,161916.82,0.0,0.0,276272.58,438189.4,0
1,188124.83,102645.0,0.0,65112.68,253237.51,0
1,34219.74,0.0,0.0,313051.06,347270.79,0
1,188184.65,0.0,0.0,229156.78,417341.43,0
1,43919.66,637.0,0.0,758971.51,802891.17,0
1,22745.41,46361.96,23616.55,461286.75,484032.16,0
1,270293.62,0.0,0.0,3536945.68,3807239.29,0
1,136942.04,0.0,0.0,562408.19,724906.59,0
0,1463253.97,0.0,0.0,34999792.32,36463046.29,0
1,64990.05,0.0,0.0,588099.14,653089.18,0
1,15904.83,542.0,0.0,0.0,15904.83,0
0,178224.39,214541.84,36317.46,2072729.97,2250954.36,0
0,61264.46,0.0,0.0,626714.89,602747.25,0
1,145188.84,7140.0,0.0,485549.82,630738.66,0
1,206913.24,10140.0,0.0,1661317.93,1868231.17,0
1,303195.47,11441.0,0.0,156416.06,459611.53,0
1,228827.63,92168.0,0.0,2184833.63,2413661.26,0
1,154681.78,183758.0,29076.22,8847.9,163529.68,0
1,209675.45,0.0,0.0,1465717.74,1675393.19,0
0,7144918.42,0.0,0.0,8029646.44,15174564.86,0
1,303154.3,37.0,0.0,427225.33,730379.63,0
1,35276.4,0.0,0.0,443171.35,478447.75,0
1,136482.95,0.0,0.0,3114847.34,3251330.29,0
1,562148.2,11140.0,0.0,3041449.97,3603598.17,0
1,119880.93,0.0,0.0,1924687.12,2044568.05,0
1,168707.81,207124.1,38416.28,182539.0,0.0,0
1,29693.34,0.0,0.0,672123.39,701816.73,0
1,127541.17,0.0,0.0,661543.49,789084.66,0
1,70961.29,10834.0,0.0,205199.79,276161.08,0
1,63338.8,0.0,0.0,1120814.62,1184153.42,0
1,2299.26,0.0,0.0,79179.22,81478.49,0
1,34535.39,20833.0,0.0,715053.13,749588.51,0
1,303962.52,0.0,0.0,1446040.84,1750003.36,0
1,105122.63,200302.0,95179.37,1267929.09,1373051.72,0
1,149965.96,0.0,0.0,7243443.15,7393409.11,0
1,354763.84,31339.0,0.0,139987.58,494751.42,0
1,125343.32,0.0,0.0,847000.46,972343.78,0
1,131969.8,31330.0,0.0,397623.63,529593.43,0
0,83411.13,234203.53,150792.4,2124309.02,2207720.16,0
0,468248.54,41475.0,0.0,480935.67,949184.21,0
0,866497.49,90041.0,0.0,0.0,866497.49,0
1,353316.08,29430.0,0.0,0.0,353316.08,0
1,24340.95,0.0,0.0,400381.59,424722.54,0
1,395849.86,0.0,0.0,866198.7,1262048.56,0
1,397481.33,0.0,0.0,512207.51,909688.84,0
0,2427928.4,10294.0,0.0,200171.39,2628099.79,0
1,95001.3,0.0,0.0,263647.32,358648.62,0
1,163029.27,0.0,0.0,420927.74,583957.01,0
1,88701.81,75920.0,0.0,3854034.09,3942735.91,0
0,2286383.06,92205.0,0.0,0.0,1791549.53,0
0,494024.56,0.0,0.0,729288.96,1223313.52,0
1,175989.35,0.0,0.0,3925680.41,4101669.76,0
1,85421.48,13948.0,0.0,4620686.8,4706108.28,0
0,3857985.09,0.0,0.0,4399017.9,8257002.99,0
1,95129.42,11151.0,0.0,269020.76,364150.17,0
1,241519.61,36843.0,0.0,248862.47,490382.08,0
1,79267.43,2060.0,0.0,0.0,79267.43,0
1,31931.69,518225.0,486293.31,16432.76,48364.45,0
1,59189.28,10512.0,0.0,0.0,59189.28,0
1,268807.89,808425.0,539617.11,0.0,268807.89,0
0,869995.66,0.0,0.0,2388573.09,3258568.75,0
1,160718.32,0.0,0.0,2227359.75,2388078.06,0
1,331317.89,42195.0,0.0,0.0,331317.89,0
1,307333.8,420.0,0.0,0.0,307333.8,0
1,120941.56,12518.0,0.0,0.0,120941.56,0
1,206491.54,93730.0,0.0,283919.24,576287.24,0
1,165589.15,0.0,0.0,5940672.05,5798266.07,0
1,200832.88,0.0,0.0,316720.41,517553.29,0
1,97589.58,125753.0,28163.42,744767.58,842357.16,0
1,79972.71,68187.0,0.0,298392.06,378364.77,0
1,146396.87,0.0,0.0,3244312.19,3390709.06,0
1,297677.46,0.0,0.0,396881.77,694559.23,0
1,298812.05,511571.0,212758.95,570372.25,869184.3,0
1,121015.65,128046.0,7030.35,0.0,121015.65,0
1,55915.86,0.0,0.0,137873.15,193789.01,0
1,307702.64,1647.0,0.0,4163954.25,4471656.89,0
0,132799.29,6010.0,0.0,0.0,132799.29,0
1,330481.06,0.0,0.0,1745826.47,2076307.52,0
1,265968.46,0.0,0.0,581204.85,847173.32,0
0,1026480.72,495779.0,0.0,0.0,1026480.72,0
0,1796963.78,10492.0,0.0,0.0,1796963.78,0
1,343696.32,0.0,0.0,4936469.53,5280165.86,0
0,445635.03,0.0,0.0,1347293.19,1792928.22,0
0,176769.0,0.0,0.0,441267.91,618036.91,0
1,199985.94,0.0,0.0,1131607.91,1331593.85,0
1,87397.7,0.0,0.0,160109.2,247506.9,0
0,256063.06,0.0,0.0,350488.0,606551.06,0
0,424694.71,47858.0,0.0,0.0,424694.71,0
1,412801.69,20644.0,0.0,0.0,412801.69,0
1,307170.8,2095.0,0.0,2514486.62,2821657.42,0
1,256394.08,0.0,0.0,470992.0,205014.36,0
1,240048.77,1413.0,0.0,1118876.2,1358924.97,0
1,145304.83,5565.0,0.0,179995.88,325300.71,0
1,558102.39,4731.0,0.0,466788.51,1024890.9,0
1,313400.25,0.0,0.0,676841.06,990241.32,0
1,182820.45,0.0,0.0,278836.37,461656.82,0
1,50690.6,0.0,0.0,1257127.45,1307818.05,0
1,83108.6,499325.0,416216.4,5492042.63,5575151.23,0
1,76830.38,0.0,0.0,527238.97,604069.35,0
1,522563.9,186586.0,0.0,1566871.63,2089435.53,0
1,221.97,30684.0,30462.03,1399248.53,1399470.51,0
1,198893.55,25515.0,0.0,0.0,198893.55,0
0,591186.71,9559.0,0.0,739100.27,1330286.98,0
1,104616.93,41078.0,0.0,479727.41,584344.35,0
1,216598.13,50072.0,0.0,0.0,216598.13,0
0,664403.74,0.0,0.0,1138107.35,1802511.08,0
1,161013.81,0.0,0.0,233006.22,394020.03,0
1,92032.17,11298.0,0.0,1150654.47,1242686.64,0
1,31778.94,0.0,0.0,1984960.36,2016739.3,0
1,67669.26,79334.0,11664.74,5333783.95,5401453.21,0
1,1330.49,0.0,0.0,2436009.12,2437339.61,0
1,113535.95,0.0,0.0,727295.0,840830.95,0
1,101981.61,0.0,0.0,1411308.66,1513290.27,0
1,401866.64,51308.0,0.0,829306.95,1231173.59,0
1,31996.77,0.0,0.0,7860755.25,7892752.02,0
1,397679.38,0.0,0.0,642790.17,1040469.55,0
0,1347260.58,0.0,0.0,4187355.03,5779834.74,0
1,327428.66,0.0,0.0,2584037.83,2911466.49,0
1,39560.54,510.0,0.0,671795.78,967014.34,0
1,50758.82,31471.0,0.0,1076184.33,948116.2,0
1,211397.0,49777.0,0.0,5681402.92,5892799.92,0
1,5215.5,0.0,0.0,28746.57,33962.07,0
1,76164.43,0.0,0.0,140472.92,216637.35,0
0,110389.37,0.0,0.0,543526.48,653915.85,0
1,124456.95,0.0,0.0,9274679.48,9399136.43,0
1,94190.17,48982.0,0.0,10395263.27,10489453.44,0
1,95902.31,0.0,0.0,1844973.12,1940875.42,0
1,59090.81,0.0,0.0,2667596.81,2726687.62,0
0,336572.24,102962.0,0.0,5309840.72,5646412.96,0
1,69901.89,0.0,0.0,78349.68,148251.57,0
1,302436.66,0.0,0.0,755491.62,1057928.28,0
1,520137.04,0.0,0.0,2678199.71,3054454.39,0
1,184506.58,0.0,0.0,1768917.03,1953423.61,0
1,14980.72,0.0,0.0,55408.39,70389.11,0
1,38389.16,62786.0,24396.84,202470.61,240859.77,0
1,230675.67,47681.0,0.0,0.0,230675.67,0
1,362158.67,0.0,0.0,1060688.35,1422847.02,0
1,11126.59,0.0,0.0,68727.29,79853.89,0
1,55894.96,1775.0,0.0,1935521.49,1991416.44,0
1,379197.77,0.0,0.0,532245.82,1231893.25,0
1,125934.04,395.0,0.0,202322.33,328256.37,0
1,243752.71,0.0,0.0,1320338.72,1564091.43,0
1,83480.49,0.0,0.0,1139470.74,1270856.09,0
1,253253.51,241.0,0.0,880091.49,1133345.0,0
1,69244.12,0.0,0.0,4273483.59,4342727.71,0
1,244699.0,107628.0,0.0,338456.79,583155.79,0
1,310184.62,5007.93,0.0,2042472.04,2352656.67,0
1,293267.52,55496.13,0.0,4218604.56,4511872.08,0
0,1781195.06,0.0,0.0,2619822.99,4373880.07,0
1,177627.66,383.0,0.0,105537.56,283165.22,0
1,515523.59,49966.0,0.0,220687.72,736211.31,0
0,857872.56,50436.0,0.0,0.0,857872.56,0
1,171684.77,0.0,0.0,277538.97,449223.74,0
1,143783.12,360.0,0.0,675200.61,818983.74,0
0,22831.67,0.0,0.0,360749.71,383581.38,0
1,17534.48,41327.0,23792.52,46803.43,64337.91,0
1,62011.79,0.0,0.0,476510.49,538522.27,0
1,171564.42,20517.0,0.0,84925.99,256490.41,0
1,213775.47,50073.0,0.0,12971.59,226747.06,0
1,14889.3,0.0,0.0,112078.38,126967.68,0
0,2572989.71,0.0,0.0,6024641.08,8597630.79,0
1,259156.91,21104.0,0.0,75130.01,334286.91,0
0,5566.14,5566.14,0.0,0.0,0.0,1
1,14818.35,70000.0,55181.65,2290128.67,2304947.02,0
1,427755.69,0.0,0.0,3975254.53,4403010.22,0
1,116196.12,0.0,0.0,751412.86,955766.87,0
1,84899.94,0.0,0.0,535371.69,620271.63,0
1,17103.66,160342.0,143238.34,770339.76,787443.43,0
1,125473.54,17739.0,0.0,98320.87,223794.42,0
1,182783.54,21230.0,0.0,26693.87,209477.41,0
1,211886.33,20716.0,0.0,0.0,325403.45,0
1,257797.97,10810.0,0.0,0.0,257797.97,0
1,387213.75,121316.0,0.0,2733414.5,3282716.62,0
1,142536.59,100449.0,0.0,0.0,142536.59,0
1,153540.41,13015.0,0.0,721849.61,875390.02,0
0,1177120.62,0.0,0.0,13499236.35,14676356.97,0
0,574874.9,32815.0,0.0,588948.65,1163823.55,0
1,111757.29,21739.0,0.0,389660.84,501418.13,0
1,220904.91,20368.0,0.0,2141275.0,2362179.91,0
1,114247.17,0.0,0.0,277598.71,391845.88,0
1,4387.71,11355.0,6967.29,5943507.06,5947894.76,0
0,479667.18,0.0,0.0,724849.12,1204516.3,0
1,306032.99,722.0,0.0,2926609.75,3192721.35,0
1,32726.43,190.0,0.0,2240276.51,2273002.94,0
1,138385.19,2463.0,0.0,12525.25,150910.44,0
1,150034.3,567544.75,417510.45,715856.04,865890.34,0
1,34230.75,20756.0,0.0,146097.8,180328.55,0
1,234628.02,56617.0,0.0,170646.92,405274.94,0
1,224186.21,0.0,0.0,3655549.53,3879735.75,0
1,199205.18,53803.0,0.0,0.0,199205.18,0
1,137416.94,35483.0,0.0,6950.27,144367.21,0
1,94328.42,0.0,0.0,3551207.25,3645535.66,0
1,281717.29,696393.0,414675.71,32161.13,313878.42,0
0,887534.34,23855.0,0.0,3902.51,891436.85,0
1,574632.76,10905.0,0.0,521549.56,1141046.76,0
1,8370.98,343428.79,335057.81,1896074.86,1923085.85,0
1,39190.4,0.0,0.0,7432710.88,7471901.28,0
1,32142.09,40656.0,8513.91,9931018.03,9963160.12,0
1,337744.2,0.0,0.0,478172.53,815916.73,0
1,34052.3,0.0,0.0,5464670.18,5498722.48,0
1,338806.12,0.0,0.0,1724084.44,2062890.56,0
1,133097.29,0.0,0.0,165880.83,298978.12,0
1,319966.89,38477.0,0.0,39315.69,359282.59,0
1,298927.52,0.0,0.0,1116993.57,1415921.08,0
1,17431.98,52771.0,35339.02,0.0,17431.98,0
1,46803.86,0.0,0.0,240817.29,287621.15,0
1,336619.09,0.0,0.0,1620051.62,1956670.71,0
1,385804.46,0.0,0.0,4109638.89,4495443.35,0
1,226.29,373228.92,373002.63,295449.69,295675.98,0
0,535358.05,27363.37,0.0,4992140.02,5527498.07,0
0,21514.93,0.0,0.0,362550.43,384065.36,0
1,67133.96,11416.0,0.0,348702.83,415836.79,0
1,237679.12,0.0,0.0,1945300.64,2182979.76,0
1,36088.39,0.0,0.0,510802.08,941971.0,0
0,889.44,0.0,0.0,895051.97,895941.41,0
1,371504.95,0.0,0.0,4406817.56,4778322.51,0
1,459327.46,52760.0,0.0,0.0,459327.46,0
1,235824.63,0.0,0.0,579915.13,815739.76,0
1,217580.78,0.0,0.0,2633811.86,2851392.64,0
1,47638.37,402733.0,355094.63,135.44,47773.81,0
1,218225.9,35970.0,0.0,0.0,218225.9,0
1,117538.43,0.0,0.0,184579.28,302117.71,0
1,202641.51,0.0,0.0,375803.57,578445.08,0
1,2287.37,0.0,0.0,8238520.9,8240808.27,0
1,63373.43,0.0,0.0,1720292.31,1783665.74,0
1,154894.51,160.0,0.0,49663.0,204557.51,0
1,147211.48,49312.0,0.0,1320131.56,1467343.04,0
1,267666.99,7185.0,0.0,1426815.1,1694482.09,0
0,10000000.0,0.0,0.0,10000000.0,28018611.83,0
0,30971.53,449878.0,418906.47,444181.63,749997.75,0
1,49924.3,95894.0,45969.7,0.0,49924.3,0
1,115643.57,100412.0,0.0,7949.47,123593.04,0
1,18997.54,64544.0,45546.46,0.0,18997.54,0
1,142759.31,0.0,0.0,23051396.03,23194155.35,0
1,459767.63,19550.0,0.0,158302.93,618070.55,0
1,233724.54,33025.0,0.0,7942878.72,8062052.84,0
1,672171.41,0.0,0.0,2154252.4,2826423.82,0
1,42889.03,206428.0,163538.97,0.0,42889.03,0
1,104026.46,99912.0,0.0,109960.91,213987.37,0
1,154314.01,7022.0,0.0,190306.83,344620.85,0
1,44880.77,0.0,0.0,443792.87,488673.64,0
1,59222.13,651612.0,592389.87,0.0,59222.13,0
0,200139.83,0.0,0.0,2971385.44,3171525.26,0
1,210356.79,0.0,0.0,4767665.09,4978021.88,0
1,337732.91,0.0,0.0,2750832.36,3088565.27,0
1,28051.86,0.0,0.0,1292772.43,1320824.29,0
1,146391.42,0.0,0.0,2457519.05,2759155.09,0
1,54077.5,0.0,0.0,380338.16,434415.65,0
1,393320.29,0.0,0.0,1424694.77,1818015.06,0
1,146665.61,16454.0,0.0,0.0,146665.61,0
1,86085.59,0.0,0.0,7012375.74,7098461.33,0
1,197893.74,198003.0,109.26,0.0,197893.74,0
1,38520.75,7407.0,0.0,113780.29,152301.04,0
0,94460.98,10419.0,0.0,0.0,94460.98,0
1,272017.29,0.0,0.0,1035917.7,1307934.99,0
1,139633.38,0.0,0.0,1850224.91,2789940.33,0
1,123185.29,20819.0,0.0,0.0,123185.29,0
1,118079.82,546776.01,428696.19,157994.28,57636.09,0
1,395808.59,618.0,0.0,208278.96,604087.55,0
1,270560.95,0.0,0.0,1502643.95,1773204.9,0
0,168641.53,0.0,0.0,2341354.5,2509996.02,0
1,12428.75,12862.0,433.25,0.0,12428.75,0
0,296813.09,25916.89,0.0,383574.01,502256.37,0
1,387064.03,105018.0,0.0,0.0,387064.03,0
0,62039.43,0.0,0.0,657896.61,719936.04,0
1,107099.73,72367.0,0.0,838883.23,772829.24,0
1,119179.4,0.0,0.0,1638782.93,1757962.34,0
1,129754.54,10077.0,0.0,3148068.41,3227682.35,0
0,237564.4,0.0,0.0,480548.97,718113.37,0
1,447169.66,470876.0,23706.34,2209559.78,2656729.44,0
1,71933.04,8630.0,0.0,1441005.68,1512938.71,0
1,138524.49,30750.0,0.0,229857.11,368381.59,0
1,38241.36,0.0,0.0,54215.68,92457.04,0
1,556158.74,17931.0,0.0,0.0,556158.74,0
0,4813.0,21861.23,17048.23,1980092.1,1984905.11,0
1,270455.41,406038.0,135582.59,0.0,270455.41,0
1,95343.9,226886.0,131542.1,66917.14,162261.04,0
1,405462.19,0.0,0.0,923292.42,1328754.61,0
1,162213.44,120966.0,0.0,154027.72,316241.16,0
1,3986.56,104232.0,100245.44,4366330.93,4370317.49,0
0,40173.03,0.0,0.0,1546923.13,1587096.16,0
0,1080597.89,89552.95,0.0,1676417.67,2757015.57,0
1,316624.99,0.0,0.0,415177.29,731802.28,0
1,99213.7,0.0,0.0,520775.23,619988.93,0
0,423738.61,44762.0,0.0,0.0,423738.61,0
1,313053.99,640297.0,327243.01,0.0,1124482.45,0
1,227088.17,72488.0,0.0,25322.0,0.0,0
1,49049.62,0.0,0.0,133880.43,182930.04,0
1,278746.77,496360.0,217613.23,30101482.7,30619682.19,0
1,154933.11,229590.71,74657.6,370755.39,525688.51,0
0,308785.52,14940.0,0.0,0.0,308785.52,0
1,25545.16,29971.0,4425.84,0.0,25545.16,0
1,56279.82,5535.0,0.0,2345731.62,2402011.44,0
1,47154.77,51494.0,4339.23,22654.44,69809.21,0
1,390265.3,6444.0,0.0,425203.0,815468.3,0
1,57456.1,0.0,0.0,846860.88,904316.98,0
1,155316.8,0.0,0.0,3873049.94,4028366.74,0
1,71857.13,11647.0,0.0,4382129.43,4453986.56,0
1,276621.18,120820.0,0.0,368639.23,645260.42,0
1,177747.02,0.0,0.0,1218038.2,1395785.22,0
1,254382.7,11158.0,0.0,11660.28,1430911.57,0
1,55450.14,4319.0,0.0,33511.64,88961.77,0
1,89489.12,0.0,0.0,510147.22,599636.34,0
0,322853.6,0.0,0.0,2880855.89,3203709.49,0
1,73004.64,9927.0,0.0,1493913.89,1786907.0,0
1,305890.2,0.0,0.0,326096.69,631986.89,0
1,131045.52,89221.0,0.0,420109.92,551155.44,0
0,1307328.7,22200.0,0.0,18813.12,1066097.72,0
1,88276.5,0.0,0.0,6488610.47,6576886.97,0
0,938755.64,541670.64,0.0,1437210.47,3072314.4,0
1,99297.19,25797.33,0.0,1502081.82,1601379.01,0
0,504764.15,0.0,0.0,3478114.02,3982878.17,0
0,2550771.69,9236.0,0.0,285925.22,2836696.91,0
1,142531.71,0.0,0.0,968881.94,1111413.65,0
1,382799.41,0.0,0.0,4108328.39,4491127.8,0
1,101739.47,0.0,0.0,1541851.62,1643591.09,0
1,380097.82,0.0,0.0,1702299.87,2082397.69,0
1,147745.13,0.0,0.0,438039.38,585784.51,0
1,216975.16,39076.0,0.0,802848.69,1019823.85,0
0,93667.23,0.0,0.0,1693546.29,1787213.53,0
0,840379.31,11145.0,0.0,1955403.21,2795782.53,0
1,110506.93,0.0,0.0,655453.06,765960.0,0
1,337964.17,6032.0,0.0,262900.07,600864.25,0
1,31285.09,0.0,0.0,379849.34,411134.43,0
1,232230.32,0.0,0.0,1070474.98,1302705.31,0
1,382723.66,25382.0,0.0,917553.63,1300277.29,0
1,101185.16,0.0,0.0,141687.21,242872.37,0
0,674842.14,750611.0,75768.86,0.0,674842.14,0
1,108842.87,31651.0,0.0,0.0,108842.87,0
1,202.19,0.0,0.0,446952.83,447155.03,0
0,398594.4,0.0,0.0,1062837.87,1461432.28,0
1,175140.17,13036.0,0.0,176999.04,352139.21,0
1,131758.46,525272.22,393513.76,25683.22,157441.68,0
1,153188.6,0.0,0.0,241841.64,395030.25,0
1,41726.55,0.0,0.0,54115.86,95842.42,0
1,206004.25,0.0,0.0,217993.81,423998.06,0
0,3744503.51,0.0,0.0,9168504.28,12913007.79,0
1,214873.47,165667.0,0.0,0.0,214873.47,0
1,112960.39,4864.0,0.0,407040.65,520001.05,0
1,36564.6,0.0,0.0,4218193.39,4254757.99,0
0,2240640.83,107823.37,0.0,0.0,2207339.12,0
1,27353.84,311483.0,284129.16,4058670.25,4086024.09,0
1,382473.98,20075.0,0.0,64676.51,447150.5,0
1,58035.59,31134.0,0.0,0.0,58035.59,0
1,17240.72,0.0,0.0,1368965.65,1330480.62,0
1,271894.84,9020.0,0.0,926075.03,1197969.88,0
0,355318.56,18097.0,0.0,1168990.96,1524309.52,0
1,107654.39,90722.0,0.0,0.0,107654.39,0
1,166062.48,400648.0,234585.52,903338.5,1069400.98,0
0,172257.46,0.0,0.0,1351375.96,1523633.42,0
0,4684981.97,0.0,0.0,10904238.8,15589220.77,0
1,121843.78,43701.0,0.0,157359.17,279202.95,0
1,120375.58,317.0,0.0,0.0,120375.58,0
1,32440.59,70829.0,38388.41,2744921.21,2777361.79,0
0,43171.09,32797.21,0.0,49146.22,92317.31,0
0,3118818.63,37272.0,0.0,0.0,3177854.2,0
0,635798.3,218.0,0.0,175374.66,811172.96,0
1,138467.06,0.0,0.0,1034347.8,1172814.86,0
1,366748.53,0.0,0.0,689878.26,1056626.8,0
1,161948.16,22877.0,0.0,0.0,161948.16,0
1,232250.82,0.0,0.0,242047.84,474298.66,0
1,157247.31,0.0,0.0,2749167.99,2906415.29,0
1,109589.25,0.0,0.0,601273.46,710862.72,0
1,295859.51,61102.0,0.0,5383.8,301243.31,0
1,183380.47,46046.0,0.0,838224.23,1021604.7,0
1,85589.02,0.0,0.0,5570868.34,5656457.37,0
1,207787.14,0.0,0.0,1695003.54,1902790.68,0
1,74687.67,287878.0,213190.33,0.0,74687.67,0
1,15225.19,0.0,0.0,148223.26,163448.45,0
1,150223.5,0.0,0.0,904746.15,1006586.04,0
1,291573.69,0.0,0.0,805396.76,1096970.45,0
0,46667.45,0.0,0.0,973271.5,1019938.95,0
1,160697.79,134189.0,0.0,1166119.59,1326817.38,0
1,50146.91,94292.22,44145.31,86409.51,136556.42,0
1,50576.76,263.0,0.0,0.0,50576.76,0
1,4773.62,2054.0,0.0,708188.96,712962.58,0
1,187961.09,0.0,0.0,3084077.07,3628998.92,0
1,50375.97,95381.0,45005.03,364324.37,414700.35,0
1,75107.65,0.0,0.0,965604.34,1040711.99,0
1,112910.95,267.0,0.0,0.0,112910.95,0
1,144117.03,0.0,0.0,599518.11,743635.13,0
1,185509.21,0.0,0.0,3290739.12,3476248.32,0
1,227730.38,0.0,0.0,399324.9,627055.28,0
1,130276.69,0.0,0.0,313913.39,444190.07,0
1,391924.49,51981.0,0.0,712538.69,1243049.37,0
1,83310.65,29871.0,0.0,1350230.62,1433541.27,0
0,1547273.06,0.0,0.0,7854642.38,9401915.44,0
1,275376.54,0.0,0.0,458978.75,734355.29,0
1,119172.81,0.0,0.0,376525.44,585675.8,0
0,796497.26,0.0,0.0,10938519.46,11735016.72,0
1,83449.23,9263.0,0.0,0.0,83449.23,0
1,60863.05,40131.62,0.0,0.0,60863.05,0
1,471108.72,0.0,0.0,717064.88,1188173.6,0
1,104397.07,96549.0,0.0,62545.6,166942.67,0
1,53014.02,0.0,0.0,1849850.26,1902864.28,0
0,446232.78,3350.02,0.0,1765757.74,2211990.52,0
1,89738.03,284.0,0.0,170211.25,259949.28,0
1,73521.33,0.0,0.0,794436.57,867957.91,0
1,81687.05,0.0,0.0,288145.04,369832.09,0
1,80753.46,0.0,0.0,973076.12,1053829.58,0
1,281422.21,0.0,0.0,1238508.49,1666041.87,0
1,103732.27,203831.1,100098.83,327238.05,430970.32,0
1,158472.72,0.0,0.0,1069087.07,1227559.79,0
1,177773.13,181.0,0.0,529031.37,706804.51,0
1,486277.03,0.0,0.0,1975323.87,2461600.9,0
1,145143.81,680.0,0.0,74070.58,219214.4,0
1,62381.01,190773.64,128392.64,357984.79,420365.8,0
1,183982.14,70819.0,0.0,9100285.95,9284268.09,0
1,395239.78,0.0,0.0,487962.54,883202.32,0
1,72044.62,14522.0,0.0,0.0,72044.62,0
1,265993.67,103931.97,0.0,1071285.85,1337279.52,0
1,82679.19,9034.0,0.0,570060.72,655297.36,0
0,153368.7,58131.0,0.0,0.0,153368.7,0
1,40581.26,10737.0,0.0,45521.66,86102.92,0
1,37466.8,45962.0,8495.2,0.0,37466.8,0
1,12541.71,218900.0,206358.29,0.0,12541.71,0
0,4478777.64,0.0,0.0,4992436.21,9471213.84,0
1,266089.79,0.0,0.0,333378.63,599468.42,0
1,176052.86,0.0,0.0,287271.51,463324.36,0
0,196993.3,0.0,0.0,527021.69,724014.99,0
1,150732.06,0.0,0.0,221215.22,371947.28,0
1,73928.25,0.0,0.0,3137885.28,3211813.52,0
1,192441.95,42803.0,0.0,0.0,192441.95,0
1,148815.63,0.0,0.0,749664.54,898480.17,0
1,68212.82,0.0,0.0,4843452.87,5055382.58,0
1,185751.75,0.0,0.0,2621003.55,2806755.3,0
1,331734.31,21896.0,0.0,4525984.93,4857719.24,0
1,131985.0,0.0,0.0,876646.81,1008631.81,0
1,334519.34,0.0,0.0,6343063.27,6677582.61,0
1,690845.79,35233.0,0.0,1540664.87,2231510.66,0
1,42825.21,5486.39,0.0,201917.84,244743.05,0
0,373457.74,1668.0,0.0,88476.21,461933.95,0
0,746518.21,746518.21,0.0,0.0,0.0,1
1,126586.83,42079.0,0.0,0.0,126586.83,0
1,113245.16,0.0,0.0,3005563.73,3118808.89,0
1,426584.43,18167.9,0.0,1158705.99,1585290.42,0
1,103059.01,0.0,0.0,131696.25,234755.25,0
1,153209.94,0.0,0.0,3535993.74,3689203.68,0
1,83213.54,48191.63,0.0,5138450.98,5221664.52,0
1,106840.87,20873.0,0.0,0.0,27511.36,0
1,301240.66,0.0,0.0,835843.4,1137084.05,0
1,301535.97,71737.0,0.0,660025.69,1167464.76,0
1,288579.38,0.0,0.0,6903237.67,7191817.05,0
1,9823.64,27791.0,17967.36,0.0,9823.64,0
0,285658.68,0.0,0.0,1775715.52,2061374.2,0
1,341731.83,32496.0,0.0,9613.61,351345.44,0
1,37140.51,111411.0,74270.49,46378.99,83519.5,0
1,210982.54,30086.0,0.0,0.0,0.0,0
0,526348.44,0.0,0.0,6958773.97,7485122.4,0
1,61963.5,0.0,0.0,1479715.59,1541679.1,0
0,674346.76,0.0,0.0,869659.39,1544006.16,0
0,133829.3,0.0,0.0,377839.37,511668.67,0
1,163144.48,20841.0,0.0,0.0,163144.48,0
1,236004.84,0.0,0.0,996908.7,1232913.54,0
0,4306320.99,16886.0,0.0,1459124.07,5765445.06,0
1,135516.26,130931.0,0.0,0.0,135516.26,0
0,791754.4,0.0,0.0,3020124.31,3811878.71,0
1,253095.86,11387.0,0.0,911466.74,1164562.6,0
1,110513.7,0.0,0.0,652041.56,762555.26,0
0,396336.05,0.0,0.0,1176862.66,1573198.72,0
0,493887.24,378.0,0.0,191637.22,685524.46,0
1,111467.9,0.0,0.0,171778.92,283246.82,0
1,289910.63,0.0,0.0,415570.64,705481.27,0
1,166936.19,19504.0,0.0,171358.61,338294.8,0
0,89809.51,50703.0,0.0,0.0,89809.51,0
0,4095543.52,0.0,0.0,8942804.21,13038347.73,0
1,213635.91,31344.0,0.0,840201.49,1270992.22,0
0,292925.2,55443.0,0.0,465474.82,758400.02,0
1,65130.01,0.0,0.0,443253.05,508383.06,0
1,17911.2,299760.12,281848.92,476359.18,494270.39,0
1,30034.36,36716.0,6681.64,343172.15,373206.52,0
0,29735.06,0.0,0.0,285937.7,315672.76,0
0,1008690.71,0.0,0.0,1477829.31,2486520.02,0
1,32203.52,0.0,0.0,73190.0,189228.88,0
1,150130.24,0.0,0.0,1163475.29,2134978.87,0
0,505268.77,20204.0,0.0,2106510.45,2611779.22,0
1,497272.76,11884.0,0.0,0.0,497272.76,0
1,40856.67,40370.0,0.0,1639023.19,1679879.86,0
1,124253.07,552845.0,428591.93,0.0,124253.07,0
1,152176.88,0.0,0.0,243912.68,396089.56,0
0,774166.95,6098.0,0.0,191597.9,965764.84,0
1,16540.63,0.0,0.0,780412.79,796953.43,0
0,274324.05,21459.0,0.0,136995.77,2077254.38,0
1,253205.25,19823.0,0.0,0.0,253205.25,0
1,254022.34,0.0,0.0,378182.02,632204.36,0
0,1310750.1,29766.0,0.0,204893.52,1515643.62,0
1,135102.67,16631.0,0.0,1086380.96,1221483.63,0
0,267317.99,0.0,0.0,4553803.02,4821121.01,0
1,244037.82,0.0,0.0,340561.47,584599.29,0
1,17312.79,40874.73,23561.94,550666.14,567978.93,0
1,148080.26,1711.0,0.0,2363265.15,2460362.4,0
1,322885.81,2301.0,0.0,1970425.9,2293311.7,0
1,53725.14,0.0,0.0,1180570.4,1381678.57,0
1,392176.05,11072.0,0.0,7494358.15,7886534.2,0
1,163698.64,0.0,0.0,174043.27,462813.43,0
1,321621.84,0.0,0.0,1676672.69,1998294.53,0
1,10863.39,51763.0,40899.61,0.0,10863.39,0
0,84706.05,0.0,0.0,265049.65,349755.69,0
1,25530.31,215138.0,189607.69,2909020.72,2934551.03,0
1,296461.22,0.0,0.0,340623.24,637084.46,0
1,10430.76,14713.0,4282.24,0.0,10430.76,0
1,304560.83,622.8,0.0,640525.29,945086.12,0
1,137807.81,346.0,0.0,0.0,137807.81,0
1,70127.51,3517.0,0.0,5367044.8,5437172.31,0
1,168349.85,177.0,0.0,1079739.68,1248089.53,0
1,88013.13,1700.0,0.0,0.0,88013.13,0
1,249246.25,65677.8,0.0,1563238.27,1812484.52,0
1,215830.24,48020.0,0.0,0.0,215830.24,0
1,329225.74,100093.0,0.0,3713483.09,4042708.83,0
1,36890.7,22184.0,0.0,183118.77,220009.47,0
1,90818.52,14788.0,0.0,380074.7,470893.22,0
1,36650.97,30825.0,0.0,7174022.84,7210673.81,0
0,304556.34,148.0,0.0,0.0,304556.34,0
1,318781.47,30586.0,0.0,2728399.19,3047180.66,0
1,94530.35,56004.0,0.0,418386.14,512916.49,0
0,315441.47,25320.0,0.0,747342.23,1062783.7,0
1,264597.87,1038.0,0.0,3213827.44,3478425.3,0
1,129471.33,21306.0,0.0,0.0,129471.33,0
0,2783343.95,0.0,0.0,3615326.32,6398670.27,0
1,158270.7,0.0,0.0,1066263.91,1317997.15,0
0,532983.3,439081.0,0.0,263216.47,796199.77,0
1,56484.73,29851.0,0.0,175224.1,231708.84,0
1,184898.74,36833.0,0.0,0.0,184898.74,0
1,89452.96,0.0,0.0,998575.48,1088028.44,0
1,77135.54,0.0,0.0,5562759.43,5639894.97,0
1,242982.01,0.0,0.0,257225.81,500207.82,0
1,28435.31,0.0,0.0,200561.27,228996.57,0
1,30801.19,0.0,0.0,1144049.52,1174850.7,0
1,191730.58,0.0,0.0,1560180.18,1751910.76,0
1,352406.24,0.0,0.0,1473591.5,1825997.74,0
1,97218.22,0.0,0.0,292489.13,389707.35,0
1,124413.11,0.0,0.0,3162273.93,3117489.26,0
0,376515.66,71126.0,0.0,428273.79,804789.46,0
1,182654.01,0.0,0.0,914334.34,1096988.35,0
1,26598.45,15534.0,0.0,0.0,26598.45,0
1,282382.27,11956.0,0.0,0.0,265086.6,0
1,427167.58,0.0,0.0,1576146.91,2003314.49,0
1,303887.97,11871.0,0.0,0.0,303887.97,0
1,57329.68,10530.0,0.0,702867.81,760197.49,0
0,19565.29,0.0,0.0,1818750.95,1838316.24,0
1,58239.09,9887.0,0.0,274439.69,332678.79,0
1,26714.63,358.0,0.0,2739368.72,2766083.35,0
1,353541.55,0.0,0.0,1948861.27,2302402.81,0
0,54933.7,18010.0,0.0,215935.92,270869.62,0
1,483614.78,8030.0,0.0,2100336.94,2583951.72,0
0,10000000.0,0.0,0.0,30000000.0,48112944.36,0
1,229110.35,152.0,0.0,0.0,229110.35,0
1,168478.01,0.0,0.0,417114.08,585592.09,0
1,121038.39,30440.0,0.0,579781.09,700819.48,0
1,446413.92,31877.0,0.0,0.0,446413.92,0
1,163557.95,0.0,0.0,26714552.49,26878110.45,0
1,365364.47,106896.0,0.0,326233.69,691598.16,0
1,223715.83,0.0,0.0,257380.22,481096.05,0
1,151595.86,0.0,0.0,991196.27,1142792.12,0
1,181681.9,0.0,0.0,671564.56,853246.46,0
1,366690.9,31797.0,0.0,1651284.91,2017975.81,0
1,163197.99,11170.0,0.0,0.0,163197.99,0
1,26797.29,0.0,0.0,2045388.12,2072185.41,0
0,81620.81,0.0,0.0,1995303.32,2076924.13,0
1,745329.04,114089.7,0.0,889038.68,1634367.72,0
1,321299.91,0.0,0.0,5309397.29,5630697.2,0
0,167727.49,0.0,0.0,7075402.06,7243129.56,0
0,288863.18,9127.0,0.0,42464.5,331327.68,0
1,97501.14,51342.0,0.0,2928958.54,3026459.68,0
1,73709.79,20471.0,0.0,2281843.21,2355553.0,0
1,139857.69,435971.8,296114.11,266.0,0.0,0
1,233070.15,23242.0,0.0,0.0,233070.15,0
0,865898.62,65133.85,0.0,8706125.65,9572024.26,0
1,325108.35,225.0,0.0,522112.0,847220.35,0
0,252563.09,0.0,0.0,1378947.6,1631510.69,0
1,89737.7,0.0,0.0,5739963.88,5829701.58,0
1,143200.68,413989.31,270788.63,330767.26,473967.94,0
0,912789.75,0.0,0.0,1801306.48,2714096.22,0
1,122077.57,0.0,0.0,459462.27,581539.84,0
1,192986.12,0.0,0.0,4751648.78,4944634.9,0
1,212927.5,99862.0,0.0,738699.19,951626.69,0
1,104167.28,769.0,0.0,121959.48,226126.77,0
0,430330.18,0.0,0.0,610445.93,1129294.89,0
0,528560.83,30478.0,0.0,76725.0,902844.0,0
1,400099.14,1042.0,0.0,0.0,400099.14,0
1,63907.22,0.0,0.0,107476.44,176198.26,0
0,322816.9,0.0,0.0,1533998.06,1856814.95,0
1,8836.92,0.0,0.0,952665.24,961502.16,0
0,890778.43,0.0,0.0,1719952.12,2610730.56,0
1,296555.02,804398.0,507842.98,1180345.43,1476900.45,0
1,92892.03,26573.0,0.0,0.0,92892.03,0
1,163122.67,0.0,0.0,11741019.25,11904141.92,0
1,50571.93,0.0,0.0,719119.34,769691.28,0
1,94724.44,26893.0,0.0,15337.0,0.0,0
1,96400.79,72175.0,0.0,10216053.8,10312454.59,0
1,394121.62,0.0,0.0,3521728.18,4361772.87,0
1,84016.68,0.0,0.0,323716.74,407733.42,0
1,122728.84,0.0,0.0,3714345.82,3837074.66,0
1,247159.23,121990.0,0.0,22559.94,269719.17,0
1,32686.0,0.0,0.0,880361.76,913047.76,0
1,72396.8,0.0,0.0,1726877.54,1799274.34,0
0,631656.17,0.0,0.0,2157914.36,2789570.53,0
1,143952.96,0.0,0.0,7098630.32,7242583.28,0
1,3017.48,0.0,0.0,4556634.63,4559652.11,0
0,98240.11,24440.0,0.0,291371.23,389611.34,0
1,94293.33,204708.0,110414.67,0.0,94293.33,0
1,24218.19,20612.0,0.0,266.34,24484.53,0
1,196276.58,0.0,0.0,1126428.66,1322705.24,0
0,190849.53,0.0,0.0,366312.27,557161.8,0
1,59435.04,0.0,0.0,123702.19,183137.23,0
1,166742.28,0.0,0.0,191775.99,358518.27,0
1,686152.55,11840.55,0.0,6493744.85,7179897.4,0
0,467420.61,0.0,0.0,622281.57,1434676.49,0
1,203359.14,0.0,0.0,725266.56,928625.71,0
1,324463.3,20005.0,0.0,0.0,324463.3,0
1,106297.16,19932.0,0.0,0.0,106297.16,0
1,119442.81,8360.0,0.0,63163.42,182606.23,0
1,100781.48,5504.0,0.0,1267653.41,1368434.89,0
1,449536.59,34693.0,0.0,167111.59,616648.18,0
1,378006.4,6175.0,0.0,297909.32,675915.72,0
1,423080.08,8343.0,0.0,565425.52,988505.6,0
1,147421.98,0.0,0.0,14785571.71,14932993.69,0
1,60254.41,14251.0,0.0,15282.23,75536.64,0
0,445363.59,0.0,0.0,1855180.31,2300543.9,0
1,318229.97,0.0,0.0,428304.78,746534.75,0
1,291280.87,23133.0,0.0,185313.82,476594.69,0
1,98657.45,0.0,0.0,392026.93,503566.31,0
1,384841.59,23497.0,0.0,0.0,384841.59,0
1,77257.92,0.0,0.0,3586840.62,3664098.54,0
1,129340.53,24957.0,0.0,414475.5,543816.03,0
0,39992.85,13998.0,0.0,83959.49,123952.34,0
1,88389.14,0.0,0.0,1762825.35,1851214.49,0
1,188330.74,0.0,0.0,6193131.33,6166549.7,0
1,183795.5,0.0,0.0,361537.58,545333.08,0
0,902068.45,0.0,0.0,4395368.55,5297437.0,0
1,375660.22,0.0,0.0,2074188.61,2449848.84,0
1,204632.69,76807.0,0.0,17172634.93,17377267.62,0
1,29712.05,0.0,0.0,1742301.82,1772013.86,0
0,877721.81,40080.0,0.0,1815518.08,2693239.89,0
1,213317.64,127363.0,0.0,0.0,213317.64,0
0,810485.19,15165.0,0.0,0.0,810485.19,0
1,59798.66,0.0,0.0,482195.52,541994.19,0
1,348293.62,6.0,0.0,0.0,348293.62,0
1,34433.52,99271.0,64837.48,3391336.05,3373302.83,0
1,59781.86,0.0,0.0,489894.16,549676.02,0
1,140195.72,0.0,0.0,148906.42,289102.14,0
1,293459.82,0.0,0.0,7888973.43,8182433.25,0
1,94641.17,54174.0,0.0,0.0,94641.17,0
1,64512.91,0.0,0.0,752104.36,816617.27,0
1,126109.91,41878.0,0.0,613243.3,1276292.3,0
1,110040.89,945480.0,835439.11,0.0,110040.89,0
1,192128.83,0.0,0.0,859814.33,1051943.16,0
1,62737.85,0.0,0.0,711298.53,774036.38,0
0,705006.65,0.0,0.0,1232145.83,1937152.48,0
1,57378.1,56110.0,0.0,0.0,57378.1,0
0,416353.02,0.0,0.0,1937391.58,2353744.59,0
1,196554.49,0.0,0.0,734098.42,930652.92,0
1,267938.96,0.0,0.0,320417.39,670201.35,0
1,756552.85,0.0,0.0,3298292.93,4054845.77,0
1,66165.75,0.0,0.0,2645356.25,2711522.0,0
0,375642.09,19218.0,0.0,921554.56,1322459.63,0
1,6618.41,0.0,0.0,112849.44,119467.85,0
1,234819.75,0.0,0.0,1450965.0,1469732.39,0
1,68907.45,20654.0,0.0,70683.1,139590.56,0
1,131522.15,0.0,0.0,214159.04,345681.19,0
1,176297.82,158740.0,0.0,35741462.53,35917760.36,0
1,289818.03,0.0,0.0,1286163.83,1575981.85,0
1,201304.18,0.0,0.0,670582.39,871886.57,0
1,46081.34,628.0,0.0,1165520.87,1211602.21,0
0,1022075.03,27141.87,0.0,5308553.79,6330628.82,0
1,165706.52,0.0,0.0,5641025.33,5895995.81,0
1,85951.04,0.0,0.0,1518193.09,1604144.13,0
1,164137.06,14060.0,0.0,230128.64,394265.71,0
1,68144.49,0.0,0.0,614361.09,682505.59,0
1,3810.79,0.0,0.0,153876.4,157687.19,0
0,793770.85,0.0,0.0,31857.16,825628.01,0
0,1130302.77,0.0,0.0,1547126.49,2677429.26,0
1,351733.64,0.0,0.0,771218.6,1122952.23,0
1,108449.4,0.0,0.0,116078.55,224527.96,0
1,171651.1,20759.0,0.0,0.0,171651.1,0
1,43067.83,0.0,0.0,1542258.83,1585326.65,0
1,322825.79,0.0,0.0,844823.73,1167649.53,0
1,267678.18,0.0,0.0,1904807.43,2146862.09,0
1,34927.97,0.0,0.0,22470435.39,22505363.36,0
1,276430.65,0.0,0.0,641710.19,375667.98,0
1,53867.28,0.0,0.0,4965737.73,5019605.01,0
1,192566.22,0.0,0.0,835857.98,1028424.2,0
1,109588.8,0.0,0.0,185111.33,294700.13,0
1,24427.45,0.0,0.0,32151.47,56578.92,0
1,112877.93,261746.15,148868.22,26939.26,139817.19,0
1,132821.34,0.0,0.0,3037948.58,3170769.92,0
1,346815.12,26688.0,0.0,506.56,347321.69,0
1,91325.96,24610.0,0.0,91255.48,182581.44,0
1,115900.55,0.0,0.0,199862.59,102920.17,0
1,207692.78,0.0,0.0,4083584.16,4291276.94,0
1,152026.01,0.0,0.0,421922.58,573948.59,0
1,223051.75,51236.0,0.0,112221.99,335273.74,0
1,452456.6,19682.0,0.0,57975.94,510432.54,0
1,274001.98,0.0,0.0,274347.05,548349.02,0
1,291754.07,122373.2,0.0,682123.29,973877.36,0
1,252796.77,361.0,0.0,352844.32,605641.09,0
1,222819.17,13257.0,0.0,409992.97,632812.14,0
1,244619.93,485.0,0.0,5311296.47,5555916.4,0
1,89876.05,0.0,0.0,124511.0,55893.77,0
1,141030.15,30069.0,0.0,0.0,141030.15,0
1,266351.34,51445.0,0.0,0.0,266351.34,0
1,315654.19,315654.19,0.0,0.0,315654.19,1
1,431469.06,75844.0,0.0,805420.24,1124899.28,0
0,101852.27,12951.41,0.0,174117.38,479861.94,0
1,117510.92,0.0,0.0,2219765.47,2337276.39,0
0,221936.76,10525.0,0.0,0.0,221936.76,0
1,374718.86,0.0,0.0,1431470.6,1806189.46,0
1,178902.83,148849.0,0.0,120478.83,299381.67,0
1,139866.84,0.0,0.0,1251052.75,1390919.59,0
1,159771.06,0.0,0.0,561951.06,645707.52,0
1,78000.68,7487.0,0.0,25370.15,103370.83,0
1,164937.78,0.0,0.0,9948832.11,10113769.88,0
0,585410.04,96426.0,0.0,426591.99,1012002.02,0
1,46134.21,30566.0,0.0,2398905.08,2445039.29,0
1,221728.55,0.0,0.0,386481.93,608210.48,0
1,130443.96,20783.0,0.0,22633.26,153077.22,0
0,336134.06,6712.5,0.0,9535621.67,9871755.74,0
1,424954.72,0.0,0.0,513952.56,938907.27,0
1,100584.75,0.0,0.0,807568.98,908153.74,0
1,197019.0,0.0,0.0,2005179.39,2202198.38,0
1,22918.83,0.0,0.0,33544.98,56463.81,0
1,398035.39,440.0,0.0,0.0,398035.39,0
1,132871.75,102233.0,0.0,283402.81,416274.55,0
1,475345.1,0.0,0.0,2135015.38,2610360.47,0
0,300857.0,0.0,0.0,1109588.64,1410445.64,0
1,8129.19,0.0,0.0,1550242.4,1558371.59,0
1,39083.05,44055.85,4972.8,166322.18,205405.23,0
1,58842.12,21325.0,0.0,0.0,58842.12,0
1,358709.18,6593.5,0.0,3288991.7,3647700.88,0
1,91875.73,0.0,0.0,1573762.96,1665638.69,0
1,60682.13,0.0,0.0,822113.78,882795.91,0
1,274259.07,0.0,0.0,1888652.37,2162911.44,0
1,83218.42,553368.58,470150.16,474234.97,557453.4,0
1,128367.28,16173.0,0.0,87861.84,216229.12,0
1,82888.97,11323.0,0.0,878748.01,961636.98,0
1,217791.26,965967.0,748175.74,0.0,217791.26,0
1,104265.57,0.0,0.0,248896.24,470934.22,0
0,219970.95,0.0,0.0,15535091.27,15755062.22,0
1,143067.3,207523.58,64456.28,218968.49,362035.79,0
1,88134.3,18365.92,0.0,3056187.0,3144321.29,0
1,303153.58,5785.0,0.0,1967891.87,2271045.45,0
1,12349.37,31440.0,19090.63,354194.82,366544.19,0
1,56201.86,33107.0,0.0,520557.88,576759.74,0
1,225591.91,0.0,0.0,273320.17,498912.08,0
0,1371577.53,0.0,0.0,1803240.28,3174817.8,0
1,34742.01,0.0,0.0,0.0,34742.01,0
1,16832.54,51649.0,34816.46,18031.45,34863.99,0
1,255513.87,103975.0,0.0,177599.93,750132.33,0
1,134410.61,31786.0,0.0,829359.45,963770.06,0
1,42220.98,0.0,0.0,1638904.52,1681125.5,0
1,331417.19,0.0,0.0,2909114.28,3240531.47,0
1,64273.73,6858.0,0.0,55599.68,119873.41,0
1,92677.49,0.0,0.0,620767.71,713445.2,0
1,29607.35,80445.0,50837.65,182885.18,212492.53,0
0,390609.33,10600.0,0.0,1326854.84,1749277.75,0
1,9326.39,0.0,0.0,105228.47,114554.87,0
1,305348.13,163.0,0.0,22097.52,327445.64,0
1,130727.85,85710.0,0.0,256191.34,386919.18,0
0,309160.48,0.0,0.0,897657.94,1206818.42,0
1,114695.2,0.0,0.0,179184.0,293879.2,0
1,196845.2,0.0,0.0,306068.72,502913.92,0
0,371295.2,7739.54,0.0,3727003.9,4098299.09,0
1,365629.74,22060.0,0.0,387553.78,753183.52,0
1,136368.51,10074.0,0.0,0.0,136368.51,0
0,3680954.67,0.0,0.0,10000000.0,13680954.67,0
0,579674.52,0.0,0.0,3716731.25,4296405.77,0
1,313853.58,5067.0,0.0,2792318.83,3106172.41,0
0,234663.47,104218.0,0.0,330768.08,565431.55,0
1,7809.4,0.0,0.0,800548.08,808357.48,0
1,246517.88,0.0,0.0,1434706.45,1681224.33,0
0,399868.94,0.0,0.0,1296627.59,1930931.02,0
1,122591.69,9372.0,0.0,157436.71,280028.4,0
1,12218.65,0.0,0.0,7683782.8,7696001.45,0
1,323321.63,0.0,0.0,1278923.98,1602245.61,0
1,111717.16,10646.0,0.0,132419.93,350988.21,0
1,111462.07,0.0,0.0,135930.55,247392.62,0
0,1100170.25,0.0,0.0,9382383.56,10482553.81,0
1,233724.62,5817.0,0.0,0.0,233724.62,0
0,944104.87,90541.0,0.0,0.0,944104.87,0
1,102788.57,27119.0,0.0,259922.41,362710.99,0
1,296499.66,0.0,0.0,1017937.01,1314436.67,0
1,368126.24,211.0,0.0,2971318.3,3339444.54,0
1,697626.69,25178.0,0.0,1046813.14,1744439.83,0
1,18329.79,275.0,0.0,184915.9,203245.69,0
1,10746.0,20153.0,9407.0,12395.08,23141.09,0
1,149789.16,246212.58,96423.42,2723299.3,2873088.46,0
1,100608.77,0.0,0.0,127385.14,227993.9,0
0,1192744.37,0.0,0.0,2901331.34,4094075.71,0
1,178553.13,0.0,0.0,787959.22,966512.34,0
1,26162.13,20478.0,0.0,855043.35,881205.48,0
1,7912.69,0.0,0.0,1768885.46,1776798.16,0
1,38740.97,0.0,0.0,279285.73,318026.7,0
1,146015.25,0.0,0.0,1012954.35,1158969.6,0
1,370878.84,30234.0,0.0,1082424.89,1467604.22,0
1,92158.87,0.0,0.0,2507110.12,2599268.99,0
0,408829.31,12883.0,0.0,1450108.88,1858938.19,0
1,49545.7,30636.0,0.0,1293372.77,1342918.47,0
1,101418.79,0.0,0.0,1951242.26,3071190.96,0
1,248864.49,0.0,0.0,12861412.9,13110277.39,0
1,64868.39,107815.41,42947.02,821845.01,886713.4,0
0,1207312.21,0.0,0.0,1373051.44,2580363.65,0
0,104799.52,0.0,0.0,1308720.48,1413520.0,0
1,171742.11,6204.0,0.0,2458756.1,2630498.2,0
1,151095.08,0.0,0.0,4239456.1,4390551.17,0
0,552557.26,331370.76,0.0,8050980.34,8603537.6,0
0,1792015.08,53817.75,0.0,3252878.1,5044893.19,0
0,2236892.45,10099.0,0.0,163389.15,2400281.61,0
1,123522.2,0.0,0.0,842942.69,966464.89,0
1,115880.73,0.0,0.0,1478734.23,1594614.96,0
1,400463.95,0.0,0.0,1309811.12,1710275.07,0
1,382130.22,289588.36,0.0,403665.02,785795.24,0
1,2758.6,18965.0,16206.4,16733.79,19492.38,0
1,53486.95,48714.0,0.0,0.0,53486.95,0
0,2285454.27,696355.0,0.0,0.0,2285454.27,0
1,422348.98,20538.0,0.0,0.0,422348.98,0
1,232135.77,0.0,0.0,5530403.16,5762538.93,0
1,9819.68,912.0,0.0,0.0,9819.68,0
1,52406.91,0.0,0.0,339428.74,391835.65,0
1,104954.57,0.0,0.0,268773.8,373728.37,0
1,145685.64,5297.0,0.0,1734836.42,1880522.06,0
0,122597.14,0.0,0.0,275902.2,398499.34,0
1,310752.3,34601.0,0.0,7049421.68,7360173.98,0
1,263932.28,2220.0,0.0,0.0,263932.28,0
0,105279.37,0.0,0.0,157646.31,262925.68,0
1,556318.55,20541.0,0.0,11503.82,567822.37,0
0,214565.45,0.0,0.0,505304.48,719869.93,0
1,121503.73,0.0,0.0,5642230.48,5763734.21,0
1,377677.57,0.0,0.0,2098604.07,2476281.65,0
1,599605.36,10856.0,0.0,5243757.71,5843363.07,0
0,664430.46,0.0,0.0,1095372.27,1759802.73,0
1,345823.6,11309.0,0.0,0.0,345823.6,0
1,377067.06,8077.0,0.0,5044866.86,5421933.92,0
1,25668.57,59312.0,33643.43,0.0,25668.57,0
1,402102.76,0.0,0.0,1607689.62,2009792.38,0
1,298711.57,0.0,0.0,1397389.56,1696101.13,0
1,146422.06,5241.0,0.0,407442.23,553864.3,0
1,115584.6,105.0,0.0,1562286.43,1677871.03,0
1,98988.62,50559.0,0.0,96510.49,195499.11,0
1,244407.84,18038.0,0.0,1594566.32,1838974.16,0
1,77762.97,335192.59,257429.62,335689.29,413452.26,0
1,7921.51,0.0,0.0,16990.0,0.0,0
1,459701.53,0.0,0.0,683787.04,1143488.57,0
0,340808.19,136057.0,0.0,0.0,340808.19,0
1,57917.54,0.0,0.0,1281235.68,1339153.22,0
0,613318.92,11225.0,0.0,0.0,613318.92,0
0,173865.14,0.0,0.0,1660228.2,1834093.34,0
1,29666.55,0.0,0.0,145298.11,174964.66,0
1,76728.82,0.0,0.0,3968231.25,4044960.07,0
1,148252.21,968974.0,820721.79,2152439.73,2300691.94,0
1,576604.05,7518.0,0.0,0.0,576604.05,0
1,234387.78,0.0,0.0,258894.38,493282.15,0
1,108821.98,197715.0,88893.02,202418.73,311240.71,0
0,203320.82,42356.0,0.0,112114.08,698038.43,0
1,38978.28,0.0,0.0,49182.25,88160.53,0
0,2855850.85,0.0,0.0,4025160.03,6881010.88,0
1,194922.61,280.0,0.0,3194617.29,3389539.9,0
1,237846.56,21967.0,0.0,103569.84,341416.4,0
0,1078181.84,0.0,0.0,2139478.76,3217660.6,0
1,195564.41,205736.0,10171.59,2398761.81,2594326.22,0
1,299995.41,257876.0,0.0,35315.01,335310.42,0
1,49253.09,21158.0,0.0,260522.69,309775.77,0
1,56313.08,51118.0,0.0,273325.97,329639.05,0
1,314696.73,0.0,0.0,648628.73,963325.47,0
0,3910799.0,0.0,0.0,16226437.79,20137236.79,0
1,117148.95,23578.0,0.0,302261.51,419410.46,0
1,96842.45,28363.0,0.0,1408704.05,1505546.5,0
1,231136.67,1050.0,0.0,607762.01,838898.68,0
1,59661.36,0.0,0.0,697685.74,757347.1,0
1,131039.38,0.0,0.0,287493.07,418532.44,0
1,127744.0,244395.0,116651.0,51903.0,179647.0,0
1,1868.32,0.0,0.0,180376.48,182244.8,0
1,107991.66,149187.0,41195.34,1306690.54,1414682.2,0
0,1198934.63,0.0,0.0,1800485.37,2999420.0,0
1,13673.29,0.0,0.0,300273.13,313946.42,0
0,384221.73,0.0,0.0,21588424.13,21972645.86,0
1,104887.52,0.0,0.0,115409.02,220296.55,0
1,73494.28,151498.0,78003.72,77895.36,151389.64,0
1,145912.0,0.0,0.0,187176.86,333088.85,0
1,11381.8,0.0,0.0,2936890.76,2948272.56,0
1,16133.38,58779.0,42645.62,0.0,16133.38,0
1,160820.45,0.0,0.0,11420699.47,11581519.91,0
1,322947.54,0.0,0.0,10543479.91,10866427.46,0
0,19196.56,0.0,0.0,36333.81,55530.37,0
1,213868.66,4669.0,0.0,93904.44,307773.1,0
1,433366.67,292.0,0.0,0.0,433366.67,0
1,106088.42,427487.0,321398.58,127525.05,233613.48,0
0,1414537.28,39938.0,0.0,105747.38,1520284.66,0
1,226549.5,0.0,0.0,658670.9,885220.4,0
0,131783.93,11020.0,0.0,0.0,131783.93,0
1,125239.48,205170.0,79930.52,249287.17,374526.65,0
1,109443.0,0.0,0.0,119356.28,228799.28,0
0,295874.87,0.0,0.0,5233766.53,5529641.4,0
1,6568.77,0.0,0.0,936545.15,943113.92,0
1,105931.68,37155.0,0.0,572557.02,678488.7,0
1,101805.66,0.0,0.0,677668.4,779474.05,0
1,251609.47,162513.0,0.0,99572.09,351181.56,0
0,11106913.59,0.0,0.0,11498972.47,22605886.06,0
1,211902.24,49800.0,0.0,0.0,211902.24,0
1,26219.33,0.0,0.0,518241.96,1080780.58,0
1,88833.68,0.0,0.0,91630.69,180464.37,0
1,352790.65,0.0,0.0,1208562.98,1933578.68,0
1,84493.68,0.0,0.0,534865.7,619359.38,0
1,36481.46,35367.0,0.0,0.0,36481.46,0
1,82920.45,0.0,0.0,2217088.01,2300008.46,0
1,388989.39,0.0,0.0,917999.76,1306989.15,0
1,113662.23,0.0,0.0,404373.91,518036.14,0
1,204431.28,677188.0,472756.72,1580225.63,1784656.9,0
0,209957.55,0.0,0.0,247037.7,456995.25,0
1,74089.07,0.0,0.0,85234.9,159323.97,0
1,92591.8,0.0,0.0,3183289.19,3275881.0,0
1,7173.5,0.0,0.0,52324.0,59497.5,0
1,262517.26,34964.0,0.0,0.0,262517.26,0
0,983910.72,0.0,0.0,1260269.93,2244180.65,0
1,367328.54,0.0,0.0,1023203.38,1390531.91,0
1,247057.19,0.0,0.0,3770232.75,4017289.94,0
0,935245.79,58354.0,0.0,1487786.84,2423032.63,0
1,350835.24,0.0,0.0,5387999.1,5738834.34,0
0,475482.19,0.0,0.0,532992.6,1008474.79,0
1,72809.72,1301.0,0.0,49997.78,122807.5,0
1,255008.04,0.0,0.0,2168025.45,2423033.49,0
1,53828.27,11998.0,0.0,0.0,53828.27,0
1,211816.96,51664.0,0.0,0.0,211816.96,0
0,466595.95,0.0,0.0,6022065.1,6488661.05,0
0,217295.2,0.0,0.0,1128429.34,1345724.54,0
1,285761.52,0.0,0.0,1632087.15,1917848.67,0
1,145109.57,0.0,0.0,6745716.33,6445998.59,0
1,220187.58,133.0,0.0,3735301.95,3955489.53,0
1,289768.44,64598.0,0.0,159536.46,449304.9,0
1,24667.49,111.0,0.0,496503.03,521170.52,0
0,1633220.45,32465.74,0.0,13117121.66,14750342.11,0
1,379977.14,0.0,0.0,3367518.09,3747495.22,0
1,113904.15,8718.0,0.0,132470.96,246375.12,0
1,34421.95,0.0,0.0,638682.91,673104.86,0
0,106076.65,42680.37,0.0,255201.72,361278.37,0
0,804599.48,0.0,0.0,1339763.97,2144363.45,0
1,360236.97,0.0,0.0,1020953.53,1412956.07,0
1,130036.97,0.0,0.0,1177139.63,1307176.6,0
1,453317.9,0.0,0.0,718110.26,913896.28,0
1,155652.51,0.0,0.0,379460.09,535112.59,0
1,352060.68,13885.0,0.0,0.0,352060.68,0
1,92500.01,309058.47,216558.46,2046990.34,2139490.35,0
0,1680839.11,0.0,0.0,9752685.53,10971340.07,0
1,123095.29,0.0,0.0,13680238.43,13803333.72,0
1,57158.45,101637.0,44478.55,0.0,57158.45,0
1,111044.38,0.0,0.0,260894.7,371939.08,0
1,169872.11,0.0,0.0,1657461.52,1827333.63,0
1,342648.28,0.0,0.0,580287.41,922935.69,0
1,10653.42,72428.0,61774.58,0.0,10653.42,0
0,46824.7,1766.0,0.0,68510.81,115335.51,0
1,205442.34,0.0,0.0,1077253.66,1282696.0,0
1,133522.53,0.0,0.0,448988.89,520965.28,0
1,41031.88,190.0,0.0,466053.83,293595.63,0
0,466893.13,0.0,0.0,3558611.75,4025504.88,0
1,189131.61,22643.0,0.0,0.0,189131.61,0
1,369513.43,32834.0,0.0,0.0,463218.28,0
1,492796.65,133622.0,0.0,208673.94,998800.47,0
1,43547.56,80934.0,37386.44,164248.75,402547.7,0
1,37408.04,0.0,0.0,41246.39,78654.43,0
0,219532.17,0.0,0.0,987342.56,1206874.72,0
1,316442.15,103571.0,0.0,170287.58,486729.73,0
0,564713.57,0.0,0.0,1000488.48,1565202.05,0
1,112852.28,159.0,0.0,0.0,112852.28,0
1,550902.35,595595.85,44693.5,783012.08,1429694.03,0
1,185697.77,95048.0,0.0,328361.65,349987.66,0
1,429994.28,0.0,0.0,1143537.75,1573532.03,0
0,1841013.61,46544.0,0.0,0.0,1996620.47,0
1,211952.58,40476.0,0.0,58688.03,270640.61,0
1,183051.59,0.0,0.0,2931148.35,3114199.94,0
1,164164.36,0.0,0.0,1162540.72,1326705.08,0
0,890294.24,52969.0,0.0,636069.65,1526363.89,0
1,77233.35,0.0,0.0,235454.34,312687.69,0
0,348115.89,0.0,0.0,734959.9,1083075.8,0
0,554789.74,0.0,0.0,1014958.97,1569748.71,0
1,10174.31,0.0,0.0,58099.24,68273.55,0
1,166873.59,29942.0,0.0,0.0,166873.59,0
1,172224.83,2586.0,0.0,0.0,172224.83,0
1,387666.4,7456.0,0.0,0.0,387666.4,0
1,283583.6,6146.0,0.0,394003.19,677586.79,0
1,96517.1,99380.0,2862.9,115220.15,211737.25,0
1,56180.65,144506.0,88325.35,240997.07,473838.22,0
1,657.08,50070.0,49412.92,5441040.45,5441697.52,0
1,4240.7,0.0,0.0,101005.84,105246.54,0
0,816519.01,0.0,0.0,4684471.74,5500990.75,0
1,40199.26,75594.0,35394.74,1611961.42,1652160.69,0
1,379058.86,0.0,0.0,568121.88,947180.74,0
1,132402.28,0.0,0.0,2922079.24,3054481.53,0
1,369872.96,0.0,0.0,9618696.69,9988569.65,0
1,444963.33,352345.27,0.0,456263.67,901227.0,0
1,99869.9,0.0,0.0,383057.43,482927.34,0
0,178745.38,0.0,0.0,6226858.43,6405603.81,0
1,41355.57,83006.0,41650.43,0.0,41355.57,0
1,579340.3,0.0,0.0,1237082.25,1816422.55,0
1,112416.58,52111.0,0.0,456628.2,569044.78,0
1,23760.77,1807.0,0.0,2348366.7,2372127.47,0
1,176424.64,0.0,0.0,209002.58,385427.21,0
1,88912.67,767.0,0.0,4376258.79,4465171.46,0
1,197705.73,0.0,0.0,1717209.55,1997490.14,0
1,108666.65,65479.0,0.0,118547.64,227214.29,0
1,326049.04,0.0,0.0,2360014.41,2686063.45,0
0,310069.13,535945.44,225876.31,3540000.46,3850069.59,0
1,592690.73,113928.41,0.0,4033611.58,4626302.31,0
1,300659.8,56555.0,0.0,856740.09,1157399.89,0
1,30409.23,122.0,0.0,14616.42,45025.65,0
1,69746.67,0.0,0.0,15704247.92,15773994.58,0
1,275951.07,5179.0,0.0,0.0,275951.07,0
1,49892.09,21399.0,0.0,836666.24,886558.33,0
1,147045.23,20270.0,0.0,519749.41,666794.64,0
1,288695.89,0.0,0.0,896820.65,1185516.54,0
0,450619.61,0.0,0.0,706313.94,1156933.55,0
1,225554.8,132179.0,0.0,19988.0,55770.5,0
1,221822.57,127360.0,0.0,9273.24,231095.8,0
1,186133.3,0.0,0.0,951769.47,1137902.77,0
1,30490.61,0.0,0.0,640691.89,671182.5,0
1,8156.7,50592.0,42435.3,0.0,8156.7,0
1,220992.49,34740.0,0.0,206022.53,427015.03,0
1,58837.13,100535.0,41697.87,413763.03,472600.16,0
1,134413.34,53639.0,0.0,0.0,134413.34,0
1,5144.18,0.0,0.0,402656.8,407800.98,0
1,166940.05,5045.0,0.0,0.0,166940.05,0
1,108128.39,15394.0,0.0,61856.0,169984.39,0
0,645209.24,10125.0,0.0,0.0,645209.24,0
1,283390.34,13175.0,0.0,0.0,283390.34,0
0,499812.4,0.0,0.0,11265261.0,11765073.4,0
0,1159691.22,4964.0,0.0,77870.98,1237562.2,0
1,100425.1,69836.0,0.0,453042.28,553467.38,0
1,184801.26,159576.0,0.0,2576894.68,3523901.87,0
0,3139446.54,303668.21,0.0,6960863.34,10100309.87,0
0,999687.77,24671.0,0.0,21136750.2,22136437.97,0
1,21291.89,0.0,0.0,84207.15,105680.92,0
1,86.79,0.0,0.0,2811305.8,2811392.59,0
1,401382.59,0.0,0.0,653920.84,1055303.43,0
1,211352.95,12741.0,0.0,244541.41,455894.36,0
0,309549.71,3230.0,0.0,706496.62,1016046.33,0
1,271538.47,0.0,0.0,3250559.76,3522098.23,0
1,75104.46,0.0,0.0,450610.98,525715.43,0
1,136634.17,105620.0,0.0,4103835.83,4240470.0,0
1,82606.71,0.0,0.0,1460490.16,1543096.87,0
1,190494.95,0.0,0.0,1803030.63,1993525.58,0
1,118695.98,0.0,0.0,742237.84,1294228.06,0
1,170278.05,0.0,0.0,320733.37,491011.42,0
1,145745.08,0.0,0.0,147088.84,292833.93,0
1,80129.54,3879.0,0.0,0.0,119310.0,0
1,61983.46,0.0,0.0,280415.58,342399.04,0
1,148365.3,12977.0,0.0,0.0,148365.3,0
1,17619.6,21780.0,4160.4,113027.81,130647.41,0
1,240727.5,24974.0,0.0,2089510.65,2330238.15,0
1,114097.53,1819.0,0.0,93455.13,207552.66,0
0,2506657.78,0.0,0.0,11870011.96,14376669.74,0
1,182207.23,0.0,0.0,253974.73,436181.96,0
1,43850.85,433660.0,389809.15,56361.13,100211.98,0
1,184626.73,45693.0,0.0,13307.74,197934.47,0
0,658608.82,17539.0,0.0,833815.73,1492424.55,0
1,236168.24,0.0,0.0,793309.51,1029477.75,0
1,212548.14,106259.0,0.0,0.0,424052.84,0
1,185943.23,20951.0,0.0,0.0,185943.23,0
1,99804.01,5591.0,0.0,38894868.47,38994672.48,0
1,142585.03,144248.0,1662.97,404322.0,411372.6,0
1,610307.71,1528.0,0.0,0.0,610307.71,0
1,8867.09,0.0,0.0,1189838.35,1198705.44,0
1,165243.66,0.0,0.0,179556.86,344800.52,0
1,148451.36,6015.0,0.0,43530.94,191982.3,0
1,357137.08,0.0,0.0,12446491.99,12803629.07,0
0,367488.21,0.0,0.0,5830308.14,6197796.35,0
0,1489433.43,0.0,0.0,3474564.67,4963998.1,0
1,238059.94,98.0,0.0,707584.01,945643.95,0
0,592379.28,0.0,0.0,5098396.66,5690775.94,0
1,21114.97,5840.0,0.0,0.0,21114.97,0
1,14618.76,0.0,0.0,308015.31,322634.07,0
0,783361.01,204359.0,0.0,44301687.35,45085048.37,0
1,50209.14,0.0,0.0,1294406.1,1344615.24,0
1,63880.75,6192.0,0.0,1376336.96,1440217.71,0
1,164078.2,21053.0,0.0,0.0,164078.2,0
1,172166.47,0.0,0.0,366247.55,538414.02,0
1,357840.38,0.0,0.0,1493669.82,1851510.2,0
0,510903.16,0.0,0.0,6054028.31,6564931.47,0
1,114699.61,50417.0,0.0,1317350.82,1432050.42,0
0,485389.82,0.0,0.0,508061.51,993451.33,0
1,27538.21,71210.0,43671.79,839430.93,866969.14,0
1,51285.38,10779.0,0.0,4821373.32,4872658.69,0
1,394344.68,39232.0,0.0,1181331.11,1666356.96,0
1,51598.98,124479.08,72880.1,116247.33,167846.31,0
1,494132.75,30098.0,0.0,286339.79,780472.54,0
1,60714.82,268031.0,207316.18,2483779.41,2544494.23,0
0,1901127.96,0.0,0.0,2265395.33,4166523.29,0
1,89022.39,5640.0,0.0,0.0,89022.39,0
1,135405.08,469953.0,334547.92,0.0,135405.08,0
1,324469.56,2666.0,0.0,7622647.4,7947116.96,0
0,288174.43,0.0,0.0,3961385.6,4249560.03,0
1,358450.08,0.0,0.0,697956.94,1056407.01,0
0,421490.23,0.0,0.0,1383383.76,1964060.61,0
1,55689.21,0.0,0.0,67708.81,123398.03,0
0,444943.93,47508.0,0.0,88462.08,533406.02,0
1,195407.09,5534.0,0.0,331494.65,526901.73,0
1,131733.62,0.0,0.0,530181.63,661915.25,0
0,6838.03,817.19,0.0,882575.27,1137923.54,0
1,130476.49,0.0,0.0,3250825.39,3381301.88,0
1,216858.04,12945.0,0.0,0.0,216858.04,0
1,295076.56,8897.0,0.0,174557.97,469634.53,0
1,160889.09,20312.0,0.0,304019.25,464908.33,0
1,236250.12,0.0,0.0,630776.29,1171412.02,0
1,454198.12,1931.0,0.0,276639.79,730837.91,0
1,567143.2,0.0,0.0,571166.1,1138309.3,0
0,632376.07,13265.0,0.0,1083333.74,1715709.81,0
1,156961.35,0.0,0.0,2880177.77,3037139.12,0
1,270427.04,0.0,0.0,340399.66,758529.6,0
1,269455.16,19679.0,0.0,0.0,269455.16,0
1,206366.19,9002.0,0.0,804211.18,1010577.36,0
0,1947831.96,1947831.96,0.0,0.0,0.0,1
1,112169.19,0.0,0.0,1019564.4,1131733.6,0
1,55429.68,0.0,0.0,239439.26,294868.94,0
0,421177.6,9000.0,0.0,91805.96,512983.56,0
1,54135.57,170070.0,115934.43,4402330.51,4456466.09,0
1,354973.12,0.0,0.0,2088313.92,2443287.04,0
0,416599.81,133541.0,0.0,0.0,416599.81,0
1,230957.71,125689.29,0.0,1041369.3,1272327.01,0
0,742439.53,0.0,0.0,4936911.79,5679351.32,0
1,62126.56,60684.0,0.0,192538.52,353807.87,0
1,123099.28,0.0,0.0,2030281.64,2153380.92,0
1,202715.94,23623.0,0.0,3867163.55,4069879.49,0
1,4751.05,0.0,0.0,1193114.37,1197865.43,0
1,49251.43,28.0,0.0,0.0,49251.43,0
0,358795.55,285190.36,0.0,930792.9,1289588.44,0
0,508774.58,0.0,0.0,2357537.87,2866312.45,0
1,127235.81,0.0,0.0,1428261.43,1555497.24,0
1,67802.28,315.0,0.0,0.0,67802.28,0
1,4312.26,0.0,0.0,1177322.39,1051862.46,0
1,509308.91,0.0,0.0,15011257.68,15520566.59,0
0,732518.52,0.0,0.0,9091124.81,9823643.33,0
1,344814.04,45121.0,0.0,2229462.97,2574277.01,0
1,88513.87,25425.0,0.0,0.0,88513.87,0
1,313915.72,0.0,0.0,390000.67,705054.82,0
1,1484.62,0.0,0.0,787885.21,789369.83,0
1,113851.32,603191.55,489340.22,1875878.5,1989729.83,0
1,180551.4,0.0,0.0,338287.37,518838.77,0
1,331360.51,0.0,0.0,522042.45,853402.96,0
0,1295788.54,0.0,0.0,1577218.02,2873006.56,0
1,135558.36,0.0,0.0,586722.06,722280.42,0
0,697554.17,0.0,0.0,764546.83,1462101.0,0
1,577168.11,973.0,0.0,1287111.79,1864279.9,0
1,80293.41,0.0,0.0,447879.7,528173.11,0
1,134045.77,0.0,0.0,690094.95,1766904.76,0
1,96149.03,22514.0,0.0,0.0,96149.03,0
1,336062.46,7245.0,0.0,73225.93,409288.39,0
0,269187.58,21156.0,0.0,1722192.09,1991379.67,0
1,122194.41,0.0,0.0,5705477.01,5827671.42,0
1,343035.95,6625.0,0.0,0.0,343035.95,0
0,558979.77,0.0,0.0,1748996.23,2307976.0,0
1,29855.96,21209.0,0.0,324928.51,354784.48,0
1,152342.95,6100.0,0.0,0.0,152342.95,0
1,154102.9,10379.0,0.0,0.0,154102.9,0
1,94232.27,0.0,0.0,138826.08,233058.35,0
1,248222.03,45715.0,0.0,316470.14,1374296.45,0
1,261717.19,918.0,0.0,0.0,261717.19,0
1,51479.8,0.0,0.0,165779.9,253149.49,0
1,246657.27,41563.0,0.0,0.0,246657.27,0
1,24706.21,2829.72,0.0,290625.81,315332.02,0
1,241375.59,817.0,0.0,27808823.75,28050199.34,0
1,5567.45,0.0,0.0,558423.04,563990.49,0
1,218587.09,185583.0,0.0,0.0,218587.09,0
1,230231.51,0.0,0.0,363277.64,593509.15,0
1,15172.35,0.0,0.0,204957.78,220130.13,0
0,182129.79,0.0,0.0,231937.95,414067.73,0
0,4563.95,126288.76,121724.82,864915.29,869479.24,0
1,101153.92,21390.0,0.0,157414.79,258568.71,0
1,46524.15,353280.0,306755.85,220522.48,267046.63,0
1,176775.47,0.0,0.0,183639.19,360414.67,0
1,11300.04,0.0,0.0,814118.02,825418.06,0
0,314605.25,0.0,0.0,2871695.1,3186300.35,0
1,429892.77,94.0,0.0,0.0,429892.77,0
1,212214.63,10975.0,0.0,481375.6,693590.24,0
1,184314.67,30733.0,0.0,0.0,184314.67,0
1,271045.24,5531.0,0.0,109069.45,380114.69,0
1,2574.76,65871.64,63296.88,8373.95,10948.7,0
1,15759.24,23.0,0.0,0.0,15759.24,0
1,4533.64,0.0,0.0,1325033.75,1329567.39,0
1,262520.85,0.0,0.0,1191769.41,1454290.25,0
1,76971.77,61131.47,0.0,176389.47,475693.25,0
1,68078.45,0.0,0.0,2318219.97,2386298.42,0
1,95335.33,0.0,0.0,171765.51,267100.84,0
1,98945.84,15453.0,0.0,117440.67,216386.51,0
0,308283.73,53052.0,0.0,22576304.75,22884588.48,0
1,186843.47,0.0,0.0,3854585.32,4041428.79,0
1,79838.34,161370.16,81531.82,11577985.83,11657824.17,0
0,362057.59,0.0,0.0,1000672.7,1362730.29,0
1,26549.48,50520.0,23970.52,1809490.63,1836040.11,0
1,110348.53,170611.0,60262.47,0.0,110348.53,0
1,253486.14,5973.0,0.0,2579371.75,2832857.89,0
0,2089393.5,0.0,0.0,6602632.29,8692025.79,0
0,429879.29,0.0,0.0,1945296.9,2375176.19,0
1,172164.93,0.0,0.0,1075064.46,1247229.39,0
1,278289.19,0.0,0.0,1539087.05,1817376.24,0
1,474438.47,22005.0,0.0,347356.35,821794.83,0
1,303322.04,0.0,0.0,1274222.68,1577544.72,0
0,332292.31,0.0,0.0,484939.82,817232.13,0
1,160209.91,2213.0,0.0,3860139.86,4020349.77,0
1,34225.65,0.0,0.0,126463.35,160689.0,0
1,116696.0,0.0,0.0,260928.83,377624.83,0
1,64579.41,127229.0,62649.59,16342.52,80921.93,0
1,46859.47,21275.19,0.0,113664.91,160524.38,0
1,342215.01,103853.0,0.0,1034923.56,1377138.57,0
1,220426.03,0.0,0.0,454040.79,674466.82,0
0,1238208.99,0.0,0.0,2811609.42,4049818.42,0
0,94993.46,0.0,0.0,221575.52,316568.97,0
0,737640.85,0.0,0.0,2060266.06,2797906.91,0
0,3741136.08,6039.0,0.0,0.0,3741136.08,0
1,126586.76,0.0,0.0,188167.17,314753.93,0
1,310477.79,72059.0,0.0,689315.46,999793.25,0
1,16405.95,60207.0,43801.05,115098.19,131504.14,0
0,539045.98,13476.0,0.0,293037.55,832083.53,0
1,140912.04,24827.0,0.0,182441.13,335080.46,0
1,52318.62,0.0,0.0,164545.0,216863.62,0
1,113739.32,106442.46,0.0,11281790.95,11395530.26,0
1,416560.6,72721.0,0.0,0.0,416560.6,0
0,204654.79,20847.0,0.0,0.0,204654.79,0
1,205132.95,227482.0,22349.05,0.0,205132.95,0
1,283469.5,0.0,0.0,5555972.81,5839442.31,0
1,240476.14,13665.0,0.0,0.0,240476.14,0
1,172831.71,561117.61,388285.9,750572.36,923404.06,0
1,167139.94,0.0,0.0,1824113.26,1991253.2,0
1,24806.37,21645.0,0.0,2118927.17,2143733.53,0
1,249238.21,0.0,0.0,2473683.56,2722921.77,0
0,162291.05,0.0,0.0,3011208.37,3173499.42,0
1,283655.8,5515.0,0.0,0.0,283655.8,0
1,31745.72,291.0,0.0,0.0,31745.72,0
1,109023.75,0.0,0.0,2035465.01,2144488.76,0
1,73674.84,8089.0,0.0,0.0,73674.84,0
1,195707.14,0.0,0.0,11292639.74,11488346.89,0
1,35947.67,0.0,0.0,315056.49,351004.17,0
1,158032.19,0.0,0.0,159891.0,0.0,0
1,96902.06,42823.0,0.0,250102.36,347004.42,0
1,138181.84,72523.0,0.0,209793.63,347975.47,0
1,218144.11,0.0,0.0,621237.49,839381.59,0
1,130224.28,52173.0,0.0,0.0,130224.28,0
1,41901.73,2135.0,0.0,3941302.95,3983204.68,0
0,51271.0,0.0,0.0,2935123.25,2986394.25,0
1,62704.09,214427.43,151723.33,1576132.18,1638836.27,0
1,99778.83,0.0,0.0,320555.83,420334.66,0
0,105588.94,967186.0,861597.06,35459.03,141047.97,0
1,369130.22,24949.0,0.0,150457.91,519588.13,0
1,262271.79,0.0,0.0,1443323.3,1705595.1,0
1,159167.99,100425.0,0.0,0.0,159167.99,0
1,259526.53,37541.0,0.0,0.0,259526.53,0
0,134229.74,523035.0,388805.26,0.0,134229.74,0
1,405007.98,0.0,0.0,2111410.53,2516418.51,0
1,152949.83,225555.0,72605.17,0.0,152949.83,0
1,215726.16,0.0,0.0,1309669.39,1525395.55,0
1,176005.53,881460.75,705455.22,100597.0,0.0,0
1,30730.46,0.0,0.0,6588469.44,6619199.9,0
1,110773.7,0.0,0.0,331784.08,442557.79,0
1,196060.2,0.0,0.0,718134.3,914194.5,0
1,330346.68,0.0,0.0,694162.6,1024509.28,0
0,1758218.26,79686.0,0.0,0.0,1758218.26,0
1,277796.33,0.0,0.0,5251639.57,5529435.9,0
1,12056.23,0.0,0.0,269022.56,281078.79,0
1,210213.25,0.0,0.0,1726995.9,1937209.15,0
0,325065.24,5128.0,0.0,247565.49,572630.73,0
1,140978.37,0.0,0.0,2798461.82,2939440.19,0
1,133873.7,0.0,0.0,234371.18,209542.79,0
1,12219.07,52135.0,39915.93,98410.96,110630.03,0
1,110079.51,195369.97,85290.46,263428.91,373508.41,0
0,92074.88,0.0,0.0,308335.32,400410.2,0
1,184588.68,154746.0,0.0,2717047.88,2901636.55,0
1,267738.83,20283.0,0.0,199869.23,467608.07,0
1,179477.92,58980.0,0.0,0.0,179477.92,0
1,144778.59,15503.0,0.0,19525412.63,19670191.23,0
1,279956.81,0.0,0.0,3181861.28,3461818.09,0
1,781434.85,51474.0,0.0,32883.79,814318.64,0
1,254524.34,52139.0,0.0,0.0,254524.34,0
1,44488.17,33599.0,0.0,602227.82,646715.98,0
0,166784.34,9612.66,0.0,4583510.17,4750294.51,0
1,412251.82,22549.0,0.0,0.0,412251.82,0
0,1131665.43,0.0,0.0,6871122.11,8002787.55,0
1,138371.48,0.0,0.0,428755.9,567127.38,0
0,83074.58,2077.0,0.0,0.0,83074.58,0
1,183340.93,0.0,0.0,674746.51,537040.5,0
1,122669.79,0.0,0.0,583596.91,706266.69,0
1,74042.39,162155.65,88113.26,12488877.15,12562919.54,0
1,22518.02,66708.74,44190.72,1785576.9,1808094.91,0
0,63602.88,0.0,0.0,712055.16,775658.04,0
1,275137.26,308641.0,33503.74,0.0,275137.26,0
0,213727.27,0.0,0.0,594023.34,807750.61,0
1,603665.26,125517.61,0.0,10639681.6,12486103.73,0
1,142124.64,337051.0,194926.36,101337.16,243461.8,0
0,247525.75,110513.0,0.0,148931.75,396457.5,0
1,352837.47,521315.21,168477.75,1019792.13,2504203.36,0
1,128988.74,451709.6,322720.86,1264372.99,1393361.73,0
1,261824.34,10051.0,0.0,3814673.03,4076497.37,0
1,319170.6,32007.0,0.0,46079.98,365250.58,0
1,170825.76,298.0,0.0,991409.38,1162235.14,0
0,1073056.13,0.0,0.0,1538247.18,2611303.31,0
1,54875.31,1870.0,0.0,0.0,29769.49,0
0,421520.68,80772.0,0.0,31429.67,290772.6,0
1,116350.1,0.0,0.0,2303748.55,2420098.65,0
0,157208.83,0.0,0.0,241830.21,399039.04,0
0,14800.1,0.0,0.0,258507.66,273307.76,0
1,277984.61,35519.0,0.0,29820.32,307804.92,0
1,303266.4,16966.33,0.0,6376471.83,6679738.23,0
0,67499.12,0.0,0.0,93823.33,161322.45,0
1,158332.97,0.0,0.0,807410.38,1088400.93,0
1,332650.15,0.0,0.0,1459881.01,1792531.16,0
0,131120.32,0.0,0.0,1553493.93,1471945.15,0
1,159508.8,0.0,0.0,555855.48,715364.28,0
1,74674.07,0.0,0.0,211133.14,285807.22,0
1,165595.46,0.0,0.0,1784582.15,1950177.62,0
1,223140.17,0.0,0.0,7358058.32,7581198.49,0
1,208708.83,16144.0,0.0,35713.24,244422.07,0
1,320626.27,26922.0,0.0,1544804.22,2221788.92,0
0,486093.82,0.0,0.0,1495057.09,1981150.91,0
1,470150.44,0.0,0.0,1259743.32,1729893.75,0
1,35027.09,694.0,0.0,0.0,35027.09,0
1,115997.54,34174.0,0.0,252283.61,368281.15,0
1,378474.89,0.0,0.0,28548919.39,28927394.29,0
1,527157.66,58639.0,0.0,2075728.62,2694619.38,0
1,36810.91,368250.41,331439.5,723965.53,760776.44,0
1,425000.07,617224.03,192223.96,476789.06,901789.13,0
1,39334.2,12453.0,0.0,1733070.15,1772404.34,0
1,142218.74,127605.0,0.0,10029.1,152247.84,0
0,325823.03,0.0,0.0,1470434.64,1796257.67,0
1,144021.67,113988.29,0.0,1056898.31,1200919.98,0
1,236402.5,538144.0,301741.5,165814.66,402217.17,0
0,108041.41,88428.0,0.0,1164315.17,1272356.57,0
1,231251.92,30621.0,0.0,995500.55,2305675.07,0
1,249894.21,0.0,0.0,319288.03,569182.25,0
1,69031.38,389700.07,320668.69,0.0,69031.38,0
1,532528.96,10785.0,0.0,163548.63,696077.59,0
1,5221.45,41082.0,35860.55,385931.1,391152.55,0
1,345674.25,0.0,0.0,372659.34,718333.59,0
0,310019.01,0.0,0.0,16762861.65,17072880.65,0
1,279173.91,25692.0,0.0,269385.25,548559.15,0
1,125368.03,31800.0,0.0,2924285.1,3049653.13,0
1,226626.96,21568.0,0.0,69413.76,296040.72,0
0,423795.72,0.0,0.0,853130.21,1276925.93,0
0,939066.56,225445.0,0.0,0.0,939066.56,0
1,300055.58,0.0,0.0,543830.35,843885.93,0
1,92933.2,25883.0,0.0,1203649.76,1296582.96,0
0,1882107.19,0.0,0.0,2382455.14,4264562.32,0
1,333927.49,62107.0,0.0,2030902.63,2364830.12,0
1,177975.3,0.0,0.0,374196.54,552171.84,0
1,231103.14,9292.0,0.0,756237.21,987340.35,0
1,177976.45,19925.0,0.0,1471320.77,1649297.22,0
1,91662.77,0.0,0.0,3859247.34,3950910.11,0
1,116608.82,21531.0,0.0,0.0,116608.82,0
1,109681.72,541.0,0.0,86175.34,195857.06,0
1,288116.15,82032.0,0.0,677384.61,965500.76,0
0,1047601.94,40804.0,0.0,2955445.7,4003047.63,0
0,87574.14,151358.0,63783.86,7647398.33,7734972.47,0
0,1310850.96,31034.0,0.0,12242.0,1494587.43,0
1,215675.31,20799.0,0.0,354517.25,570192.56,0
1,63703.64,0.0,0.0,8973960.93,9037664.58,0
1,55016.96,30498.25,0.0,188651.5,243668.46,0
1,467712.55,71820.0,0.0,418591.98,886304.53,0
1,14573.07,114807.0,100233.93,497093.49,511666.56,0
1,340563.23,16108.0,0.0,113495.72,454058.94,0
1,291247.55,0.0,0.0,397841.13,689088.68,0
1,179208.33,40695.0,0.0,282769.19,461977.52,0
0,4959.99,306.0,0.0,11250.44,16210.43,0
1,135815.7,22539.0,0.0,2552513.87,2688329.57,0
1,3939.71,105303.0,101363.29,16140.42,20080.13,0
0,192266.32,0.0,0.0,4416861.83,4609128.15,0
1,246302.46,1516.0,0.0,1762681.33,2008983.79,0
1,246425.97,135089.0,0.0,0.0,246425.97,0
1,260998.73,74179.0,0.0,205902.7,466901.44,0
1,343817.15,88477.0,0.0,972943.52,1316760.67,0
1,9898.44,27649.0,17750.56,2348469.7,2358368.14,0
1,103682.82,61313.0,0.0,0.0,103682.82,0
1,71747.14,187711.0,115963.86,31364.43,103111.57,0
1,98275.22,11465.0,0.0,0.0,98275.22,0
1,104189.63,0.0,0.0,138395.93,242585.56,0
0,180723.71,0.0,0.0,777210.7,957934.41,0
1,459732.99,480.0,0.0,0.0,459732.99,0
1,366725.57,36000.0,0.0,0.0,366725.57,0
1,244808.1,226033.0,0.0,398730.54,643538.65,0
1,167827.57,468315.33,300487.75,833226.82,752274.73,0
1,67115.7,70323.0,3207.3,891388.52,958504.23,0
1,25289.56,0.0,0.0,2131825.52,2157115.08,0
1,130525.23,30364.0,0.0,0.0,130525.23,0
1,41708.6,0.0,0.0,275942.82,317651.42,0
1,59982.13,10212.0,0.0,214075.73,274057.86,0
1,187372.7,139.0,0.0,422053.61,609426.31,0
1,44198.53,0.0,0.0,581269.6,625468.13,0
0,553355.4,2700.19,0.0,1545253.15,2098608.55,0
0,1551341.8,21530.0,0.0,0.0,1417746.29,0
1,50228.19,5209.0,0.0,138721.33,188949.52,0
1,210198.02,4166.0,0.0,0.0,210198.02,0
1,127562.35,2062.0,0.0,1995223.45,2122785.8,0
1,92118.3,13344.0,0.0,0.0,92118.3,0
1,258715.81,50284.0,0.0,98538.96,357254.77,0
1,323557.94,49779.0,0.0,0.0,323557.94,0
1,163577.29,21385.0,0.0,0.0,163577.29,0
0,10000000.0,77.0,0.0,0.0,19604233.32,0
1,77296.27,23245.0,0.0,154330.46,231626.73,0
1,46953.81,0.0,0.0,501981.24,548935.05,0
1,70022.35,0.0,0.0,680939.66,750962.0,0
1,65920.71,0.0,0.0,116947.03,182867.74,0
1,278300.03,1406.0,0.0,1656091.52,2141791.24,0
0,415364.47,33635.0,0.0,0.0,415364.47,0
1,68628.88,0.0,0.0,1094860.36,1163489.24,0
0,148005.34,0.0,0.0,1026205.44,1174210.78,0
1,61145.86,0.0,0.0,7123338.23,7184484.08,0
1,121526.6,147.0,0.0,2630816.72,2752343.31,0
1,56313.54,21489.0,0.0,470332.65,526646.19,0
0,79126.3,0.0,0.0,468758.79,547885.1,0
1,41796.74,16055.0,0.0,0.0,41796.74,0
1,233284.31,36897.0,0.0,200287.22,433571.54,0
1,96497.38,61552.0,0.0,122372.2,218869.57,0
1,18256.87,0.0,0.0,572825.12,591081.98,0
0,203350.59,0.0,0.0,624366.28,827716.87,0
0,507686.37,31061.0,0.0,60662.59,568348.96,0
1,245325.28,50150.0,0.0,215800.17,461125.44,0
0,137211.02,0.0,0.0,253697.46,390908.49,0
1,60055.79,326.0,0.0,3129731.58,3189787.37,0
1,199776.71,74831.12,0.0,1769141.9,2314521.87,0
1,356282.66,50193.0,0.0,147280.97,503563.64,0
1,131277.46,0.0,0.0,540906.66,672184.12,0
1,214205.5,0.0,0.0,466923.71,681129.21,0
1,182932.55,96431.0,0.0,0.0,182932.55,0
1,389650.86,0.0,0.0,972118.03,1361768.89,0
1,435517.09,75508.0,0.0,15108.52,450625.61,0
1,198324.52,0.0,0.0,1305294.01,1718390.2,0
1,90695.41,6644.15,0.0,117000.2,207695.6,0
1,14256.77,0.0,0.0,20986027.45,21000284.21,0
1,113694.38,298.0,0.0,0.0,113694.38,0
1,184388.7,9150.0,0.0,12536782.38,12721171.08,0
1,96973.06,1247.0,0.0,1433325.03,1530298.1,0
1,103710.64,3504.0,0.0,0.0,103710.64,0
1,235956.75,0.0,0.0,2664384.57,2900341.33,0
0,121623.85,0.0,0.0,164497.53,286121.39,0
1,68967.97,62062.0,0.0,257447.71,326415.68,0
1,137523.71,3915.0,0.0,345437.0,482960.71,0
1,129082.36,0.0,0.0,155250.56,284332.92,0
1,407617.84,201851.0,0.0,472733.85,880351.69,0
0,17800.72,0.0,0.0,77303.02,95103.74,0
1,84852.0,2983.22,0.0,517160.05,602012.05,0
1,59200.98,84668.0,25467.02,0.0,59200.98,0
1,4951.3,0.0,0.0,3775775.06,3780726.36,0
1,101167.34,0.0,0.0,1402245.36,1503412.7,0
1,158303.26,0.0,0.0,906113.75,1064417.01,0
0,410410.6,191729.0,0.0,0.0,410410.6,0
1,245309.92,0.0,0.0,4220650.3,4465960.22,0
0,1567905.62,431517.0,0.0,0.0,1567905.62,0
1,33724.67,0.0,0.0,118002.28,151726.95,0
1,471270.83,0.0,0.0,977661.01,1448931.85,0
1,351835.31,79228.0,0.0,0.0,351835.31,0
1,117779.51,0.0,0.0,2099128.5,2216908.01,0
1,41692.9,0.0,0.0,772359.73,814052.63,0
0,115989.9,0.0,0.0,540254.06,656243.95,0
1,151227.13,798261.0,647033.87,173140.94,324368.07,0
1,153007.21,0.0,0.0,769775.98,922783.19,0
1,145092.6,8094.0,0.0,14080.16,159172.76,0
1,31911.98,0.0,0.0,335708.13,367620.11,0
1,66708.27,205139.0,138430.73,21967.86,88676.13,0
1,160407.64,0.0,0.0,162245.56,322653.2,0
1,245691.31,26788.0,0.0,158723.5,404414.81,0
1,88577.21,0.0,0.0,656145.48,744722.69,0
1,76800.36,39724.0,0.0,2147456.51,2224256.87,0
1,374243.91,0.0,0.0,466546.54,840790.45,0
1,340685.87,0.0,0.0,2909750.26,3250436.14,0
1,104458.55,0.0,0.0,805170.25,909628.8,0
0,840265.39,206027.0,0.0,0.0,840265.39,0
0,705012.08,0.0,0.0,5264455.77,5969467.85,0
1,36976.37,1424.0,0.0,0.0,36976.37,0
1,186534.43,0.0,0.0,493333.83,679868.26,0
1,9614.47,0.0,0.0,5189941.69,5199556.16,0
1,269671.68,42380.0,0.0,78399.65,348071.33,0
1,255116.32,79557.0,0.0,42168.62,297284.93,0
1,331443.79,0.0,0.0,6231715.48,6563159.26,0
1,95837.51,9027.0,0.0,776983.07,872820.58,0
0,491981.89,116112.0,0.0,0.0,491981.89,0
0,1096467.77,892.0,0.0,220012.33,1316480.09,0
1,143658.39,10814.0,0.0,213431.23,357089.62,0
1,102450.97,187469.0,85018.03,203754.5,306205.47,0
1,131926.81,1625.0,0.0,0.0,131926.81,0
0,110276.13,0.0,0.0,1643236.06,1753512.19,0
1,176058.18,170900.0,0.0,121815.38,297873.56,0
1,276709.02,11208.0,0.0,256116.64,532825.66,0
0,887655.6,0.0,0.0,1346193.24,2233848.84,0
1,123375.96,7566.0,0.0,0.0,123375.96,0
1,236668.68,204759.25,0.0,2710594.74,2947263.42,0
0,681429.82,0.0,0.0,2254556.4,2935986.22,0
1,764149.72,51716.0,0.0,0.0,764149.72,0
1,302654.11,0.0,0.0,696513.79,999167.91,0
0,477425.55,0.0,0.0,722638.28,1200063.83,0
1,169463.53,0.0,0.0,176204.25,345667.78,0
0,412877.34,0.0,0.0,608224.11,1021101.46,0
1,539187.37,0.0,0.0,1525568.61,2064755.98,0
1,372889.28,30502.0,0.0,0.0,372889.28,0
1,72227.61,0.0,0.0,21639813.46,21712041.07,0
1,15947.97,0.0,0.0,19553.8,35501.76,0
1,217748.88,0.0,0.0,297929.41,515678.29,0
1,297646.84,11436.0,0.0,912278.24,1209925.08,0
1,48557.37,10464.0,0.0,6838.32,55395.69,0
1,40740.63,11758.0,0.0,9725590.91,9766331.54,0
1,525425.68,288.0,0.0,880329.82,1512581.76,0
1,129833.83,336164.0,206330.17,2608633.74,2738467.57,0
0,206045.38,131211.0,0.0,4358158.13,4564203.51,0
1,71146.98,40389.0,0.0,524979.77,596126.74,0
1,473655.88,33796.0,0.0,0.0,473655.88,0
0,4541889.87,0.0,0.0,18767532.91,23309422.78,0
0,1818226.0,0.0,0.0,3239054.95,5057280.95,0
1,319337.84,109.0,0.0,698052.01,1017389.85,0
1,265746.33,0.0,0.0,1606277.21,1872023.54,0
1,147462.47,19851.0,0.0,0.0,147462.47,0
0,718667.2,24491.0,0.0,205709.92,924377.12,0
1,26389.94,251.0,0.0,1041252.04,1067641.98,0
1,261029.64,22262.0,0.0,3230128.47,3491158.11,0
1,128032.76,24594.0,0.0,0.0,128032.76,0
1,348340.14,0.0,0.0,665953.77,1014293.91,0
1,113031.5,0.0,0.0,823462.32,582051.17,0
1,138220.32,0.0,0.0,520165.55,658385.87,0
1,225475.2,0.0,0.0,403699.04,629174.24,0
1,85648.81,0.0,0.0,452026.91,169072.61,0
1,55699.81,271165.0,215465.19,193062.11,248761.92,0
1,156731.44,0.0,0.0,1019058.58,1175790.02,0
1,313004.86,102764.0,0.0,1633998.3,1947003.16,0
0,292581.29,0.0,0.0,1651620.52,2369295.38,0
1,3523.61,40073.0,36549.39,527276.81,530800.41,0
1,72837.69,0.0,0.0,1539363.27,1612200.95,0
0,788741.6,149941.0,0.0,0.0,788741.6,0
1,116934.25,25283.0,0.0,101594.31,218528.56,0
1,17270.14,377592.12,360321.98,118137.8,135407.94,0
1,220756.4,43267.0,0.0,0.0,220756.4,0
1,42240.51,0.0,0.0,4311861.22,4354101.73,0
1,255017.23,0.0,0.0,387331.81,642349.04,0
0,73206.53,0.0,0.0,145855.78,219062.31,0
1,64994.02,0.0,0.0,390719.89,455713.91,0
1,256372.75,0.0,0.0,2744527.86,3000900.61,0
1,121471.39,24311.0,0.0,855172.42,976643.81,0
0,273375.52,83495.0,0.0,46091.0,593193.68,0
1,169090.03,8244.0,0.0,0.0,169090.03,0
1,288351.43,50455.0,0.0,2191083.11,2479434.53,0
1,173774.07,0.0,0.0,336908.83,510682.9,0
1,61411.89,0.0,0.0,331232.55,392644.44,0
0,368688.44,0.0,0.0,2949825.44,3318513.87,0
1,80145.07,0.0,0.0,2343535.52,2423680.59,0
1,144762.95,50977.0,0.0,92600.71,237363.66,0
1,277915.77,0.0,0.0,2546031.91,2823947.69,0
1,84412.87,0.0,0.0,1216431.26,1300844.13,0
0,2135729.74,0.0,0.0,3758472.56,5894202.29,0
1,227675.5,0.0,0.0,2862627.91,3090303.42,0
0,1707610.49,0.0,0.0,2617043.8,4324654.29,0
1,73667.05,20976.0,0.0,1272451.22,1346118.27,0
0,2224618.15,0.0,0.0,2300622.7,4525240.85,0
1,222399.93,406.0,0.0,834064.58,1056464.51,0
0,242585.94,0.0,0.0,1163677.52,1406263.46,0
1,276208.72,0.0,0.0,2294085.98,2570294.69,0
1,73467.05,0.0,0.0,224763.3,314357.24,0
1,58065.63,11381.0,0.0,14855.0,0.0,0
1,115446.87,37967.18,0.0,366452.67,481899.54,0
1,63367.26,107016.0,43648.74,197317.67,260684.93,0
1,128044.18,0.0,0.0,381005.68,509049.86,0
1,44214.52,0.0,0.0,72924.51,117139.03,0
1,275999.68,651.0,0.0,7771512.66,10464208.87,0
1,172043.01,0.0,0.0,240952.88,412995.89,0
0,153245.58,0.0,0.0,1577939.09,1731184.67,0
1,376812.53,0.0,0.0,648523.43,1025335.95,0
1,192480.96,15560.0,0.0,0.0,192480.96,0
0,305992.32,22479.0,0.0,164090.61,470082.93,0
0,298400.33,43098.0,0.0,436741.66,735141.99,0
1,133153.48,51973.0,0.0,2509455.21,2642608.68,0
1,469783.35,0.0,0.0,986788.56,1456571.91,0
1,218115.18,0.0,0.0,2156724.85,2374840.03,0
1,158696.06,4119.0,0.0,257348.99,416045.05,0
1,6561.1,0.0,0.0,109839.71,116400.81,0
0,1783936.86,0.0,0.0,2758872.32,4542809.17,0
0,1221752.82,32580.0,0.0,431551.34,1653304.17,0
0,1405936.82,0.0,0.0,5757070.45,7163007.26,0
1,134397.87,13113.0,0.0,0.0,134397.87,0
1,224875.25,389474.0,164598.75,151010.78,375886.03,0
0,918506.44,0.0,0.0,922777.08,1841283.51,0
0,14741.58,5563.0,0.0,0.0,14741.58,0
1,194572.29,19903.0,0.0,188417.07,382989.36,0
1,101114.36,932393.0,831278.64,0.0,101114.36,0
1,232937.98,209.0,0.0,3441878.26,3674816.25,0
0,86328.27,0.0,0.0,1650695.92,1737024.19,0
0,548270.68,15.0,0.0,6350410.65,6898681.32,0
1,149493.49,0.0,0.0,286347.71,625772.91,0
1,380716.81,4573.0,0.0,0.0,380716.81,0
1,35579.59,42437.0,6857.41,92654.69,128234.28,0
1,78094.82,1578.0,0.0,0.0,78094.82,0
1,195387.87,10782.0,0.0,0.0,195387.87,0
0,1207742.84,0.0,0.0,1356699.28,2564442.11,0
1,309986.25,338714.0,28727.75,352249.05,662235.3,0
1,377702.81,0.0,0.0,499401.1,877103.91,0
1,40389.27,20057.0,0.0,27736.59,68125.86,0
0,1319191.84,15810.0,0.0,175448.83,1494640.67,0
1,263676.54,0.0,0.0,3584366.46,3848043.0,0
1,112500.84,0.0,0.0,115271.44,227772.29,0
1,15500.72,65002.0,49501.28,0.0,15500.72,0
1,215536.0,88.0,0.0,1382115.17,1655997.51,0
1,97598.96,0.0,0.0,390392.92,487991.88,0
1,102546.67,314227.78,211681.11,1965213.75,2067760.41,0
1,322381.33,0.0,0.0,523111.72,845493.05,0
0,1040427.91,45223.0,0.0,1845656.22,2886084.13,0
1,75507.93,0.0,0.0,5624195.11,5699703.04,0
0,1020816.32,308946.75,0.0,2889991.76,3910808.08,0
1,499513.9,0.0,0.0,7739644.53,8239158.44,0
1,163633.15,2001.0,0.0,0.0,163633.15,0
1,139530.84,0.0,0.0,5937130.71,6076661.54,0
0,26068.51,0.0,0.0,509100.8,535169.31,0
1,236554.15,0.0,0.0,4114021.86,4350576.01,0
1,258694.65,40226.0,0.0,78574.07,337268.72,0
0,723297.42,0.0,0.0,1817731.8,2541029.22,0
1,25324.9,21689.0,0.0,157138.83,182463.73,0
1,417844.44,109023.0,0.0,75881.08,0.0,0
1,121282.11,6361.0,0.0,3114123.67,3235405.78,0
1,212646.59,0.0,0.0,977846.97,1190493.56,0
1,251355.81,53052.11,0.0,472520.82,723876.63,0
1,143000.95,0.0,0.0,673574.4,816575.34,0
1,9782.61,0.0,0.0,108050.4,117833.01,0
1,17118.05,0.0,0.0,1149002.43,1166120.48,0
1,198417.54,0.0,0.0,595392.53,793810.06,0
1,22035.56,237007.95,214972.38,233836.44,255872.01,0
1,260336.81,8563.0,0.0,266785.37,527122.18,0
0,104139.51,25872.0,0.0,36537.1,140676.61,0
1,134984.26,0.0,0.0,14222707.29,14357691.55,0
1,93602.08,0.0,0.0,17153418.76,17247020.84,0
1,185954.27,247.0,0.0,1375425.96,1561380.23,0
1,68355.87,83405.0,15049.13,308296.55,376652.42,0
1,98924.51,0.0,0.0,1353757.0,1452681.5,0
1,86590.37,558168.0,471577.63,163229.8,249820.17,0
1,128851.08,37762.0,0.0,93315.93,222167.01,0
1,27498.98,21169.0,0.0,0.0,27498.98,0
1,17519.44,425.0,0.0,1105980.37,1123499.82,0
0,1675397.23,31143.0,0.0,0.0,1675397.23,0
1,93649.47,59417.82,0.0,5187380.36,5091739.27,0
1,207080.22,50508.0,0.0,0.0,207080.22,0
1,81278.45,0.0,0.0,3111881.28,3193159.74,0
1,539850.29,342700.69,0.0,2920559.4,3460409.69,0
1,336611.2,0.0,0.0,390765.8,727377.0,0
0,311983.35,19901.0,0.0,0.0,311983.35,0
1,41201.08,130319.73,89118.66,626721.42,667922.5,0
1,98338.99,41101.0,0.0,61739.65,160078.64,0
0,284318.0,14243.0,0.0,3240691.09,3512182.96,0
1,640287.34,0.0,0.0,693312.77,1333600.11,0
1,112037.32,0.0,0.0,750532.98,862570.3,0
1,281101.75,0.0,0.0,848870.17,1129971.93,0
1,313811.61,16359.0,0.0,3708387.73,4022199.33,0
1,100839.56,530306.7,429467.14,3300036.39,3400875.95,0
1,446499.26,3111.0,0.0,6032.11,452531.37,0
1,352192.68,0.0,0.0,10587596.03,10939788.71,0
0,402157.81,0.0,0.0,742606.59,1144764.4,0
1,99243.9,0.0,0.0,6779378.96,6878622.86,0
1,439663.83,202759.83,0.0,748525.33,1188189.16,0
1,665674.12,0.0,0.0,6007245.39,6672919.51,0
1,107486.53,0.0,0.0,646392.37,867589.95,0
1,308722.91,14915.0,0.0,264255.28,572978.19,0
1,166334.59,39992.0,0.0,8442013.97,8608348.57,0
0,200345.11,0.0,0.0,9714685.12,9915030.23,0
1,231955.06,1404.0,0.0,2548745.43,2780700.48,0
1,72755.96,0.0,0.0,735322.34,808078.3,0
1,99504.63,0.0,0.0,458312.31,557816.94,0
1,294775.69,1724.09,0.0,391177.55,685953.24,0
1,198977.93,94431.0,0.0,5173.0,71525.77,0
1,128972.55,14022.0,0.0,0.0,128972.55,0
1,297603.86,19829.0,0.0,470715.86,768319.72,0
0,230843.92,0.0,0.0,817859.13,1048703.05,0
1,197940.81,18801.0,0.0,170263.44,368204.25,0
1,255882.75,0.0,0.0,502643.87,758526.62,0
1,513865.6,0.0,0.0,593983.3,1107848.9,0
1,140199.2,0.0,0.0,425285.21,565484.41,0
1,161798.25,39901.0,0.0,0.0,161798.25,0
1,38066.83,0.0,0.0,436676.85,474743.68,0
1,303171.51,60994.0,0.0,178771.74,481943.25,0
1,132113.27,0.0,0.0,146344.33,278457.6,0
1,362733.7,34232.0,0.0,179234.67,541968.37,0
1,113935.91,19811.0,0.0,10822709.38,11987751.47,0
1,81929.13,0.0,0.0,501361.4,583290.53,0
1,419802.54,0.0,0.0,5473854.99,5893657.53,0
1,147633.5,31780.0,0.0,0.0,147633.5,0
1,133526.01,0.0,0.0,280047.68,413573.69,0
1,177421.09,1119.0,0.0,1487647.55,1665068.64,0
1,93283.81,0.0,0.0,779923.47,845235.69,0
1,32949.22,0.0,0.0,3689206.42,3722155.64,0
0,12565524.78,0.0,0.0,17251311.1,29816835.88,0
1,49438.4,0.0,0.0,583178.5,632616.9,0
1,96941.23,0.0,0.0,686726.52,783667.75,0
1,52671.89,26677.03,0.0,59225.68,111897.57,0
0,380236.98,825.0,0.0,479668.16,859905.14,0
1,22334.25,0.0,0.0,52978.59,75312.84,0
1,308398.94,70024.0,0.0,567.0,308965.94,0
1,231934.89,223.0,0.0,175736.93,407671.82,0
1,280615.84,0.0,0.0,1182376.51,1462992.36,0
0,119169.17,0.0,0.0,267824.94,532168.63,0
1,21280.48,22494.0,1213.52,0.0,21280.48,0
1,252859.1,19979.0,0.0,0.0,252859.1,0
0,127719.97,0.0,0.0,172979.4,300699.36,0
0,10000000.0,0.0,0.0,23015565.09,38584180.25,0
1,65323.11,110.0,0.0,0.0,65323.11,0
1,408330.3,0.0,0.0,2918618.56,3326948.87,0
0,430047.93,0.0,0.0,1865488.73,2295536.65,0
1,230332.65,0.0,0.0,3163675.04,3394007.69,0
1,234103.9,154531.0,0.0,0.0,234103.9,0
1,155404.95,594244.0,438839.05,0.0,155404.95,0
1,96191.27,30672.0,0.0,0.0,96191.27,0
1,3887.03,0.0,0.0,2107792.4,2111679.43,0
1,112491.94,0.0,0.0,296047.87,408539.82,0
1,88091.56,0.0,0.0,304555.53,392647.08,0
1,36750.59,0.0,0.0,65034.24,101784.83,0
0,1209264.45,669722.27,0.0,3189626.89,4398891.35,0
1,380623.09,14828.0,0.0,0.0,380623.09,0
0,73134.87,0.0,0.0,1306323.62,1379458.49,0
1,23543.08,0.0,0.0,168641.06,192184.14,0
1,190881.3,0.0,0.0,735079.4,925960.69,0
0,361339.96,49911.0,0.0,2270198.23,2631538.19,0
1,325692.34,160132.0,0.0,85938.99,411631.34,0
1,93342.35,0.0,0.0,3737699.42,3831041.77,0
0,1844083.02,0.0,0.0,3100033.03,4806936.59,0
1,21205.7,91767.07,70561.37,157113.35,178319.06,0
1,95262.25,0.0,0.0,162722.4,257984.64,0
1,201275.94,31133.0,0.0,44458.0,0.0,0
1,119247.1,1592.0,0.0,16424.13,135671.23,0
1,238616.24,295.0,0.0,0.0,238616.24,0
1,25954.53,106.0,0.0,177082.75,203037.28,0
1,55013.86,30838.0,0.0,308783.23,363797.09,0
1,55835.81,16388.0,0.0,114738.26,170574.07,0
1,296850.3,0.0,0.0,564406.63,861256.93,0
1,32674.54,0.0,0.0,1749053.71,1781728.25,0
1,68574.29,21521.0,0.0,9407.66,77981.95,0
1,232982.0,0.0,0.0,294144.98,527126.98,0
1,138252.95,0.0,0.0,491503.64,629756.59,0
0,242672.77,61585.0,0.0,38734.21,281406.97,0
1,256213.49,571.0,0.0,0.0,256213.49,0
1,131606.61,0.0,0.0,196800.39,328407.0,0
0,360318.82,375331.21,15012.4,1149377.17,1509695.99,0
1,121576.11,0.0,0.0,334514.72,456090.83,0
1,156547.08,0.0,0.0,4129738.3,4286285.38,0
1,106051.92,0.0,0.0,260034.34,366086.27,0
1,92655.06,0.0,0.0,614951.66,707606.72,0
1,172468.11,31496.0,0.0,1297496.66,1469964.77,0
1,92853.46,0.0,0.0,9787385.51,9880238.97,0
0,439000.97,81833.0,0.0,0.0,439000.97,0
0,1030861.3,0.0,0.0,14185137.27,15215998.57,0
1,192559.04,0.0,0.0,440160.36,632719.39,0
1,220671.97,79907.0,0.0,37228.81,257900.79,0
1,59349.13,35972.0,0.0,256786.24,316135.37,0
1,418317.33,0.0,0.0,12554348.65,12972665.97,0
0,755032.87,0.0,0.0,4687495.98,5442528.85,0
1,122941.88,0.0,0.0,0.0,28961.77,0
1,27667.12,27389.0,0.0,294147.15,321814.27,0
1,319170.72,11541.0,0.0,2131391.99,2450562.71,0
1,15724.91,0.0,0.0,217866.18,233591.09,0
0,200842.94,40855.0,0.0,2295017.74,2495860.67,0
1,660624.09,151.0,0.0,855518.73,1516142.82,0
1,92273.31,35661.0,0.0,0.0,92273.31,0
1,165918.81,50292.0,0.0,87474.0,0.0,0
0,4948.37,161.0,0.0,4161455.79,4166404.17,0
1,140334.06,30584.0,0.0,9880587.05,9886225.26,0
1,112201.36,31985.0,0.0,0.0,112201.36,0
1,309375.85,255394.0,0.0,1322779.07,2251979.12,0
1,330956.28,32846.0,0.0,0.0,330956.28,0
1,90810.26,8843.0,0.0,5507499.6,5598309.86,0
1,334373.83,66726.0,0.0,21035.19,355409.02,0
1,212840.23,1892.0,0.0,768346.27,1139432.15,0
1,57981.46,21378.0,0.0,0.0,57981.46,0
1,69694.63,0.0,0.0,3987644.6,4057339.23,0
0,301278.74,0.0,0.0,1426282.03,1727560.76,0
1,11530.63,31175.0,19644.37,551675.0,563205.63,0
1,100246.8,21782.0,0.0,0.0,100246.8,0
1,135975.52,32057.0,0.0,710307.04,846282.55,0
1,167044.2,45401.0,0.0,1165999.56,1333043.76,0
1,10706.78,101964.0,91257.22,302878.15,313584.93,0
1,115478.17,0.0,0.0,375211.23,490689.4,0
1,30796.87,552.0,0.0,253130.48,283927.35,0
1,66477.48,0.0,0.0,713425.71,779903.19,0
1,69711.6,1334.0,0.0,0.0,69711.6,0
1,22910.36,112724.41,89814.05,445459.94,468370.3,0
1,15494.55,73962.0,58467.45,0.0,15494.55,0
1,189762.03,0.0,0.0,491258.76,681020.79,0
1,582611.07,0.0,0.0,7786654.26,8369265.32,0
1,171536.66,433542.38,262005.72,1198987.64,1370524.3,0
1,102405.74,0.0,0.0,479667.32,582073.06,0
1,232551.69,0.0,0.0,259324.37,491876.05,0
1,159331.86,0.0,0.0,1846763.19,2250972.24,0
1,78527.39,0.0,0.0,922419.22,1000946.6,0
1,208499.49,0.0,0.0,1159112.89,1367612.38,0
1,58741.67,0.0,0.0,66439.23,125180.9,0
1,129871.93,41830.0,0.0,975674.86,1105546.79,0
0,1388047.04,11171.0,0.0,0.0,1388047.04,0
1,211610.85,31018.0,0.0,0.0,211610.85,0
1,4429.07,0.0,0.0,12070.57,16499.65,0
1,265765.56,0.0,0.0,2832988.65,3098754.21,0
1,79605.72,0.0,0.0,194184.2,273789.93,0
1,31875.16,0.0,0.0,420997.02,452872.18,0
0,354581.18,4824.0,0.0,0.0,541799.62,0
0,90348.89,59785.0,0.0,2260120.28,2350469.17,0
1,181510.11,70155.0,0.0,0.0,181510.11,0
1,42753.74,0.0,0.0,4433389.15,4476142.89,0
1,386410.17,0.0,0.0,438504.31,824914.47,0
0,1283280.95,0.0,0.0,2504055.61,3787336.55,0
1,164863.86,3165.0,0.0,500789.64,665653.5,0
1,240.84,24376.0,24135.16,443484.74,443725.57,0
1,48056.66,40509.0,0.0,213777.5,261834.16,0
1,277164.02,0.0,0.0,6584221.28,6861385.29,0
1,163978.66,0.0,0.0,1921654.47,2085633.13,0
1,52997.66,0.0,0.0,355524.44,1526824.12,0
1,180591.53,0.0,0.0,1020238.63,1200830.16,0
1,387607.47,102731.0,0.0,250661.48,638268.96,0
1,178287.7,0.0,0.0,4022848.04,4201135.74,0
0,176554.06,2445.0,0.0,360212.21,952826.64,0
1,302801.73,0.0,0.0,326185.33,628987.06,0
1,236925.44,0.0,0.0,1753622.78,2036072.56,0
0,730381.65,0.0,0.0,800699.62,1531081.27,0
0,131164.26,32368.0,0.0,0.0,131164.26,0
0,407118.97,81222.93,0.0,2458295.01,2865413.99,0
1,231185.83,0.0,0.0,250767.3,481953.13,0
1,235912.8,0.0,0.0,8574445.33,8953314.93,0
0,3667212.34,0.0,0.0,9807086.2,13474298.54,0
1,317412.26,432288.77,114876.51,33161.67,508477.69,0
0,1337026.58,72555.0,0.0,248096.02,1585122.6,0
0,1648609.85,0.0,0.0,2684952.7,4333562.55,0
0,201844.86,39451.0,0.0,3578115.5,5254579.98,0
1,233531.89,100680.0,0.0,8588687.93,8822219.82,0
1,80201.18,0.0,0.0,104270.0,184471.18,0
0,1026381.63,0.0,0.0,3599753.26,4626134.89,0
1,74678.08,0.0,0.0,1518763.86,1593441.94,0
1,114389.9,7361.4,0.0,1233956.75,1348346.65,0
1,106838.91,0.0,0.0,1781334.25,1888173.16,0
0,5233314.22,0.0,0.0,5643568.49,10876882.71,0
1,214935.28,439.0,0.0,161006.86,375942.15,0
1,206450.17,68259.0,0.0,128192.44,334642.61,0
1,450871.53,8722.0,0.0,953643.26,1404514.79,0
0,218213.98,0.0,0.0,1354904.96,1573118.94,0
1,156886.88,0.0,0.0,347552.7,504439.58,0
0,486012.4,0.0,0.0,695304.18,1181316.58,0
1,239032.4,0.0,0.0,1505890.27,1744922.67,0
1,41529.32,0.0,0.0,77872.79,119402.1,0
1,17404.9,0.0,0.0,71330.0,88734.9,0
1,193865.92,60984.0,0.0,0.0,193865.92,0
1,156140.96,2184.0,0.0,78588.22,234729.19,0
1,71633.43,0.0,0.0,1553477.32,1625110.75,0
1,172878.24,0.0,0.0,237281.85,410160.09,0
0,106944.16,0.0,0.0,1075865.34,1182809.5,0
1,280955.99,11530.0,0.0,9183894.0,9464849.99,0
0,1409910.86,0.0,0.0,2522905.74,3932816.6,0
1,223776.45,72294.0,0.0,1720478.94,1944255.4,0
1,32459.58,15447.0,0.0,1980.51,34440.09,0
1,183073.55,11107.0,0.0,130151.7,313225.25,0
0,1803215.24,0.0,0.0,3670540.63,5473755.87,0
1,75152.44,0.0,0.0,1561963.14,2194037.49,0
1,95549.72,0.0,0.0,426479.67,522029.39,0
1,286189.72,291935.0,5745.28,0.0,286189.72,0
1,40888.08,2067.0,0.0,0.0,40888.08,0
1,129457.49,0.0,0.0,1909590.23,2039047.72,0
1,207681.06,0.0,0.0,281433.2,489114.25,0
0,742178.58,135769.0,0.0,451410.02,1193588.6,0
1,73030.5,6047.0,0.0,0.0,73030.5,0
1,95707.02,2206.0,0.0,388437.4,484144.42,0
0,305335.62,3561.0,0.0,2451546.75,2756882.36,0
1,14850.23,11343.0,0.0,0.0,14850.23,0
1,201388.97,30383.0,0.0,2600676.59,2802065.56,0
1,98313.53,21380.0,0.0,0.0,0.0,0
1,327535.51,1023.0,0.0,769875.52,1097411.03,0
1,102950.34,0.0,0.0,1097401.76,1200352.1,0
0,969096.07,50860.0,0.0,3695916.6,4665012.67,0
1,105716.9,16519.0,0.0,2896780.93,3002497.83,0
1,432441.3,15667.0,0.0,0.0,432441.3,0
1,128584.93,0.0,0.0,1038785.83,1167370.76,0
1,64309.23,0.0,0.0,1144079.95,1208389.18,0
1,15993.93,29931.0,13937.07,265111.83,281105.76,0
1,20421.85,0.0,0.0,5889938.64,5910360.49,0
1,194106.86,0.0,0.0,527745.15,721852.01,0
0,10000000.0,0.0,0.0,20029558.42,53909562.21,0
1,221666.53,36391.0,0.0,0.0,221666.53,0
1,235657.03,0.0,0.0,546064.56,1246683.81,0
1,50632.95,5806.0,0.0,1498947.58,1549580.53,0
1,239063.9,30722.0,0.0,0.0,239063.9,0
1,365331.97,0.0,0.0,779182.67,1144514.64,0
1,58919.07,6044.0,0.0,23663.72,82582.79,0
0,61558.19,0.0,0.0,786246.64,847804.83,0
1,115134.34,0.0,0.0,141477.07,256611.41,0
1,238986.99,48474.0,0.0,0.0,238986.99,0
1,105077.86,0.0,0.0,870657.63,975735.5,0
1,55556.95,0.0,0.0,726034.57,781591.52,0
0,1046023.74,0.0,0.0,3044491.33,4090515.07,0
1,28753.57,298.0,0.0,575602.88,604356.44,0
0,5211655.04,30708.0,0.0,19426.1,5231081.14,0
1,49541.98,0.0,0.0,1995925.49,2045467.48,0
1,133760.33,0.0,0.0,1592459.22,1726219.54,0
1,85761.05,24806.0,0.0,11096.86,96857.91,0
1,51503.11,0.0,0.0,1755823.76,1807326.87,0
1,177720.9,20540.0,0.0,0.0,177720.9,0
0,68029.48,7865.71,0.0,183432.24,251461.72,0
1,167739.37,1542.0,0.0,0.0,167739.37,0
1,196857.6,0.0,0.0,3668025.43,3864883.03,0
1,388886.57,5079.0,0.0,0.0,388886.57,0
0,298882.41,0.0,0.0,444212.56,1032637.96,0
1,96814.29,0.0,0.0,923961.15,1020775.44,0
1,133267.02,0.0,0.0,557474.93,690741.95,0
1,365045.17,0.0,0.0,586961.36,952006.53,0
1,56180.26,28510.0,0.0,1258774.7,1314954.96,0
0,349930.02,70220.0,0.0,47789.48,397719.49,0
1,50582.07,125773.0,75190.93,3310230.47,3360812.55,0
1,159040.56,777.0,0.0,429192.34,588232.9,0
1,249448.82,132.0,0.0,171579.39,421028.21,0
0,905177.18,193.0,0.0,20989.85,926167.02,0
1,101939.39,598319.0,496379.61,49529.09,151468.47,0
1,137377.56,0.0,0.0,1977250.99,2114628.55,0
0,1030682.43,0.0,0.0,17665045.53,18695727.95,0
1,230676.79,0.0,0.0,341635.02,572311.81,0
1,40183.8,450.0,0.0,1374498.69,1665802.4,0
1,100099.55,499892.0,399792.45,176479.47,276579.02,0
1,375271.45,0.0,0.0,2014240.12,2389511.57,0
1,95394.36,2086.0,0.0,1894490.34,1989884.7,0
0,142553.45,0.0,0.0,1789160.96,1931714.41,0
1,19884.9,0.0,0.0,1128321.36,1148206.26,0
1,73120.75,54652.0,0.0,187414.04,260534.8,0
1,272339.36,417.0,0.0,0.0,272339.36,0
1,56194.81,0.0,0.0,196365.99,256657.31,0
0,137804.2,0.0,0.0,715328.99,853133.18,0
1,154580.95,0.0,0.0,466313.75,620894.7,0
1,8375.7,281528.0,273152.3,134291.42,142667.12,0
1,113308.66,0.0,0.0,702972.62,816281.28,0
1,25773.68,16508.0,0.0,595033.98,620807.66,0
1,124014.44,71274.0,0.0,1267.73,125282.16,0
1,80624.53,0.0,0.0,440899.79,521524.32,0
1,115114.95,0.0,0.0,162305.55,277420.5,0
1,15544.71,0.0,0.0,10334325.94,10349870.65,0
1,263096.66,0.0,0.0,335470.86,598567.52,0
0,961840.16,0.0,0.0,10122350.69,11084190.85,0
1,332532.75,17499.0,0.0,171891.28,504424.03,0
1,123488.11,11651.0,0.0,100568.43,224056.54,0
1,113143.5,0.0,0.0,399507.48,512650.98,0
1,464472.22,21856.0,0.0,1551009.3,2015481.52,0
1,163067.61,0.0,0.0,436112.01,599179.62,0
1,127160.05,185.0,0.0,0.0,127160.05,0
1,93114.42,127401.0,34286.58,267774.84,360889.26,0
1,101961.13,8049.0,0.0,0.0,101961.13,0
1,46928.01,51138.0,4209.99,311446.6,358374.6,0
1,615909.2,6192.0,0.0,62300.18,678209.38,0
1,526133.68,60639.0,0.0,383918.78,1076348.59,0
1,589801.76,0.0,0.0,896965.11,1486766.87,0
1,201356.31,0.0,0.0,1999724.44,2201080.74,0
1,35338.92,200333.71,164994.79,66837.61,102176.52,0
1,54345.86,0.0,0.0,1637130.58,1691476.44,0
1,74298.9,18112.0,0.0,2333560.6,2407859.5,0
1,47015.68,0.0,0.0,734702.94,781718.62,0
1,54858.04,65640.5,10782.46,158377.55,213235.58,0
1,162982.73,66959.0,0.0,12640.95,175623.69,0
0,652278.21,0.0,0.0,2551447.63,3203725.84,0
1,151077.16,21179.0,0.0,4435276.69,4586353.85,0
1,89411.21,13563.0,0.0,145301.87,234713.08,0
1,11532.71,14708.0,3175.29,0.0,11532.71,0
1,90917.52,0.0,0.0,1077859.57,1168777.09,0
1,52355.6,0.0,0.0,2001111.8,2053467.4,0
1,177291.79,103350.67,0.0,1241295.66,1418587.45,0
1,219335.89,14747.0,0.0,519534.15,738870.04,0
1,158615.27,515.0,0.0,23885.07,182500.34,0
1,146680.38,0.0,0.0,917789.38,1064469.76,0
1,176782.47,70685.0,0.0,0.0,176782.47,0
1,289520.12,0.0,0.0,1112536.47,1402056.6,0
1,84970.81,0.0,0.0,282159.89,367130.7,0
1,347364.64,0.0,0.0,363769.34,711133.98,0
1,365773.14,0.0,0.0,1046616.95,1412390.09,0
1,128402.7,7064.0,0.0,49235.53,177638.22,0
1,213204.09,21044.0,0.0,12102.16,225306.24,0
1,73128.78,10709.0,0.0,765691.19,838819.97,0
1,204346.44,0.0,0.0,320918.56,525265.0,0
1,124738.19,27019.0,0.0,6065604.02,6190342.22,0
0,293092.96,33350.0,0.0,2963215.33,3256308.28,0
1,83761.05,0.0,0.0,4908349.14,4992110.19,0
1,74646.99,14.0,0.0,7930276.65,8004923.63,0
1,521214.7,0.0,0.0,1446957.24,1968171.94,0
0,548093.9,0.0,0.0,1031449.76,1579543.66,0
1,242379.48,91450.65,0.0,1083091.86,1325471.34,0
1,270262.03,198706.0,0.0,235670.68,505932.71,0
1,29353.37,105954.0,76600.63,0.0,29353.37,0
1,44048.7,0.0,0.0,7639283.05,7683331.75,0
1,84795.9,0.0,0.0,209357.82,294153.72,0
1,264182.5,20086.0,0.0,4103752.2,4367934.71,0
1,13768.71,0.0,0.0,279920.82,293689.53,0
1,152277.03,10328.0,0.0,110726.7,263003.73,0
1,137378.25,0.0,0.0,1158902.06,1296280.31,0
1,269554.25,0.0,0.0,854169.97,1123724.22,0
1,315158.06,5004.0,0.0,1747817.34,2062975.4,0
1,174799.28,11876.0,0.0,3896630.32,4071429.6,0
1,9478.72,26008.0,16529.28,1532767.49,1542246.21,0
1,189965.41,30290.43,0.0,3261111.85,3451077.26,0
1,47690.11,7065.0,0.0,1253002.74,1436301.38,0
0,633288.77,0.0,0.0,2593270.74,3226559.51,0
1,304709.68,15629.0,0.0,96341.94,401051.62,0
1,81786.35,88138.43,6352.09,1673922.25,1755708.6,0
1,244847.29,257592.85,12745.56,315488.34,560335.63,0
0,24012.43,0.0,0.0,221256.54,9993.75,0
1,280645.47,0.0,0.0,2109801.1,2390446.57,0
1,54637.41,0.0,0.0,5688526.37,5743163.78,0
1,154948.67,31702.0,0.0,3747365.73,3902314.4,0
1,40728.55,22950.33,0.0,99932.09,140660.64,0
0,2424754.56,184927.21,0.0,5820368.17,8245122.73,0
1,31439.35,0.0,0.0,917161.38,948600.73,0
1,59381.47,46327.0,0.0,0.0,59381.47,0
0,1289435.01,0.0,0.0,3940541.82,5229976.83,0
0,334001.59,40020.0,0.0,3714286.25,4048287.85,0
1,181082.07,63610.0,0.0,245495.75,426577.82,0
1,37966.27,9107.0,0.0,118371.0,230150.08,0
1,129974.15,0.0,0.0,194801.92,324776.07,0
1,220068.67,0.0,0.0,620562.16,840630.83,0
1,497990.9,0.0,0.0,6201766.39,6699757.29,0
1,58405.96,0.0,0.0,4231251.36,4289657.31,0
1,336916.44,0.0,0.0,1546863.37,1883779.81,0
1,282246.07,0.0,0.0,1115424.93,1397671.0,0
1,5410.05,30252.0,24841.95,939004.63,944414.68,0
1,38754.95,0.0,0.0,1108983.0,1147737.95,0
1,213420.48,508.0,0.0,0.0,213420.48,0
1,3877.43,57801.71,53924.28,3394011.76,3397889.19,0
0,732489.66,0.0,0.0,978931.96,1711421.62,0
1,357923.21,0.0,0.0,2698220.99,3056144.2,0
0,423491.28,0.0,0.0,7064054.15,7487545.43,0
1,153161.73,205001.0,51839.27,210854.8,364016.53,0
1,242141.34,0.0,0.0,461674.59,703815.93,0
1,174248.42,0.0,0.0,855158.96,1029407.37,0
0,737902.48,14468.67,0.0,1139231.01,1877133.49,0
1,238914.32,144930.64,0.0,519553.45,758467.77,0
1,310599.33,18458.0,0.0,56476.34,367075.68,0
1,221978.31,20778.0,0.0,0.0,148439.22,0
1,72510.49,40678.0,0.0,0.0,72510.49,0
0,598129.56,0.0,0.0,1607931.83,2206061.39,0
0,836007.22,9988.0,0.0,1430772.33,2266779.54,0
1,259643.41,0.0,0.0,1083670.2,1343313.61,0
1,22261.02,298621.0,276359.98,63281.7,85542.72,0
1,185654.17,0.0,0.0,267636.39,453290.57,0
1,132795.0,196.0,0.0,7169755.28,7302550.28,0
1,134290.45,30419.0,0.0,19210.08,153500.52,0
1,169301.41,38262.0,0.0,0.0,169301.41,0
1,182264.35,0.0,0.0,1302576.68,1484841.03,0
1,137306.83,11969.0,0.0,0.0,137306.83,0
0,174604.39,713830.0,539225.61,0.0,174604.39,0
1,117532.08,0.0,0.0,15803234.96,15920767.04,0
1,315277.44,504245.0,188967.56,0.0,315277.44,0
1,30006.89,352600.83,322593.93,4343366.29,4373373.19,0
0,104120.78,0.0,0.0,1878486.34,1982607.12,0
1,3563.78,0.0,0.0,1020827.43,1024391.22,0
1,362570.89,19898.0,0.0,935929.75,1298500.64,0
1,166832.05,35197.0,0.0,0.0,166832.05,0
0,43975.05,0.0,0.0,517589.1,561564.15,0
1,279112.09,20603.0,0.0,2095415.71,2374527.8,0
0,366101.63,87200.38,0.0,867709.96,1233811.6,0
1,140829.07,0.0,0.0,306144.31,446973.38,0
0,79585.61,21379.0,0.0,212145.3,291730.91,0
1,25163.41,0.0,0.0,91722.9,116886.31,0
1,176422.91,0.0,0.0,2435915.36,2612338.27,0
1,119676.41,103091.0,0.0,291694.99,411371.4,0
1,72487.08,83.0,0.0,10536.82,83023.9,0
0,3005139.77,5013.0,0.0,197859.38,3202999.15,0
1,314445.7,65028.0,0.0,150090.26,464535.96,0
1,227231.7,12667.0,0.0,20119.73,247351.42,0
1,144497.8,11739.0,0.0,31541.56,176039.37,0
1,97834.71,325.0,0.0,190559.89,288394.6,0
1,113586.46,0.0,0.0,390833.08,504419.54,0
1,319152.37,132351.0,0.0,297821.36,616973.73,0
0,555438.01,7750.43,0.0,9512577.09,10651788.91,0
0,352116.18,0.0,0.0,542704.62,894820.8,0
1,188490.34,0.0,0.0,2852412.01,3040902.35,0
0,1306835.01,0.0,0.0,8408387.38,9715222.4,0
1,10666.44,0.0,0.0,2497052.89,2507719.33,0
1,204386.27,29826.0,0.0,15346.0,219732.27,0
1,261987.41,0.0,0.0,367126.46,629113.87,0
0,798865.68,0.0,0.0,1464150.93,2263016.61,0
1,106685.99,303072.0,196386.01,8182690.77,8289376.76,0
1,81095.06,59794.0,0.0,446933.64,528028.7,0
1,202698.86,0.0,0.0,904777.01,1107475.87,0
1,184089.21,0.0,0.0,1619779.33,1803868.53,0
1,248985.83,0.0,0.0,4393599.72,4642585.55,0
0,369628.97,26.0,0.0,490389.15,860018.12,0
1,281099.3,238178.0,0.0,2281491.95,2562591.25,0
1,89784.49,206966.0,117181.51,0.0,89784.49,0
1,240313.54,106407.0,0.0,7472.12,247785.66,0
1,59098.84,0.0,0.0,112172.33,171271.18,0
1,84119.15,0.0,0.0,347980.72,432099.87,0
0,708786.08,180744.0,0.0,47326.24,756112.32,0
1,177884.0,0.0,0.0,976043.32,1153927.32,0
1,29794.89,0.0,0.0,84187.74,113982.62,0
1,183862.46,0.0,0.0,12791667.61,12975530.07,0
1,68596.68,0.0,0.0,673170.82,741767.5,0
1,133928.99,0.0,0.0,285442.52,419371.5,0
1,157838.54,0.0,0.0,417650.51,575489.05,0
1,40690.72,317275.0,276584.28,0.0,40690.72,0
1,108113.03,0.0,0.0,736176.56,844289.58,0
1,29240.48,0.0,0.0,218125.34,247365.82,0
1,51183.18,0.0,0.0,1320990.33,1372173.51,0
1,59412.33,159810.0,100397.67,2271158.58,2330570.91,0
1,312252.78,10308.0,0.0,492882.2,899132.87,0
1,196483.02,11580.0,0.0,0.0,99420.24,0
1,503988.62,770.0,0.0,0.0,503988.62,0
1,79176.92,308119.0,228942.08,131305.56,210482.48,0
1,38646.66,13358.0,0.0,2831049.0,4839569.24,0
1,89704.59,0.0,0.0,941272.06,1030976.66,0
1,143499.26,12273.0,0.0,803588.49,947087.74,0
1,84969.69,221518.97,136549.28,2415233.35,2500203.04,0
1,209437.79,90537.0,0.0,808759.66,1018197.45,0
1,270216.69,240101.0,0.0,275137.21,545353.91,0
1,283977.98,0.0,0.0,3997110.39,4281088.37,0
1,362211.63,0.0,0.0,2857392.32,3219603.96,0
1,81430.04,21174.0,0.0,4192263.5,4238192.98,0
1,237772.3,0.0,0.0,1682035.54,1919807.84,0
1,276692.66,0.0,0.0,1531557.28,1808249.94,0
1,263191.77,363570.79,100379.02,1311337.0,1574528.77,0
0,625997.28,52338.0,0.0,1906711.17,2532708.45,0
1,176650.82,0.0,0.0,2162993.95,2339644.77,0
1,64671.58,0.0,0.0,148969.7,213641.28,0
0,507650.77,10980.0,0.0,0.0,507650.77,0
1,354967.6,0.0,0.0,2274249.58,2629217.18,0
1,170746.19,0.0,0.0,248357.73,419103.92,0
1,24508.65,412984.0,388475.35,2457191.17,2481699.82,0
1,123241.9,0.0,0.0,323844.66,447086.56,0
1,100512.34,20749.0,0.0,730912.45,612749.44,0
1,80186.93,160925.0,80738.07,264290.3,344477.23,0
0,316473.18,0.0,0.0,2161461.66,2477934.84,0
1,153629.31,0.0,0.0,406049.97,581540.93,0
1,412656.56,667.0,0.0,0.0,412656.56,0
1,24792.6,0.0,0.0,116179.76,140972.36,0
0,1978481.42,0.0,0.0,24178109.82,26156591.24,0
1,137560.75,206694.0,69133.25,909651.34,917543.68,0
1,284836.05,0.0,0.0,1924074.92,2208910.97,0
1,214538.8,103560.0,0.0,0.0,575914.25,0
1,322329.12,19117.0,0.0,2602346.19,2924675.31,0
1,224647.41,0.0,0.0,727837.94,952485.35,0
0,259402.06,274173.26,14771.2,2102833.68,2362235.73,0
1,172184.03,17933.0,0.0,0.0,172184.03,0
0,478319.35,0.0,0.0,706452.38,1184771.73,0
1,167566.11,0.0,0.0,389049.04,556615.14,0
0,145474.56,0.0,0.0,5271308.18,5416782.75,0
1,108516.13,0.0,0.0,314189.68,422705.8,0
1,2656.75,103948.0,101291.25,0.0,2656.75,0
1,396729.3,107236.0,0.0,114657.83,511387.13,0
0,468101.43,0.0,0.0,1174159.49,1642260.92,0
1,265017.83,0.0,0.0,820660.73,1085678.56,0
1,368992.7,0.0,0.0,1054057.58,1423050.28,0
1,61773.72,20371.0,0.0,257493.12,319266.84,0
1,152635.86,25089.0,0.0,1936570.5,2322076.15,0
1,253836.28,12118.0,0.0,12355.25,266191.53,0
1,157939.09,0.0,0.0,483533.09,641472.18,0
1,181050.83,92519.0,0.0,482489.92,663540.75,0
1,202734.0,32802.0,0.0,3641167.66,3843901.67,0
1,145505.69,0.0,0.0,215086.21,31839617.36,0
0,156222.37,0.0,0.0,2735589.3,2891811.67,0
1,311308.92,719.0,0.0,2614659.77,2925968.69,0
1,133810.56,0.0,0.0,1165274.45,1299085.02,0
1,149078.59,0.0,0.0,394758.28,543836.86,0
1,134570.91,0.0,0.0,1866714.49,2001285.39,0
1,208465.73,0.0,0.0,231093.49,439559.22,0
1,201311.92,0.0,0.0,359631.97,560943.9,0
1,36616.36,41573.0,4956.64,0.0,36616.36,0
1,368240.71,745.0,0.0,145748.88,513989.59,0
1,43466.03,0.0,0.0,807712.08,851178.11,0
1,147263.23,1080484.49,933221.26,714200.79,861464.01,0
1,202255.43,0.0,0.0,1399125.12,1938193.87,0
1,131935.66,0.0,0.0,280839.95,412775.61,0
0,1136563.18,109122.68,0.0,3605912.06,4742475.24,0
1,136182.05,11178.0,0.0,513223.52,662776.59,0
1,396624.46,1540511.54,1143887.08,2162231.56,2541252.32,0
1,143852.99,8736.0,0.0,67996.63,211849.62,0
0,316616.64,11365.0,0.0,95649.18,412265.82,0
1,136288.02,3772.0,0.0,0.0,237421.96,0
1,115227.77,0.0,0.0,1397192.32,1725633.86,0
0,15169330.4,0.0,0.0,25893469.37,41062799.77,0
1,174903.6,103585.0,0.0,320626.28,495529.88,0
1,129385.68,30130.0,0.0,3316646.82,3446032.5,0
1,180554.94,0.0,0.0,218595.92,399150.86,0
1,42088.3,30492.0,0.0,765715.27,807803.57,0
0,26129020.16,1149.99,0.0,28076582.95,54205603.11,0
1,381637.08,0.0,0.0,5188592.22,5570229.3,0
1,79256.98,0.0,0.0,863491.57,942748.55,0
1,172804.93,0.0,0.0,10687257.6,10860062.53,0
0,487654.73,0.0,0.0,10732527.45,11220182.17,0
0,629134.68,0.0,0.0,3688241.63,4317376.31,0
1,165638.7,0.0,0.0,864452.41,1030091.1,0
0,624825.96,0.0,0.0,1883144.39,2507970.34,0
1,211514.61,131869.81,0.0,3707187.94,3918702.55,0
1,386025.3,0.0,0.0,1082036.74,1468062.03,0
0,535741.77,0.0,0.0,4148934.38,4684676.16,0
1,65284.22,0.0,0.0,71251.7,136535.92,0
0,1229741.24,693.0,0.0,0.0,1229741.24,0
1,106753.9,0.0,0.0,3938171.07,4044924.97,0
1,241613.98,27669.0,0.0,0.0,241613.98,0
1,90628.37,5.0,0.0,172177.0,262805.37,0
0,546911.02,0.0,0.0,1742540.82,2289451.84,0
0,55619.61,0.0,0.0,145688.87,201308.48,0
1,387.63,45218.0,44830.37,0.0,387.63,0
1,153911.63,0.0,0.0,280763.59,434675.22,0
0,572249.99,30709.0,0.0,0.0,572249.99,0
1,506455.88,0.0,0.0,1991129.82,2497585.7,0
1,92752.66,30171.65,0.0,2582852.07,2675604.72,0
1,338827.1,0.0,0.0,1946212.14,2285039.23,0
1,170058.14,20388.0,0.0,3131623.2,3301681.34,0
1,124708.82,82999.0,0.0,1391315.04,1516023.86,0
1,112449.67,24956.0,0.0,0.0,112449.67,0
1,49101.48,0.0,0.0,216259.67,265361.15,0
1,86433.01,0.0,0.0,1410381.92,1496814.94,0
0,1659742.3,615000.9,0.0,1196615.22,2856357.51,0
1,49203.75,206031.0,156827.25,1837288.51,1886492.26,0
1,366453.94,20625.0,0.0,1373271.94,1739725.88,0
1,249847.5,0.0,0.0,857478.72,1107326.22,0
1,423450.1,8043.0,0.0,54159.88,477609.97,0
0,366345.85,33363.0,0.0,1586275.31,1952621.16,0
0,74436.56,74436.56,0.0,0.0,0.0,1
0,729934.11,30573.0,0.0,896836.19,1626770.31,0
1,267108.87,0.0,0.0,921558.76,1188667.63,0
0,1589931.27,15936.0,0.0,0.0,1589931.27,0
0,300221.97,0.0,0.0,6371998.96,6672220.93,0
1,203613.67,0.0,0.0,4484062.76,4687676.43,0
1,507402.02,0.0,0.0,543035.57,1050437.59,0
1,523165.84,431144.11,0.0,2031757.13,2554922.97,0
1,243782.17,105775.0,0.0,805787.58,1049569.75,0
1,80652.37,0.0,0.0,2567429.21,2648081.58,0
1,337209.53,0.0,0.0,2840393.19,3207705.02,0
1,209058.84,0.0,0.0,581901.35,1000692.84,0
1,228945.37,0.0,0.0,1356795.59,1585740.95,0
0,124241.28,0.0,0.0,1396616.42,1520857.7,0
1,113198.5,17161.0,0.0,63919.07,177117.58,0
1,10366.88,30212.99,19846.11,17302.07,27668.95,0
1,50038.5,143397.0,93358.5,21302.35,71340.85,0
1,235238.66,0.0,0.0,562843.15,798081.8,0
1,370423.6,11091.0,0.0,101649.0,426033.0,0
0,974055.26,0.0,0.0,1928845.06,2902900.33,0
1,39656.58,0.0,0.0,9367454.43,9407111.02,0
1,213696.72,3889.0,0.0,0.0,213696.72,0
0,834574.2,0.0,0.0,1094458.23,1929032.43,0
1,141466.84,0.0,0.0,2975492.41,3116959.25,0
0,3274596.59,0.0,0.0,3990946.12,7265542.71,0
1,165317.55,189.0,0.0,0.0,165317.55,0
1,426181.59,0.0,0.0,563883.29,990064.88,0
1,131592.09,0.0,0.0,4736437.65,4868029.73,0
1,137219.64,214462.0,77242.36,0.0,137219.64,0
0,430304.91,0.0,0.0,727208.2,1157513.11,0
1,158603.09,11122.0,0.0,726281.01,884884.1,0
1,188023.77,161587.0,0.0,190911.53,378935.3,0
1,100508.87,0.0,0.0,793705.35,894214.22,0
1,108332.03,63202.0,0.0,571343.06,679675.09,0
1,83815.79,0.0,0.0,1042516.24,1126332.03,0
1,83918.77,0.0,0.0,11958556.23,12042475.0,0
1,380507.66,0.0,0.0,568916.68,949424.34,0
1,261066.18,0.0,0.0,1220577.19,2129095.34,0
0,1866118.85,231574.0,0.0,197417.27,2063536.12,0
1,166732.35,29631.0,0.0,197408.61,364140.96,0
0,15844381.06,189204.88,0.0,16009648.68,31854029.73,0
1,137932.07,5105.99,0.0,394099.69,532031.75,0
1,51865.3,0.0,0.0,491463.61,543328.92,0
1,53931.41,0.0,0.0,202492.47,256423.88,0
1,111056.22,9880.0,0.0,0.0,111056.22,0
1,183557.35,0.0,0.0,368100.94,551658.29,0
1,2276.63,0.0,0.0,0.0,2276.63,0
0,300309.79,0.0,0.0,308745.89,609055.68,0
0,415070.4,62347.78,0.0,2374416.9,2789487.3,0
1,267585.15,0.0,0.0,290832.38,558417.52,0
1,385786.04,1363.0,0.0,9517958.47,9903744.52,0
0,172406.9,1994.0,0.0,814588.25,986995.15,0
1,243392.42,15042.0,0.0,1529806.24,2013835.14,0
1,286276.49,127664.0,0.0,50398.8,336675.29,0
1,191776.13,0.0,0.0,290458.29,482234.43,0
1,256580.79,5606.24,0.0,1140282.88,1396863.67,0
1,205926.47,39806.0,0.0,509874.99,715801.46,0
0,877728.33,0.0,0.0,1624615.07,2502343.4,0
1,336940.12,0.0,0.0,2149007.5,2485947.62,0
1,63054.66,405.0,0.0,0.0,63054.66,0
1,46080.39,14760.0,0.0,278167.45,324247.84,0
1,664.21,0.0,0.0,577042.86,577707.06,0
1,9928.84,0.0,0.0,16751.51,26680.35,0
0,418567.61,14833.0,0.0,2993850.32,3412417.93,0
1,385550.07,159579.0,0.0,106592.54,492142.61,0
1,205135.85,288035.44,82899.59,1982860.93,2187996.78,0
1,271158.4,0.0,0.0,828060.49,1099218.89,0
1,68731.88,29731.0,0.0,0.0,68731.88,0
1,179668.2,31693.0,0.0,0.0,179668.2,0
1,85520.41,0.0,0.0,13289158.09,13374678.5,0
1,163178.11,0.0,0.0,370029.1,533207.21,0
1,292839.07,30893.0,0.0,0.0,292839.07,0
1,8276235.5,8276235.5,0.0,190006.69,8466242.19,1
1,191118.93,99078.0,0.0,254663.48,445782.41,0
1,177590.53,0.0,0.0,2522658.08,2700248.61,0
1,194300.17,0.0,0.0,482888.36,677188.53,0
1,51101.78,0.0,0.0,647946.11,699047.89,0
0,839270.94,0.0,0.0,2267716.21,3547470.95,0
1,123983.16,1662.0,0.0,788210.01,912193.17,0
1,24210.42,0.0,0.0,962778.45,1285144.7,0
1,383522.47,12031.0,0.0,2350093.62,2733616.08,0
1,134291.61,6.0,0.0,184263.43,318555.04,0
1,15661.49,0.0,0.0,609882.4,625543.89,0
1,49289.24,879.0,0.0,0.0,49289.24,0
1,53132.02,0.0,0.0,209278.78,262410.8,0
1,474857.2,0.0,0.0,720053.05,1194910.25,0
1,338840.36,5186.0,0.0,218795.74,557636.1,0
0,728647.9,195044.0,0.0,1377422.61,2106070.51,0
0,783958.6,0.0,0.0,1110355.24,1894313.84,0
1,236947.25,236947.25,0.0,70084.28,307031.53,1
1,175742.36,324.0,0.0,5761605.36,5937347.72,0
1,255929.42,0.0,0.0,346888.01,602817.42,0
1,501226.54,0.0,0.0,669754.78,1170981.32,0
1,37190.76,75394.0,38203.24,5798495.28,5835686.04,0
1,107884.51,220.0,0.0,82814.65,190699.16,0
1,40152.01,0.0,0.0,538373.51,578525.52,0
1,77658.14,0.0,0.0,200404.7,278062.84,0
1,335665.91,0.0,0.0,4396468.81,4732134.72,0
1,356982.81,0.0,0.0,459935.87,816918.68,0
1,176796.4,162.0,0.0,1001241.77,1178038.17,0
1,12405.91,51808.0,39402.09,0.0,12405.91,0
1,331217.63,0.0,0.0,2606350.43,2937568.07,0
0,294004.16,0.0,0.0,971334.08,1265338.24,0
1,112955.09,0.0,0.0,394475.43,507430.52,0
1,243553.6,5439.0,0.0,0.0,243553.6,0
1,15857.32,575.0,0.0,0.0,15857.32,0
1,154718.29,0.0,0.0,846919.68,1001637.97,0
1,138867.75,0.0,0.0,340164.14,479031.89,0
1,78029.46,50093.0,0.0,103818.08,181847.54,0
0,2326468.71,102403.71,0.0,4250806.37,6577275.08,0
1,77170.52,10867.0,0.0,666346.59,743517.11,0
1,153304.25,101239.0,0.0,341098.56,494402.81,0
1,5829.95,0.0,0.0,3138419.44,3144249.39,0
0,355712.9,0.0,0.0,1568674.26,1924387.16,0
1,6561.91,0.0,0.0,513546.26,520108.17,0
1,110587.47,21905.0,0.0,1153835.46,1264422.93,0
1,142110.96,0.0,0.0,380974.08,523085.03,0
1,342922.59,31779.0,0.0,257493.24,600415.83,0
0,1301590.82,0.0,0.0,3046078.04,4347668.86,0
0,1268646.52,458015.0,0.0,98195.97,1366842.49,0
1,80966.8,93995.0,13028.2,0.0,80966.8,0
1,196259.66,422097.0,225837.34,0.0,196259.66,0
1,417872.49,0.0,0.0,1202039.44,1619911.93,0
1,150665.79,0.0,0.0,599632.39,750298.18,0
1,223844.54,0.0,0.0,2406292.3,2630136.83,0
1,281951.5,0.0,0.0,6147206.04,6429157.55,0
1,39186.94,12805.0,0.0,410941.75,450128.7,0
1,338880.4,64426.8,0.0,3720068.93,4058949.33,0
1,67811.13,51585.0,0.0,169124.57,236935.7,0
1,32557.22,57292.0,24734.78,863664.19,896221.41,0
1,322694.08,85665.36,0.0,510489.48,833183.57,0
1,4903.66,0.0,0.0,152127.59,157031.25,0
1,351208.36,0.0,0.0,1237860.86,1589069.23,0
1,95415.16,13079.0,0.0,0.0,95415.16,0
0,262287.27,18193.0,0.0,348622.59,610909.85,0
1,69903.9,0.0,0.0,1060182.47,1130086.37,0
1,152018.8,0.0,0.0,732361.12,884379.92,0
1,199973.07,20379.0,0.0,0.0,199973.07,0
1,24159.23,0.0,0.0,453457.5,477616.73,0
0,669024.3,308335.0,0.0,552133.58,1221157.89,0
1,230911.7,892601.55,661689.85,5975290.05,6206201.75,0
1,61.98,14522.0,14460.02,0.0,61.98,0
1,134100.94,0.0,0.0,318546.1,452647.04,0
0,215569.63,0.0,0.0,1294938.99,1510508.62,0
1,121650.04,104548.0,0.0,129631.67,251281.71,0
0,182669.59,59621.0,0.0,175627.16,358296.75,0
0,10922.06,0.0,0.0,8032208.35,8043130.42,0
1,33492.94,0.0,0.0,144032.27,342400.54,0
1,238195.08,623.0,0.0,330569.18,568764.26,0
1,4109.05,14756.0,10646.95,0.0,4109.05,0
1,533.26,0.0,0.0,2916913.78,2917447.04,0
1,151735.55,206669.0,54933.45,0.0,151735.55,0
0,23353.67,142657.0,119303.33,77806.88,101160.54,0
0,2632301.79,0.0,0.0,3119424.98,5751726.77,0
0,4905084.38,0.0,0.0,8325926.38,13231010.76,0
1,160389.46,81975.0,0.0,1187878.09,1348267.55,0
1,213242.4,1001.0,0.0,59188.61,272431.01,0
1,89011.52,0.0,0.0,387377.7,476389.22,0
1,70376.69,0.0,0.0,90577.69,160954.38,0
1,56292.82,216297.53,160004.72,104750.81,161043.63,0
1,18228.67,43087.0,24858.33,0.0,18228.67,0
1,35306.57,40567.0,5260.43,0.0,35306.57,0
1,35737.75,0.0,0.0,4085038.45,4120776.19,0
0,775323.31,101017.49,0.0,3771524.3,4546847.61,0
1,42203.94,14810.0,0.0,0.0,42203.94,0
1,254238.65,5813.0,0.0,648558.16,902796.82,0
0,615923.22,1643.0,0.0,111867.77,727790.99,0
1,34802.79,0.0,0.0,1404425.89,1439228.68,0
1,117434.53,0.0,0.0,122300.68,239735.21,0
1,132555.81,0.0,0.0,1063927.15,1196482.96,0
1,2745.91,0.0,0.0,106025.3,108771.21,0
1,79472.39,23270.0,0.0,5100674.48,5180146.87,0
0,327542.86,0.0,0.0,3151314.06,3478856.91,0
1,99369.87,5591.0,0.0,12027.83,111397.7,0
1,45609.0,198.0,0.0,194968.45,240577.45,0
1,205653.94,0.0,0.0,234967.57,440621.51,0
1,32490.01,0.0,0.0,1072283.07,1104773.09,0
0,1165274.08,0.0,0.0,1825997.58,2991271.67,0
0,237061.2,0.0,0.0,3560155.38,3797216.58,0
1,27301.05,0.0,0.0,229324.68,256625.72,0
1,334938.99,0.0,0.0,1787688.69,2122627.68,0
1,314367.22,14920.0,0.0,66979.39,381346.61,0
1,20836.26,0.0,0.0,1301368.03,1322204.29,0
1,211285.96,10017.0,0.0,1125527.09,1336813.05,0
1,37734.14,24760.29,0.0,383587.14,421321.28,0
1,332210.4,0.0,0.0,722908.39,1055118.79,0
1,80993.07,0.0,0.0,641781.43,722774.51,0
1,440085.67,0.0,0.0,4649389.09,5089474.77,0
1,9639524.7,9639524.7,0.0,0.0,9639524.7,1
1,212401.03,275.0,0.0,3757516.53,3922780.82,0
0,584761.63,0.0,0.0,11615428.36,12200189.99,0
1,97792.97,31411.0,0.0,122634.45,220427.43,0
1,35769.97,0.0,0.0,2326582.0,2362351.97,0
1,46466.48,42126.0,0.0,348845.03,395311.51,0
1,125593.98,20875.0,0.0,12187799.03,12313393.0,0
0,612740.12,0.0,0.0,28905716.54,29518456.66,0
1,72045.97,0.0,0.0,924503.15,1035607.34,0
1,361690.71,49613.0,0.0,4313497.04,4675187.75,0
1,273105.06,0.0,0.0,292512.66,565617.73,0
1,386621.24,136122.0,0.0,328609.73,715230.97,0
0,548052.85,141416.0,0.0,105858.91,653911.76,0
1,121820.61,146684.0,24863.39,710659.98,1115765.93,0
0,775203.59,0.0,0.0,4390784.11,5165987.7,0
0,16885.11,0.0,0.0,2598024.14,2614909.26,0
0,266085.1,0.0,0.0,369605.05,635690.15,0
1,75836.18,20003.3,0.0,1128341.17,1204177.35,0
1,324869.05,104980.0,0.0,0.0,348661.31,0
1,387729.18,9934.0,0.0,2163963.55,2551692.73,0
0,361606.34,137.0,0.0,104615.56,466221.9,0
1,259404.6,0.0,0.0,600889.85,860294.44,0
1,39070.24,0.0,0.0,25555210.67,25594280.91,0
1,286475.74,8298.0,0.0,179420.9,465896.63,0
1,458534.62,92350.0,0.0,246219.63,704754.25,0
1,211445.88,0.0,0.0,775191.71,986637.59,0
1,141567.42,276158.22,134590.81,284387.92,425955.34,0
1,364836.87,31420.0,0.0,371208.88,736045.75,0
1,25401.54,205905.0,180503.46,25954.0,51355.54,0
1,63906.62,0.0,0.0,89836.43,153743.05,0
1,242623.28,900882.0,658258.72,904053.4,1146676.68,0
0,818609.31,0.0,0.0,1462920.73,2281530.04,0
1,386.68,50092.0,49705.32,395557.52,395944.2,0
0,93001.98,482.0,0.0,69854.37,162856.34,0
1,212017.89,0.0,0.0,9355168.42,9567186.31,0
1,70125.53,0.0,0.0,3164277.4,3234402.93,0
1,101843.59,30163.0,0.0,1064239.45,1166083.04,0
1,385932.04,0.0,0.0,5516421.02,5902353.06,0
1,75294.69,0.0,0.0,2619334.76,2694629.45,0
1,377282.89,0.0,0.0,3700647.93,4077930.82,0
0,1202208.56,0.0,0.0,1378235.56,2580444.12,0
1,182317.92,130399.0,0.0,657446.22,839764.13,0
0,26744.11,277518.05,250773.94,2023788.13,2050532.24,0
1,198253.02,416265.0,218011.98,0.0,198253.02,0
1,144256.79,0.0,0.0,825292.29,969549.08,0
1,158448.03,81602.0,0.0,401251.7,559699.73,0
1,434367.41,0.0,0.0,12634260.28,13068627.69,0
1,284755.28,0.0,0.0,492400.53,777155.82,0
1,321324.01,29952.5,0.0,733790.87,1055114.89,0
0,340074.9,0.0,0.0,546479.51,886554.41,0
1,33359.6,62578.0,29218.4,758523.36,791882.96,0
1,26067.57,1161.0,0.0,2229615.84,2255683.41,0
1,273942.56,0.0,0.0,744905.99,1018848.55,0
0,431220.29,151808.0,0.0,108791.89,540012.18,0
0,516709.42,0.0,0.0,1194546.29,1711255.71,0
1,200995.15,0.0,0.0,1685489.66,1886484.81,0
1,83876.95,224.0,0.0,783965.94,867842.9,0
1,224209.72,3139.0,0.0,616289.78,953574.0,0
1,283214.34,166565.0,0.0,45474.46,328688.81,0
1,138608.34,0.0,0.0,6132035.11,6270643.45,0
1,216029.8,149496.0,0.0,0.0,216029.8,0
1,259179.76,0.0,0.0,363491.12,622670.88,0
1,265587.1,21030.0,0.0,3429290.31,3694877.41,0
1,242831.73,0.0,0.0,2024229.66,2267061.39,0
0,858707.94,19945.0,0.0,159846.39,1018554.33,0
1,228136.12,0.0,0.0,276967.76,505103.89,0
1,134301.9,0.0,0.0,5649764.44,5784066.34,0
1,54583.41,0.0,0.0,3693043.4,3747626.81,0
1,427567.13,0.0,0.0,665941.68,1093508.82,0
1,78756.98,9124.0,0.0,653481.92,732238.9,0
1,225097.36,6365.0,0.0,0.0,225097.36,0
1,258565.45,0.0,0.0,3860162.42,4118727.87,0
0,34382.22,0.0,0.0,624955.37,605963.07,0
1,283600.3,0.0,0.0,12979323.66,13262923.96,0
1,135667.28,10285.0,0.0,69334.2,205001.48,0
1,120393.38,156238.0,35844.62,394590.37,514983.75,0
0,108581.62,0.0,0.0,155072.14,263653.76,0
1,165886.3,282372.0,116485.7,20672.94,186559.24,0
1,35368.23,0.0,0.0,2892257.03,2927625.26,0
1,70539.86,547.0,0.0,0.0,70539.86,0
0,637611.81,0.0,0.0,645216.06,1282827.87,0
1,116930.8,0.0,0.0,378042.78,494973.58,0
1,87319.62,311523.45,224203.84,257352.93,344672.55,0
1,294830.01,0.0,0.0,5362739.4,5657569.41,0
0,433706.43,597482.0,163775.57,2004091.11,2437797.54,0
1,166448.17,91052.0,0.0,1661829.62,1828277.79,0
0,493376.72,271343.0,0.0,306608.11,536080.1,0
1,130152.29,0.0,0.0,7794622.87,8255677.8,0
1,319698.99,3083.0,0.0,0.0,319698.99,0
0,527821.79,30717.0,0.0,769348.83,1297170.62,0
1,78649.9,159784.51,81134.61,723436.83,802086.72,0
1,400765.36,3585.0,0.0,0.0,400765.36,0
0,325098.63,0.0,0.0,2531576.72,2856675.35,0
1,124647.15,0.0,0.0,2813130.11,2937777.25,0
1,188205.85,0.0,0.0,4605248.98,5174415.0,0
1,150335.14,49879.0,0.0,0.0,150335.14,0
1,181613.75,0.0,0.0,198956.95,380570.7,0
1,58995.16,7015.0,0.0,256903.35,315898.51,0
0,516363.24,4993.0,0.0,238756.62,755119.86,0
1,40022.77,169504.04,129481.27,19028.5,0.0,0
1,385952.76,0.0,0.0,6501444.76,6887397.51,0
0,105959.36,0.0,0.0,126537.12,232496.47,0
1,231622.98,35534.0,0.0,16139518.6,16371141.58,0
1,56301.29,50084.0,0.0,86164.47,142465.76,0
1,159590.45,51062.0,0.0,0.0,159590.45,0
1,50749.21,0.0,0.0,257961.98,308711.19,0
1,70782.13,2013.0,0.0,363852.78,434634.91,0
1,226773.95,0.0,0.0,685833.49,912607.44,0
1,279335.23,360522.67,81187.44,1652172.97,1931508.2,0
1,97043.81,2459599.98,2362556.17,577555.0,1042615.21,0
1,189405.74,45625.0,0.0,233289.86,422695.6,0
1,195438.77,263413.86,67975.09,3476761.64,3672200.41,0
1,63325.63,992.0,0.0,0.0,63325.63,0
1,462493.01,3450.0,0.0,0.0,462493.01,0
1,66182.27,0.0,0.0,100318.0,156073.06,0
0,8142605.46,8142605.46,0.0,0.0,0.0,1
1,100117.57,0.0,0.0,184914.73,285032.3,0
0,452169.97,0.0,0.0,641482.68,1093652.64,0
1,18980.48,21512.0,2531.52,7274494.99,7293475.47,0
1,117561.26,412674.88,295113.62,171224.35,840255.01,0
1,364185.45,152697.0,0.0,196.79,364382.24,0
0,629636.03,15597.0,0.0,298194.66,927830.69,0
1,309213.99,0.0,0.0,703553.0,1012766.98,0
1,53556.27,31960.0,0.0,70986.79,124543.06,0
0,63044.4,124.0,0.0,71236.79,134281.18,0
1,34309.1,52590.0,18280.9,2600447.67,2634756.77,0
1,347982.83,11176.0,0.0,618577.9,966560.73,0
1,95021.86,30037.0,0.0,688824.36,666862.93,0
1,215175.63,10792.0,0.0,0.0,497284.23,0
0,1148178.48,47.0,0.0,0.0,1148178.48,0
1,224144.52,0.0,0.0,303407.49,527552.01,0
1,173054.48,10026.0,0.0,1658234.21,1831288.68,0
1,229330.42,40669.0,0.0,5869234.13,6098564.56,0
1,213168.81,0.0,0.0,494502.29,707671.1,0
1,13457.25,0.0,0.0,402199.78,415657.03,0
0,203980.57,10982.0,0.0,0.0,203980.57,0
1,242891.92,364.0,0.0,0.0,242891.92,0
1,366334.06,0.0,0.0,3011294.01,3377628.07,0
0,267460.07,51486.0,0.0,740235.04,1007695.11,0
1,114840.76,25182.0,0.0,0.0,114840.76,0
1,9705.13,0.0,0.0,897650.49,907355.62,0
1,511902.24,30097.0,0.0,1347058.93,1858961.17,0
1,409122.67,41896.0,0.0,0.0,409122.67,0
1,213315.94,41407.0,0.0,0.0,213315.94,0
1,223642.34,0.0,0.0,4779330.38,5002972.72,0
1,80100.64,30182.0,0.0,1355544.89,1435645.53,0
0,669776.56,31382.0,0.0,0.0,669776.56,0
1,213476.89,303781.0,90304.11,315572.86,529049.75,0
1,333170.05,0.0,0.0,2585545.54,2918715.59,0
1,208188.04,24038.0,0.0,173616.56,381804.6,0
1,184505.41,230.0,0.0,390295.25,574800.66,0
1,52964.09,0.0,0.0,1421913.47,1474877.56,0
1,351550.81,28182.0,0.0,0.0,351550.81,0
0,123878.25,0.0,0.0,204958.86,328837.11,0
1,69408.28,3481.0,0.0,2208013.46,2277421.74,0
1,32069.26,31694.0,0.0,339890.86,371960.13,0
1,117541.37,69989.0,0.0,1786.69,119328.06,0
0,70112.32,0.0,0.0,2652511.42,2722623.74,0
0,526553.9,0.0,0.0,839801.22,1366355.11,0
1,219053.16,14500.0,0.0,0.0,219053.16,0
1,327560.0,59667.0,0.0,80562.57,408122.56,0
1,117611.01,32651.0,0.0,0.0,117611.01,0
1,28131.09,0.0,0.0,650481.23,678612.32,0
1,358683.66,21971.0,0.0,224501.48,583185.14,0
1,178148.33,0.0,0.0,5793898.0,5972046.33,0
1,61882.74,0.0,0.0,623209.88,685092.62,0
0,248509.3,30358.0,0.0,1795980.48,2044489.78,0
0,235459.39,169.0,0.0,0.0,235459.39,0
1,26296.1,13716.0,0.0,0.0,49996.43,0
1,16395.97,18743.0,2347.03,0.0,16395.97,0
0,102586.22,1568.0,0.0,0.0,102586.22,0
1,197282.38,432.0,0.0,375297.86,572580.25,0
1,407867.69,0.0,0.0,884273.28,1292140.97,0
1,179599.62,0.0,0.0,180445.51,360045.13,0
1,100033.24,0.0,0.0,286974.23,387007.47,0
1,69250.86,0.0,0.0,149702.89,218953.76,0
1,135833.17,5892.0,0.0,0.0,135833.17,0
1,72846.14,618937.0,546090.86,6164062.36,6236908.51,0
1,169901.19,0.0,0.0,1808425.71,1978326.9,0
0,201355.07,0.0,0.0,891607.21,996321.99,0
0,127756.62,151988.0,24231.38,1191466.7,1319223.32,0
1,274127.28,116966.0,0.0,0.0,274127.28,0
1,169620.98,0.0,0.0,8965567.51,9135188.49,0
1,71504.35,0.0,0.0,94564.68,166069.03,0
1,177799.51,9387.0,0.0,1782989.91,1960789.42,0
1,85396.52,40430.0,0.0,0.0,85396.52,0
0,108434.47,0.0,0.0,856549.46,964983.93,0
1,148440.19,9059.0,0.0,1707310.06,1855750.25,0
1,52226.39,0.0,0.0,147614.82,199841.21,0
0,255830.03,0.0,0.0,5340992.29,5596822.32,0
1,235528.97,11956.0,0.0,0.0,235528.97,0
1,394430.69,0.0,0.0,939533.99,1333964.68,0
1,72564.04,0.0,0.0,145857.3,218421.34,0
1,124190.06,0.0,0.0,467651.92,591841.98,0
1,133306.53,80771.0,0.0,1942912.39,2076218.91,0
0,3411494.25,0.0,0.0,14073364.34,17484858.59,0
0,920407.32,37617.47,0.0,2037643.41,2958050.73,0
1,75307.16,6074.0,0.0,135626.0,0.0,0
1,45800.99,0.0,0.0,193172.08,405894.48,0
1,67329.86,0.0,0.0,675151.94,742481.8,0
1,46695.0,15868.0,0.0,0.0,46695.0,0
0,157136.52,0.0,0.0,1380009.4,1537145.91,0
0,814370.42,0.0,0.0,3671684.06,4616339.7,0
1,246161.75,0.0,0.0,1797041.29,2043203.04,0
1,176865.37,42461.0,0.0,932119.5,1108984.87,0
0,74690.73,68720.0,0.0,0.0,74690.73,0
0,359414.15,0.0,0.0,1158255.02,1517669.17,0
1,100728.93,7367.0,0.0,0.0,100728.93,0
1,156394.81,14151.0,0.0,1790409.4,1946804.21,0
1,194708.57,39764.0,0.0,116987.04,311695.6,0
1,150812.99,30464.0,0.0,0.0,60464.71,0
1,60272.82,0.0,0.0,503932.14,564204.96,0
1,140888.29,48719.56,0.0,693699.84,834588.13,0
1,156242.48,16037.0,0.0,353170.0,509412.47,0
1,186916.94,0.0,0.0,6356375.49,6543292.43,0
1,57272.23,0.0,0.0,719161.07,776433.3,0
1,173737.57,0.0,0.0,443433.65,617171.22,0
1,326194.54,28460.0,0.0,1462865.51,1789060.05,0
1,231810.2,155650.0,0.0,73128.67,304938.87,0
1,16150.37,0.0,0.0,88423.7,104574.07,0
1,25813.73,8061.0,0.0,350235.01,376048.75,0
1,232063.28,0.0,0.0,546786.87,778850.15,0
1,57954.76,11008.0,0.0,111491.0,169445.76,0
1,171763.49,312799.0,141035.51,21082.0,192845.49,0
1,36496.41,27.0,0.0,47776.05,84272.46,0
1,53624.63,10881.0,0.0,1628174.27,1681798.9,0
1,296403.5,27851.15,0.0,691005.95,987409.45,0
0,29942.05,0.0,0.0,2756157.53,2786099.58,0
1,89671.36,19900.0,0.0,0.0,89671.36,0
1,91455.31,0.0,0.0,266911.86,358367.16,0
1,98182.06,698.0,0.0,0.0,98182.06,0
1,90009.57,0.0,0.0,6461157.1,6551166.67,0
1,136823.93,0.0,0.0,1071231.94,1208055.88,0
1,115550.94,0.0,0.0,131170.1,246721.05,0
1,194877.11,54413.02,0.0,623044.81,777637.24,0
1,137106.5,431595.0,294488.5,0.0,137106.5,0
1,157464.02,0.0,0.0,940338.57,1097802.59,0
0,644617.29,0.0,0.0,2511662.21,3156279.5,0
1,58110.93,94072.29,35961.36,2476805.53,2534916.46,0
1,87710.36,32048.0,0.0,0.0,87710.36,0
1,56978.83,0.0,0.0,1542825.15,1599803.97,0
0,9607.89,59094.0,49486.11,0.0,9607.89,0
1,60368.35,181.0,0.0,68400.16,128768.51,0
1,140969.72,577.0,0.0,45687.48,186657.2,0
1,25053.6,36259.0,11205.4,39232.15,64285.76,0
1,248408.34,0.0,0.0,320218.78,295284.85,0
1,31241.31,0.0,0.0,50130.76,81372.07,0
1,117558.18,124.0,0.0,0.0,117558.18,0
0,190876.22,0.0,0.0,250565.42,441441.63,0
0,705971.68,109.0,0.0,0.0,705971.68,0
1,51206.59,0.0,0.0,976313.96,1027520.55,0
1,20929.19,0.0,0.0,502727.26,523656.46,0
1,381551.71,10789.0,0.0,0.0,381551.71,0
1,172526.55,19843.0,0.0,0.0,172526.55,0
1,39010.18,0.0,0.0,235697.11,274707.29,0
1,306793.48,0.0,0.0,1119104.68,1372049.04,0
1,301167.12,0.0,0.0,1117564.19,1418731.31,0
1,187675.75,51501.0,0.0,0.0,0.0,0
1,121044.55,59444.34,0.0,4247399.68,4368444.23,0
1,174764.82,53.77,0.0,183812.68,358577.5,0
1,84650.6,0.0,0.0,164688.44,249339.05,0
1,94266.32,0.0,0.0,114181.59,208447.91,0
1,97393.75,0.0,0.0,793193.13,890586.89,0
1,100460.03,0.0,0.0,2188527.69,2288987.71,0
1,103353.23,0.0,0.0,275000.18,378353.41,0
1,180543.44,0.0,0.0,847974.95,1028518.39,0
1,73349.36,34803.0,0.0,3918.21,77267.56,0
1,91500.45,0.0,0.0,246038.05,337538.5,0
1,111512.75,256350.72,144837.97,418145.14,529657.89,0
1,150023.65,0.0,0.0,440303.61,590327.26,0
0,56388.55,25403.0,0.0,0.0,56388.55,0
1,104469.96,0.0,0.0,2921911.98,3026381.94,0
0,472546.84,120607.0,0.0,0.0,472546.84,0
1,231422.77,103958.0,0.0,0.0,231422.77,0
0,938186.64,62902.0,0.0,10207.06,872504.34,0
1,275196.02,39377.94,0.0,450466.71,725662.72,0
1,216245.45,0.0,0.0,1097991.15,1314236.6,0
1,147270.15,0.0,0.0,1570802.26,1718072.41,0
1,283865.63,0.0,0.0,2180236.12,2464101.75,0
1,192689.27,78.0,0.0,42319.91,235009.18,0
1,379127.37,153.0,0.0,1002980.15,1382107.52,0
1,109583.05,104600.0,0.0,0.0,109583.05,0
1,21310.41,0.0,0.0,5020451.22,5041761.63,0
1,69061.06,10.0,0.0,1191673.48,1260734.55,0
1,125852.73,96.0,0.0,108356.12,234208.84,0
1,139006.09,21775.2,0.0,1008822.2,1147828.29,0
1,16704.6,0.0,0.0,83915.37,100619.97,0
1,780.72,5666.0,4885.28,354271.28,355052.01,0
0,433056.04,93257.0,0.0,0.0,433056.04,0
1,37174.18,0.0,0.0,544029.36,581203.54,0
1,74066.36,125.0,0.0,1078284.64,1369100.01,0
1,169814.89,31801.0,0.0,77921.27,247736.16,0
0,2180132.3,206.0,0.0,0.0,2180132.3,0
1,258051.42,0.0,0.0,365007.95,623059.36,0
1,237619.65,51514.0,0.0,0.0,237619.65,0
1,257846.71,51239.0,0.0,10309475.56,10567322.27,0
1,39841.12,0.0,0.0,858987.16,898828.28,0
1,50499.01,0.0,0.0,120562.32,171061.33,0
1,491784.41,0.0,0.0,5938009.95,6429794.36,0
1,84441.51,0.0,0.0,258302.55,342744.06,0
0,3061900.81,630081.18,0.0,4197443.62,7259344.43,0
1,138941.86,9957.0,0.0,594195.07,733136.93,0
1,88794.6,487.0,0.0,0.0,88794.6,0
1,77556.89,55192.0,0.0,402008.94,479565.83,0
1,45854.35,322555.0,276700.65,85941.83,131796.19,0
0,123870.51,508057.0,384186.49,512783.57,636654.09,0
1,70929.05,0.0,0.0,298183.53,369112.59,0
0,1301383.86,0.0,0.0,1369637.27,2671021.13,0
1,126591.79,20612.0,0.0,0.0,126591.79,0
1,403171.51,0.0,0.0,3741674.72,4144846.23,0
1,89986.85,0.0,0.0,254368.71,344355.56,0
1,17639.05,17507.41,0.0,78281.04,95920.09,0
1,395727.45,80737.0,0.0,75610.56,471338.01,0
1,52808.82,71273.0,18464.18,115813.39,168622.21,0
1,340085.24,26720.0,0.0,81365.83,421451.07,0
1,189695.56,0.0,0.0,1845556.68,2198441.47,0
1,13346.59,0.0,0.0,8266544.6,8220015.14,0
0,337774.37,753.0,0.0,4508335.29,4846109.66,0
1,188039.85,0.0,0.0,2423170.14,2611209.99,0
0,506643.14,227778.59,0.0,658653.29,1165296.43,0
0,126649.06,0.0,0.0,767624.41,894273.47,0
1,165329.91,406.0,0.0,69046.59,234376.5,0
1,173301.09,20764.0,0.0,1496145.21,1669446.3,0
0,77554.9,0.0,0.0,6212043.91,6289598.81,0
1,163812.9,0.0,0.0,6112547.42,6276360.32,0
1,324957.04,162607.0,0.0,185.0,325142.04,0
0,655051.96,0.0,0.0,2125917.92,2780969.87,0
1,119537.85,1039.0,0.0,3193190.43,3312728.28,0
1,79439.47,0.0,0.0,842294.76,921734.24,0
1,475999.09,7224.08,0.0,596593.69,1072592.78,0
1,455116.95,199250.0,0.0,110082.93,565199.88,0
1,39694.84,153066.66,113371.82,252077.85,291772.69,0
1,396026.32,11454.0,0.0,0.0,1677035.67,0
1,308651.29,0.0,0.0,802486.74,1025530.37,0
1,167022.21,19997.0,0.0,20058.0,0.0,0
1,78202.61,0.0,0.0,98082.92,176285.54,0
0,562949.62,26993.12,0.0,886687.05,1449636.67,0
1,34777.47,41123.0,6345.53,580903.78,615681.25,0
1,146008.19,0.0,0.0,572117.08,718125.28,0
1,144115.64,0.0,0.0,343062.74,487178.38,0
1,288721.02,5091.0,0.0,1397854.96,1686575.97,0
1,299361.14,236324.0,0.0,4926225.87,5225587.01,0
1,221320.84,0.0,0.0,5260598.54,5481919.38,0
0,292073.06,0.0,0.0,658999.34,951072.39,0
0,165670.77,0.0,0.0,882717.56,1048388.34,0
0,1019210.58,29605.0,0.0,513788.71,1532999.29,0
1,210309.59,24882.0,0.0,1413951.14,1616163.92,0
1,183074.97,0.0,0.0,4603402.15,4786477.12,0
1,252272.63,14423.0,0.0,305906.67,558179.29,0
0,349931.5,0.0,0.0,3920458.11,4270389.61,0
1,349911.67,0.0,0.0,401363.46,857353.98,0
1,72357.35,0.0,0.0,521980.49,798122.17,0
1,47033.08,363875.45,316842.37,215201.06,262234.13,0
1,185052.73,5060.0,0.0,0.0,185052.73,0
1,146523.72,20599.0,0.0,158856.79,305380.51,0
1,354980.45,0.0,0.0,610327.77,965308.22,0
0,268340.3,0.0,0.0,1722720.92,1991061.22,0
1,257642.13,0.0,0.0,2098586.08,2356228.21,0
1,444949.79,0.0,0.0,29544927.66,29989877.45,0
1,48137.37,470911.0,422773.63,0.0,48137.37,0
1,228587.35,69712.0,0.0,4052.0,5394.88,0
1,145738.73,13736.0,0.0,234837.2,380575.93,0
1,20306.48,0.0,0.0,20446.0,0.0,0
1,167114.52,84600.0,0.0,2729465.0,2896579.51,0
0,261337.68,8818.0,0.0,715902.65,977240.34,0
1,217134.98,0.0,0.0,1016954.86,1234089.84,0
1,214647.61,10454.0,0.0,342688.2,557335.81,0
1,106403.61,102959.0,0.0,19389785.97,19496189.58,0
0,984571.22,15666.0,0.0,0.0,984571.22,0
1,82765.91,0.0,0.0,395772.43,478538.34,0
1,136988.68,37430.5,0.0,786828.89,923817.57,0
1,346150.48,1576.0,0.0,558404.19,904554.67,0
1,50956.16,409491.0,358534.84,792191.16,843147.32,0
1,107381.82,0.0,0.0,340823.96,448205.78,0
1,205537.44,0.0,0.0,5188771.9,5394309.34,0
1,57346.0,11924.0,0.0,641360.35,698706.35,0
0,247286.15,0.0,0.0,3287841.96,3535128.11,0
1,42348.53,10766.0,0.0,2348872.47,2391221.01,0
0,104118.73,30554.0,0.0,4336840.54,4440959.27,0
0,537474.75,0.0,0.0,3017287.8,3554762.54,0
1,277784.56,0.0,0.0,11185832.25,11463616.81,0
1,85420.9,0.0,0.0,1719276.22,1804697.12,0
0,679358.09,0.0,0.0,2776398.74,3455756.83,0
1,115476.18,0.0,0.0,135349.75,706701.01,0
1,211955.98,0.0,0.0,812610.41,1024566.39,0
1,302527.92,0.0,0.0,9019582.57,9142622.59,0
0,133199.01,0.0,0.0,518072.85,595989.25,0
1,32827.02,351502.0,318674.97,1041203.78,1074030.8,0
0,810878.27,0.0,0.0,1338839.27,2149717.54,0
1,173201.64,0.0,0.0,3765321.66,3938523.3,0
1,230091.78,11169.0,0.0,0.0,230091.78,0
1,41614.48,891905.0,850290.52,243178.12,284792.6,0
1,212864.07,103354.0,0.0,0.0,212864.07,0
1,316554.95,10731.0,0.0,0.0,316554.95,0
1,195354.4,364.0,0.0,367457.32,562811.72,0
1,58434.7,211488.0,153053.3,1440964.95,1499399.66,0
1,294601.77,0.0,0.0,2133578.5,2428180.27,0
1,310311.97,0.0,0.0,2306769.74,2617081.71,0
0,337057.86,79362.3,0.0,1110908.96,1447966.82,0
1,64064.26,7940.0,0.0,421094.43,485158.69,0
1,133913.58,0.0,0.0,5736408.18,5870321.76,0
0,798159.62,114709.0,0.0,10903760.34,11701919.95,0
0,699053.01,0.0,0.0,1894008.4,2593061.41,0
1,112902.34,0.0,0.0,296237.75,409140.1,0
1,190833.73,10664.0,0.0,129336.4,320170.14,0
1,413140.7,34126.5,0.0,1878189.11,2291329.81,0
1,176281.68,0.0,0.0,629219.78,1276436.02,0
1,34271.54,0.0,0.0,531140.87,565412.41,0
1,158249.89,5466.0,0.0,5111077.22,4872191.86,0
1,269098.17,51600.0,0.0,0.0,269098.17,0
1,60226.72,0.0,0.0,256086.79,316313.51,0
1,74106.88,10087.0,0.0,0.0,74106.88,0
1,58080.57,0.0,0.0,248706.19,306786.77,0
1,61669.11,19545.0,0.0,0.0,61669.11,0
1,78264.79,58263.0,0.0,0.0,78264.79,0
0,35980.95,0.0,0.0,161818.64,197799.59,0
0,268440.05,0.0,0.0,1009485.8,1277925.86,0
1,76749.58,496351.0,419601.42,1742028.6,1901161.32,0
1,243845.82,51879.0,0.0,0.0,532050.44,0
1,112840.49,0.0,0.0,1878710.52,1991551.01,0
1,526998.39,0.0,0.0,7752974.46,8279972.85,0
1,44171.51,0.0,0.0,129606.51,173778.02,0
1,207307.16,214.0,0.0,6435727.61,6643034.77,0
1,103498.06,0.0,0.0,739061.61,901596.98,0
1,331390.12,9574.0,0.0,368084.85,699474.97,0
0,1143072.51,41414.0,0.0,2666740.53,3809813.04,0
1,307859.65,0.0,0.0,910944.82,1218804.48,0
1,187615.27,14211.0,0.0,9898734.59,10086349.85,0
1,197302.87,0.0,0.0,314969.58,512272.45,0
1,403799.29,0.0,0.0,422256.57,826055.86,0
1,389372.91,0.0,0.0,722355.17,1111728.08,0
1,179284.59,0.0,0.0,1984035.61,2163320.2,0
1,126914.78,170205.0,43290.22,0.0,126914.78,0
1,178222.22,0.0,0.0,1966222.2,2317571.52,0
0,785924.61,0.0,0.0,1717352.04,2891072.77,0
0,51397.86,0.0,0.0,130928.03,182325.89,0
0,131771.4,2630.0,0.0,1483582.88,1615354.27,0
1,44727.83,0.0,0.0,557046.04,601773.87,0
1,49892.01,0.0,0.0,63332.26,113224.27,0
1,111289.98,0.0,0.0,1935545.57,2046835.55,0
0,107704.19,68824.0,0.0,2260420.11,2368124.3,0
1,336531.12,11641.0,0.0,3737033.49,4073564.61,0
1,290693.38,0.0,0.0,11991743.42,12282436.8,0
1,389374.55,21273.0,0.0,6634474.08,7023848.62,0
1,30796.11,0.0,0.0,75140.08,105936.19,0
0,329220.08,0.0,0.0,936268.76,1265488.83,0
0,281744.43,0.0,0.0,470487.28,752231.71,0
1,322522.43,163163.0,0.0,0.0,416114.56,0
0,950791.37,950791.37,0.0,0.0,0.0,1
1,166053.31,0.0,0.0,3044846.53,3210899.84,0
1,178596.99,0.0,0.0,196088.25,374685.24,0
1,87498.77,0.0,0.0,3013608.23,3101107.0,0
1,156517.05,60898.0,0.0,11124429.26,11280946.32,0
1,27002.95,0.0,0.0,654766.16,681769.11,0
1,271832.49,5382.0,0.0,74447.11,346279.6,0
0,165289.02,0.0,0.0,1165052.6,1330341.62,0
0,29405.72,9378.0,0.0,0.0,29405.72,0
1,273648.98,0.0,0.0,2616091.68,2889740.66,0
1,163924.15,54979.0,0.0,49815.58,213739.73,0
0,1326067.01,6060.0,0.0,525136.38,1851203.39,0
1,121586.91,0.0,0.0,282885.98,404472.89,0
1,136010.99,263493.24,127482.25,412016.7,548027.69,0
1,171841.62,27437.0,0.0,1088117.26,1259958.88,0
1,3355.38,41087.0,37731.62,2778241.53,2781596.91,0
1,99094.73,0.0,0.0,1512111.82,1611206.56,0
1,318522.32,0.0,0.0,789536.55,1108058.87,0
1,180502.32,262353.0,81850.68,0.0,180502.32,0
1,119202.77,0.0,0.0,380117.83,499320.6,0
1,63436.06,0.0,0.0,14591132.14,17208109.53,0
1,116788.12,0.0,0.0,289384.69,406172.81,0
1,27413.47,101573.74,74160.27,197180.45,224593.92,0
0,22293.41,18292.0,0.0,0.0,22293.41,0
0,2620205.11,413823.0,0.0,1000385.02,3620590.13,0
1,14289.13,813.0,0.0,146841.43,161130.56,0
1,134833.79,0.0,0.0,1004987.47,1139821.25,0
1,85061.97,0.0,0.0,657392.94,742454.9,0
1,185550.56,226108.19,40557.63,952223.38,1137773.94,0
1,94256.22,0.0,0.0,4064447.14,4158703.36,0
0,812936.73,0.0,0.0,1393440.43,2206377.16,0
0,326829.25,0.0,0.0,2929391.06,3256220.31,0
1,128158.05,2647.0,0.0,0.0,128158.05,0
0,2494929.25,277069.0,0.0,547250.47,3042179.72,0
1,55791.92,176653.98,120862.07,2125605.37,2181397.29,0
0,301057.15,46434.0,0.0,382396.61,683453.76,0
1,140044.2,0.0,0.0,4584295.33,4724339.53,0
0,1464292.91,0.0,0.0,1791029.62,3255322.53,0
1,98965.21,10672.0,0.0,132035.9,194611.59,0
1,201811.24,0.0,0.0,737049.53,938860.77,0
0,499357.24,87292.0,0.0,401494.35,900851.59,0
0,1812.64,0.0,0.0,103629.27,105441.92,0
1,262273.9,0.0,0.0,473122.17,735396.07,0
0,171345.52,0.0,0.0,4262449.64,4433795.16,0
1,152284.82,0.0,0.0,1462730.21,1615015.03,0
1,188398.09,22114.0,0.0,706651.16,895049.25,0
1,27798.14,51474.0,23675.86,127313.13,155111.27,0
1,96105.5,0.0,0.0,201629.52,297735.02,0
1,299422.18,0.0,0.0,1784662.56,2084084.75,0
0,2153358.03,50.0,0.0,489857.68,2643215.71,0
1,274902.22,72426.0,0.0,183975.85,458878.07,0
1,345500.83,0.0,0.0,354106.75,699607.58,0
1,28387.39,0.0,0.0,1256607.02,1284994.41,0
1,93639.22,0.0,0.0,909783.25,1003422.47,0
1,563853.5,279673.0,0.0,2737963.54,3301817.04,0
1,87941.26,0.0,0.0,2084577.42,2172518.68,0
0,387759.36,0.0,0.0,462981.66,840190.67,0
0,13751923.17,0.0,0.0,14660880.87,28412804.04,0
1,70964.51,22832.0,0.0,0.0,70964.51,0
1,43526.27,0.0,0.0,791941.42,835467.69,0
1,263902.28,0.0,0.0,590194.12,854096.4,0
1,228278.23,44512.0,0.0,24322.72,252600.95,0
1,316415.66,0.0,0.0,1926716.84,2243132.5,0
1,54103.66,19446.0,0.0,936721.4,990825.05,0
1,107133.85,0.0,0.0,3520655.74,4205970.15,0
1,282527.65,0.0,0.0,12396998.22,12679525.88,0
1,302247.47,0.0,0.0,2372945.78,2675193.25,0
1,380302.9,873.0,0.0,0.0,380302.9,0
1,24631.55,30546.0,5914.45,0.0,24631.55,0
0,290363.92,11133.0,0.0,0.0,290363.92,0
0,558766.07,15571.0,0.0,1741689.34,2300455.41,0
1,6879.11,0.0,0.0,2614998.61,2621877.72,0
1,277572.09,0.0,0.0,6344608.1,6622180.19,0
0,642183.25,0.0,0.0,8401723.98,9043907.23,0
1,89220.67,0.0,0.0,1229156.21,1318376.87,0
1,146453.16,450919.0,304465.84,540418.9,686872.06,0
0,44847.18,1020.0,0.0,0.0,44847.18,0
1,124788.52,335628.69,210840.18,586542.28,722695.43,0
0,54967.39,0.0,0.0,784577.1,839544.49,0
1,221509.43,0.0,0.0,356392.82,577902.25,0
0,67383.36,46369.89,0.0,3769827.61,3837210.98,0
1,6172.11,0.0,0.0,78696.72,84868.83,0
1,238092.62,185110.0,0.0,5909020.18,6147112.8,0
1,15222.45,0.0,0.0,75795.87,91018.33,0
1,37642.35,151106.0,113463.65,2224005.4,2209099.19,0
1,117003.69,9041.0,0.0,2234580.97,2351584.66,0
1,81944.38,0.0,0.0,3658105.51,3740049.89,0
0,555455.67,10033.0,0.0,0.0,555455.67,0
1,176210.59,0.0,0.0,863819.52,1040030.12,0
1,88735.46,161.0,0.0,2096006.1,2184741.55,0
1,271146.77,7446.0,0.0,0.0,271146.77,0
1,150788.25,11268.0,0.0,0.0,150788.25,0
1,202514.32,0.0,0.0,1847642.4,2050156.72,0
0,69256.83,12881.0,0.0,2849090.51,2918347.34,0
1,111889.86,0.0,0.0,3983702.37,4095592.23,0
1,109674.29,0.0,0.0,9556316.53,9665990.82,0
0,1774480.59,5989.26,0.0,4007721.27,5782201.86,0
1,8682.86,10742.0,2059.14,8784184.18,8792867.03,0
1,306293.28,28672.0,0.0,27903.55,334196.82,0
1,382105.5,0.0,0.0,2750925.15,3133030.66,0
0,521352.89,0.0,0.0,916028.45,1437381.33,0
1,288277.9,0.0,0.0,519974.63,808252.53,0
1,111317.44,0.0,0.0,1811417.76,2358886.78,0
1,34827.66,0.0,0.0,5905672.31,5940499.97,0
1,25853.39,0.0,0.0,225151.48,251004.87,0
1,142232.59,0.0,0.0,1270822.86,1413055.45,0
1,38689.33,0.0,0.0,3445236.07,3483925.39,0
0,127611.21,0.0,0.0,137360.91,264972.12,0
0,1375783.03,0.0,0.0,1570900.25,2946683.28,0
1,243833.06,11300.0,0.0,307248.64,551081.7,0
1,59945.38,49807.0,0.0,551158.44,611103.82,0
1,191949.34,15307.0,0.0,0.0,191949.34,0
1,312017.69,21216.0,0.0,459806.99,771824.68,0
1,117542.22,0.0,0.0,183862.19,301404.41,0
1,165561.01,0.0,0.0,1130033.38,1295594.39,0
1,398157.31,0.0,0.0,1626499.87,2024657.18,0
1,32973.62,0.0,0.0,63848.53,96822.14,0
1,89552.7,207261.0,117708.3,0.0,89552.7,0
1,500392.1,112685.64,0.0,1126278.66,1626670.76,0
0,539259.56,47586.26,0.0,0.0,539259.56,0
1,149764.51,5129.0,0.0,0.0,149764.51,0
1,200819.62,0.0,0.0,2427869.09,2628688.72,0
0,430571.62,0.0,0.0,573014.05,1003585.68,0
1,30602.18,0.0,0.0,2854625.57,2885227.75,0
0,301212.66,0.0,0.0,1224014.89,1525227.55,0
1,345618.03,0.0,0.0,4184632.49,8689333.55,0
1,259520.63,8090.0,0.0,0.0,259520.63,0
0,381961.4,0.0,0.0,885037.86,1266999.26,0
1,381113.84,6407.0,0.0,1155403.36,1536517.2,0
1,84975.52,0.0,0.0,1289124.86,1374100.38,0
1,282520.51,21117.0,0.0,0.0,282520.51,0
1,115856.62,60083.82,0.0,786490.5,902347.12,0
1,379340.14,0.0,0.0,1453703.57,1833043.71,0
1,47808.92,0.0,0.0,49367.0,0.0,0
1,61441.42,31757.0,0.0,229270.45,290711.87,0
0,188439.63,5188.0,0.0,4128416.35,4316855.98,0
1,231905.97,5103.0,0.0,47775.2,279681.17,0
1,53638.62,0.0,0.0,1257742.86,1311381.48,0
1,53574.98,109487.0,55912.02,2479298.02,2532873.0,0
0,1145027.66,0.0,0.0,4362312.54,5507340.2,0
1,522236.85,49767.0,0.0,0.0,522236.85,0
0,145393.6,75943.0,0.0,266137.23,411530.84,0
1,149416.93,0.0,0.0,4520097.2,4669514.13,0
0,893863.74,0.0,0.0,1042559.12,1936422.85,0
1,29719.55,47018.19,17298.64,6401396.59,6431116.14,0
1,92892.87,438147.0,345254.13,0.0,92892.87,0
1,254022.51,65419.0,0.0,0.0,109328.51,0
1,84406.99,0.0,0.0,153952.69,238359.68,0
1,222864.38,0.0,0.0,16023463.41,16246327.79,0
1,151599.4,5070.0,0.0,0.0,151599.4,0
0,1239201.24,0.0,0.0,11864056.11,13103257.36,0
0,205796.92,712328.58,506531.67,712223.32,918020.24,0
1,198146.89,0.0,0.0,1377037.25,1578570.72,0
1,222751.21,0.0,0.0,312003.79,534754.99,0
1,160585.27,436.0,0.0,358781.3,519366.58,0
1,311320.64,20634.0,0.0,0.0,311320.64,0
1,179299.76,15889.0,0.0,2526362.43,2705662.19,0
1,404925.19,221485.08,0.0,1278253.39,1683178.59,0
1,159899.13,0.0,0.0,2523101.29,2683000.43,0
1,481729.51,12257.0,0.0,2478317.08,2960046.6,0
0,151774.63,0.0,0.0,2651006.88,2802781.51,0
1,332256.1,0.0,0.0,1232348.16,1564604.27,0
1,203544.42,163284.0,0.0,0.0,203544.42,0
0,1692346.4,286777.81,0.0,2834550.66,4526897.06,0
1,28931.86,15964.0,0.0,0.0,28931.86,0
1,49760.69,30864.0,0.0,2257509.25,2307269.94,0
1,79220.48,34109.6,0.0,5631480.63,5710701.11,0
1,123767.63,0.0,0.0,294673.17,418440.8,0
1,316441.67,49035.0,0.0,746265.71,1062707.38,0
1,172434.02,0.0,0.0,9798696.49,9971130.51,0
1,224579.43,0.0,0.0,2068499.21,2293078.63,0
1,196801.42,15802.59,0.0,523961.97,720763.39,0
1,131371.99,134333.0,2961.01,279829.43,411201.43,0
1,23625.11,26480.0,2854.89,103328.0,0.0,0
1,87029.48,74129.0,0.0,53198.94,140228.42,0
1,142258.92,0.0,0.0,1172741.75,1315000.68,0
1,420770.94,36427.0,0.0,94547.52,515318.46,0
1,110917.26,90782.0,0.0,0.0,110917.26,0
1,289012.05,53851.0,0.0,25825.73,314837.78,0
1,309448.7,0.0,0.0,5597719.47,6670526.13,0
1,347109.6,0.0,0.0,4495449.39,4842558.99,0
1,67481.28,243404.0,175922.72,0.0,67481.28,0
0,2019702.67,205581.0,0.0,65785.68,1894458.37,0
1,7852.39,0.0,0.0,48196.59,56048.99,0
1,187131.42,85973.0,0.0,0.0,280466.85,0
1,485544.18,24749.0,0.0,1718526.17,2204070.35,0
1,174955.63,123030.0,0.0,117143.46,292099.09,0
1,215667.13,51346.0,0.0,0.0,215667.13,0
1,251149.24,9094.0,0.0,1207362.08,1458511.32,0
1,24542.47,20562.0,0.0,996702.32,1021244.79,0
1,90073.29,167424.98,77351.69,10100.0,100173.29,0
0,260699.76,248306.0,0.0,12014396.48,12275096.23,0
1,129455.52,92146.0,0.0,0.0,129455.52,0
1,140231.37,0.0,0.0,5667309.6,7255066.28,0
1,52887.59,0.0,0.0,107358.79,160246.38,0
0,1149017.62,0.0,0.0,1313861.74,2193981.86,0
1,166489.31,275653.02,109163.72,692581.63,859070.94,0
1,232057.85,211990.0,0.0,0.0,232057.85,0
1,22147.34,0.0,0.0,77207.27,99354.61,0
1,394361.44,0.0,0.0,408755.77,803117.21,0
1,507319.49,10231.0,0.0,0.0,507319.49,0
0,213051.96,661.0,0.0,8770237.43,8983289.39,0
1,72387.68,0.0,0.0,756648.39,829036.08,0
1,7406.7,39703.0,32296.3,755766.22,763172.92,0
1,351179.78,3509.0,0.0,177458.7,528638.48,0
1,292030.96,101846.0,0.0,343526.52,635557.48,0
0,1779840.56,0.0,0.0,5574097.65,7353938.21,0
1,270744.74,0.0,0.0,634414.83,905159.57,0
0,252402.51,0.0,0.0,691994.25,944396.76,0
0,14417.16,107310.0,92892.84,0.0,14417.16,0
1,152151.27,66032.0,0.0,964270.18,1356374.54,0
1,145032.25,69733.0,0.0,120022.29,265054.55,0
1,331358.8,0.0,0.0,606587.37,937946.17,0
1,62302.56,568.0,0.0,257208.39,319510.95,0
1,511439.76,0.0,0.0,3911371.23,4422810.98,0
1,198978.85,87230.0,0.0,0.0,198978.85,0
1,254243.5,13295.0,0.0,695225.11,1039866.62,0
1,190249.06,10497.0,0.0,839752.41,1030001.47,0
1,98415.72,739.0,0.0,1270755.84,1244423.76,0
1,17846.06,0.0,0.0,19983.45,37829.51,0
1,362350.19,697.0,0.0,243843.46,606193.65,0
1,119150.94,0.0,0.0,262583.38,381734.32,0
1,78886.98,10614.0,0.0,85072.0,163958.98,0
1,74719.51,1057.0,0.0,84059.88,158779.39,0
0,948048.16,0.0,0.0,3733336.3,4681384.46,0
1,42868.51,0.0,0.0,135328.71,178197.22,0
1,25839.3,0.0,0.0,648505.82,674345.11,0
0,713617.74,16887.0,0.0,171686.74,885304.48,0
1,209046.46,0.0,0.0,1609360.94,1818407.4,0
1,43766.68,0.0,0.0,16990761.03,17034527.71,0
1,646515.59,0.0,0.0,5195336.73,5841852.32,0
1,298739.77,815094.86,516355.09,700380.79,999120.56,0
0,28220.37,223.0,0.0,339671.7,367892.07,0
1,67500.88,239.0,0.0,2846403.55,2913904.43,0
1,80766.48,355952.56,275186.08,294522.0,375288.48,0
1,5633.48,2327.0,0.0,2799122.42,2884479.78,0
1,159896.79,1454.0,0.0,621865.6,781762.38,0
0,104417.7,121400.0,16982.3,340432.23,444849.93,0
0,113055.19,103596.0,0.0,372628.01,485683.2,0
1,298565.29,51809.0,0.0,8065318.99,8363884.28,0
1,112905.41,210.0,0.0,170139.86,283045.26,0
0,134482.95,0.0,0.0,162234.58,296717.53,0
1,62624.04,39031.41,0.0,8716.52,71340.56,0
1,394962.35,0.0,0.0,3360896.8,3755859.15,0
1,24884.91,8877.0,0.0,3629489.11,3654374.02,0
1,124994.21,22493.0,0.0,0.0,124994.21,0
1,134415.39,63412.0,0.0,340129.95,474545.34,0
1,80257.2,26622.35,0.0,184071.12,264328.32,0
1,110476.24,448614.83,338138.59,5323489.25,5433965.49,0
1,284560.08,20118.0,0.0,36514.05,321074.13,0
1,58279.27,0.0,0.0,3422004.59,3480283.86,0
1,256046.04,397680.0,141633.96,361539.88,550757.91,0
1,66930.62,0.0,0.0,495439.3,562369.92,0
1,54109.61,0.0,0.0,6173924.42,6228034.03,0
0,904770.33,497649.53,0.0,933459.67,1838230.0,0
1,224190.2,0.0,0.0,826819.71,1051009.91,0
1,199697.42,20882.0,0.0,0.0,199697.42,0
0,2900401.08,0.0,0.0,4099265.08,6999666.17,0
1,218209.26,0.0,0.0,854517.29,1978237.67,0
1,165449.4,9376.0,0.0,620064.41,785513.81,0
1,165067.5,21237.0,0.0,0.0,165067.5,0
1,367720.38,0.0,0.0,8078625.35,8446345.73,0
1,162441.89,40364.0,0.0,867293.88,1029735.77,0
1,173565.54,10599.0,0.0,588651.15,762216.69,0
1,215496.01,0.0,0.0,1056377.31,1157886.92,0
1,139977.01,59971.0,0.0,0.0,139977.01,0
1,23503.71,0.0,0.0,25638.38,49142.09,0
0,539284.02,31498.0,0.0,0.0,539284.02,0
1,242887.71,121990.0,0.0,0.0,242887.71,0
1,305255.96,6217.0,0.0,270891.18,576147.15,0
0,221068.86,0.0,0.0,4559559.43,4780628.29,0
0,772753.6,0.0,0.0,15782201.13,16554954.73,0
1,36719.99,22022.0,0.0,121882.93,158602.92,0
1,489510.9,0.0,0.0,954418.32,1443929.22,0
1,209040.67,0.0,0.0,1074549.41,1283590.08,0
1,69975.01,100243.0,30267.99,1780265.88,1850240.89,0
1,381510.84,145.0,0.0,70331.42,451842.27,0
0,50815.48,32317.0,0.0,47141.17,97956.65,0
1,110225.38,0.0,0.0,346151.43,456376.81,0
1,217698.88,134000.1,0.0,258007.0,304300.55,0
1,15304.66,2018.0,0.0,104955.21,120259.87,0
1,73681.67,125733.0,52051.33,966797.91,1040479.58,0
1,259620.53,4659.0,0.0,26169.08,285789.61,0
1,65592.83,10507.0,0.0,770237.08,835829.91,0
1,303657.92,2.0,0.0,278248.33,581906.25,0
1,141266.21,0.0,0.0,1432579.42,1573845.63,0
1,303130.07,0.0,0.0,6033317.68,6336447.75,0
1,199776.2,0.0,0.0,2401434.54,4937135.42,0
1,16203.14,0.0,0.0,245659.78,261862.92,0
1,160632.49,163436.0,2803.51,341071.2,501703.69,0
0,307140.18,0.0,0.0,535336.65,842476.83,0
1,30138.11,0.0,0.0,4675806.06,4705944.17,0
1,173562.56,31035.0,0.0,466600.06,640162.62,0
1,414823.03,204.0,0.0,412827.5,827650.53,0
0,157686.18,2125.0,0.0,11533.0,97562.08,0
1,171667.27,173055.0,1387.73,0.0,171667.27,0
1,190141.86,0.0,0.0,1603695.71,1793837.57,0
1,57991.86,21188.0,0.0,380362.4,438354.26,0
1,146185.53,0.0,0.0,241370.4,387555.92,0
1,232935.81,0.0,0.0,572871.91,805807.71,0
1,152712.75,103793.0,0.0,0.0,152712.75,0
1,66389.44,0.0,0.0,307846.73,374236.16,0
1,124514.65,11502.0,0.0,996436.5,752415.76,0
1,163086.3,342110.0,179023.7,373789.47,536875.78,0
1,543954.66,0.0,0.0,1518565.98,2062520.64,0
1,79152.05,0.0,0.0,376459.56,455611.61,0
1,13281.84,0.0,0.0,232549.68,245831.52,0
1,55307.64,2408.0,0.0,119525.97,208872.36,0
1,140286.99,244422.85,104135.86,175188.93,315475.92,0
1,206700.96,92172.0,0.0,0.0,206700.96,0
0,730995.95,0.0,0.0,2703745.3,3434741.25,0
1,306668.48,109.0,0.0,266561.85,573230.32,0
1,18441.23,0.0,0.0,2396660.07,2415101.3,0
1,189757.59,0.0,0.0,757022.36,946779.94,0
1,101444.04,11659.0,0.0,0.0,0.0,0
1,115880.75,0.0,0.0,232597.98,348478.73,0
1,246607.44,11651.0,0.0,327226.73,573834.17,0
1,219985.29,45772.0,0.0,129860.37,349845.66,0
0,138754.41,109078.57,0.0,195935.09,18320.63,0
0,2219582.6,60020.0,0.0,920378.95,3139961.56,0
1,177747.48,163947.35,0.0,12566159.7,12743907.18,0
0,1353474.28,21931.0,0.0,991364.29,2344838.57,0
1,43532.84,0.0,0.0,48043.47,91576.31,0
1,23615.47,5676.0,0.0,1735674.93,1759290.4,0
0,466699.43,0.0,0.0,5749885.58,6216585.01,0
0,736314.89,0.0,0.0,12886917.24,13623232.13,0
1,148114.37,0.0,0.0,332296.94,480411.31,0
1,23908.63,421880.0,397971.37,0.0,23908.63,0
1,1708.73,0.0,0.0,649907.64,651616.37,0
1,296391.97,89273.0,0.0,1372741.57,2715567.99,0
0,512463.76,0.0,0.0,825619.54,2003040.38,0
1,246838.33,0.0,0.0,425965.01,672803.34,0
1,74236.83,0.0,0.0,288208.84,362445.66,0
1,151988.53,0.0,0.0,241810.3,393798.83,0
1,172335.54,20979.0,0.0,6583183.84,6755519.37,0
1,319489.46,19543.99,0.0,3751249.15,4070738.61,0
0,1514332.27,0.0,0.0,3004803.48,4519135.75,0
1,274649.24,41428.0,0.0,253320.37,527969.61,0
1,190838.56,290.0,0.0,382915.38,573753.94,0
0,165682.96,0.0,0.0,1728930.54,1894613.49,0
0,908730.04,0.0,0.0,1417781.45,2326511.5,0
1,109619.2,30175.0,0.0,2253492.78,2363111.99,0
0,265294.8,0.0,0.0,485071.07,750365.87,0
1,140699.66,0.0,0.0,253221.83,393921.49,0
1,180449.6,91127.0,0.0,0.0,180449.6,0
0,508624.12,30570.71,0.0,1198039.79,1706663.91,0
0,210225.09,10008.0,0.0,60290.13,270515.21,0
1,64169.4,0.0,0.0,407168.74,471338.15,0
1,16820.43,80011.0,63190.57,1083040.52,1099860.95,0
1,84316.25,21972.0,0.0,1553797.63,1638113.88,0
0,293546.07,0.0,0.0,733617.29,1027163.37,0
1,248773.54,0.0,0.0,944785.86,1193559.39,0
0,1792467.2,117781.0,0.0,0.0,1792467.2,0
1,316744.59,0.0,0.0,1305034.54,1621779.14,0
1,138843.08,0.0,0.0,357536.63,496379.71,0
1,368240.85,0.0,0.0,1972897.34,2341138.18,0
0,1115412.29,55151.0,0.0,210656.16,1326068.45,0
0,464426.32,250213.0,0.0,4784453.17,5248879.49,0
0,51275.47,31431.0,0.0,0.0,51275.47,0
1,30051.01,15460.0,0.0,231202.12,261253.14,0
1,52262.05,339.0,0.0,0.0,52262.05,0
1,86209.49,0.0,0.0,220289.65,306499.15,0
1,206152.22,8177.0,0.0,235644.41,441796.62,0
1,376276.5,0.0,0.0,4798162.86,5174439.36,0
1,234854.65,18027.0,0.0,669311.14,904165.8,0
1,260478.34,99461.79,0.0,849165.45,1109643.78,0
1,355772.31,0.0,0.0,13676749.7,14032522.01,0
0,609010.44,40057.0,0.0,0.0,609010.44,0
1,277327.22,19965.0,0.0,521129.07,798456.29,0
1,79557.03,2666.0,0.0,1700270.71,1648548.02,0
1,76729.89,35.0,0.0,19417.67,96147.55,0
0,335461.29,15636.0,0.0,0.0,288600.46,0
1,245329.39,202928.71,0.0,1726723.25,1972052.64,0
1,160995.93,31730.0,0.0,744459.81,905455.74,0
0,186335.91,0.0,0.0,410149.71,596485.61,0
0,763148.85,0.0,0.0,3773855.3,4537004.15,0
1,168847.37,9919.0,0.0,671422.2,840269.57,0
0,867497.9,0.0,0.0,2490129.51,4685809.28,0
1,205897.1,20479.0,0.0,0.0,1157067.07,0
1,435216.39,0.0,0.0,1120392.23,1555608.62,0
0,475576.52,0.0,0.0,1493278.17,1968854.68,0
1,130625.62,19918.0,0.0,1066874.53,1197500.14,0
1,277829.95,0.0,0.0,366500.39,644330.34,0
0,799691.86,0.0,0.0,1076126.17,1875818.03,0
0,828760.95,0.0,0.0,1182329.86,2011090.81,0
1,68746.42,2063.0,0.0,0.0,68746.42,0
1,63545.09,20488.0,0.0,0.0,63545.09,0
1,27603.37,54046.0,26442.63,347308.29,374911.66,0
1,198154.94,107710.0,0.0,43983.75,242138.69,0
1,110781.81,0.0,0.0,1090983.4,1201765.21,0
1,268463.15,526494.46,258031.31,5276024.21,5544487.36,0
0,451772.41,19944.0,0.0,294692.67,746465.07,0
1,282424.96,0.0,0.0,2501777.43,2784202.39,0
1,109268.74,0.0,0.0,312124.2,421392.95,0
1,243923.2,30913.0,0.0,3085072.46,3328995.66,0
0,1562710.32,0.0,0.0,6323045.12,7885755.44,0
1,46015.54,0.0,0.0,218407.66,264423.2,0
1,108289.61,0.0,0.0,2983035.1,3091324.71,0
0,8798284.79,0.0,0.0,14343076.37,23141361.16,0
1,203251.02,103143.0,0.0,6958125.68,7161376.7,0
1,94916.69,0.0,0.0,1164266.45,1259183.14,0
0,72544.48,0.0,0.0,568792.32,641336.8,0
1,414085.26,188940.0,0.0,194781.43,608866.69,0
1,15099.27,2296.0,0.0,1317671.28,1332770.55,0
1,67133.89,81531.0,14397.11,25700.92,92834.8,0
1,112470.6,0.0,0.0,364021.61,365035.28,0
1,31040.16,0.0,0.0,1328133.75,1359173.91,0
1,80339.66,102477.0,22137.34,11353.0,44581.65,0
1,176258.16,0.0,0.0,210536.25,386794.41,0
1,57783.19,0.0,0.0,410676.0,377662.14,0
1,175297.0,0.0,0.0,733654.46,908951.46,0
1,77359.2,0.0,0.0,388829.18,466188.38,0
1,102279.21,0.0,0.0,476569.26,578848.47,0
1,292748.65,0.0,0.0,2506031.94,2798780.59,0
1,8987.2,22949.0,13961.8,105512.0,114499.2,0
0,256303.82,0.0,0.0,616784.32,873088.13,0
0,407532.11,5432.0,0.0,766669.14,1174201.25,0
0,363766.43,48731.0,0.0,0.0,363766.43,0
1,299663.83,0.0,0.0,4508063.55,4807727.37,0
0,555552.91,0.0,0.0,7116150.21,7671703.12,0
1,214793.94,0.0,0.0,339056.84,553850.78,0
1,308023.4,0.0,0.0,749414.82,1057438.22,0
0,1614508.38,0.0,0.0,2075317.27,3689825.65,0
1,207420.13,0.0,0.0,348709.89,556130.01,0
0,227232.09,0.0,0.0,246119.84,473351.93,0
0,498603.27,16049.0,0.0,2088126.77,2586730.04,0
1,561342.62,0.0,0.0,10794528.46,11355871.08,0
0,974371.95,0.0,0.0,3798991.97,4773363.93,0
1,55148.86,41228.0,0.0,0.0,55148.86,0
1,51311.67,1145.0,0.0,450858.05,502169.71,0
1,189207.83,0.0,0.0,706653.15,895860.99,0
0,81515.03,0.0,0.0,242583.44,324098.47,0
1,145460.74,35109.0,0.0,0.0,145460.74,0
1,152943.51,0.0,0.0,157874.95,310818.45,0
1,305785.1,0.0,0.0,2496175.83,2801960.94,0
1,327737.98,301095.0,0.0,0.0,327737.98,0
1,127815.08,13333.0,0.0,2176436.13,2304251.21,0
1,471717.03,0.0,0.0,6823240.27,7294957.3,0
1,60255.23,11159.0,0.0,230927.02,291182.25,0
0,42380.99,0.0,0.0,115749.81,158130.8,0
1,70474.31,0.0,0.0,3203423.85,3273898.16,0
1,7264.52,0.0,0.0,1044893.79,1052158.31,0
0,718172.22,0.0,0.0,2348397.15,3066569.38,0
1,16872.36,0.0,0.0,6611532.17,6628404.52,0
1,450607.74,10686.0,0.0,0.0,450607.74,0
1,68411.62,41621.0,0.0,5691135.69,5759547.31,0
0,472890.56,0.0,0.0,1778857.91,2251748.47,0
1,990.72,12550.56,11559.84,96989.27,97979.99,0
1,160292.16,0.0,0.0,1240502.9,1400795.06,0
0,874302.22,12527.0,0.0,0.0,874302.22,0
0,551319.38,0.0,0.0,713992.65,1265312.03,0
1,35066.09,0.0,0.0,634524.67,669590.77,0
0,27563766.41,0.0,0.0,66590800.11,94154566.52,0
1,252933.97,25241.0,0.0,398043.3,650977.27,0
1,77315.99,0.0,0.0,112808.3,190124.29,0
1,531659.42,0.0,0.0,2967913.63,3499573.05,0
1,197516.75,21309.0,0.0,162448.23,359964.98,0
1,382608.6,0.0,0.0,1289365.55,1671974.15,0
1,121777.03,0.0,0.0,897426.48,1019203.51,0
0,165550.46,0.0,0.0,1719110.01,1884660.47,0
1,377521.64,33013.0,0.0,1367545.92,1745067.55,0
1,209921.94,149747.0,0.0,115393.62,325315.57,0
0,59169.72,10750.7,0.0,382853.14,442022.86,0
0,133019.74,968.0,0.0,319885.8,452905.54,0
1,42438.62,51334.0,8895.38,0.0,42438.62,0
1,105723.09,0.0,0.0,1805879.37,2345031.35,0
1,147516.64,0.0,0.0,4656710.32,4804226.96,0
1,169082.38,0.0,0.0,608799.6,777881.98,0
1,145870.07,0.0,0.0,2754099.8,2899969.86,0
1,79828.5,93040.0,13211.5,0.0,79828.5,0
1,140793.77,16800.0,0.0,107753.07,248546.83,0
0,594920.55,0.0,0.0,2718157.69,3313078.24,0
1,868059.4,0.0,0.0,10268394.73,11136454.13,0
0,1170006.08,113996.23,0.0,1404454.17,2574460.24,0
1,169007.09,214586.39,45579.3,4070058.37,4239065.46,0
1,68198.66,0.0,0.0,250216.56,318415.22,0
1,204005.18,3647.0,0.0,314704.61,518709.79,0
1,104695.79,0.0,0.0,1903503.58,2008199.37,0
1,24158.7,0.0,0.0,14623582.55,14647741.25,0
1,234208.79,0.0,0.0,614959.96,849168.76,0
1,206960.47,0.0,0.0,2169575.21,2376535.68,0
1,328490.58,0.0,0.0,700223.27,1028713.84,0
0,277275.27,22720.0,0.0,0.0,277275.27,0
0,278012.56,0.0,0.0,5757018.49,6035031.05,0
1,65987.99,3256.0,0.0,9158075.44,9224063.44,0
1,405101.59,0.0,0.0,538659.99,943761.58,0
0,260958.48,39776.0,0.0,113814.96,374773.45,0
1,383655.55,0.0,0.0,6300482.01,6684137.56,0
1,235442.56,0.0,0.0,3394883.62,3630326.18,0
1,222662.02,11072.0,0.0,0.0,222662.02,0
1,43482.33,0.0,0.0,108808.4,152290.72,0
1,210123.9,0.0,0.0,444672.87,654796.78,0
0,1411927.66,23145.0,0.0,31976.61,1443904.28,0
1,368989.04,0.0,0.0,2314502.98,2683492.02,0
1,421235.08,0.0,0.0,3642005.26,4063240.34,0
1,157119.65,224853.0,67733.35,0.0,157119.65,0
1,119833.04,0.0,0.0,1349198.26,1469031.3,0
1,178155.73,50966.0,0.0,405162.08,583317.81,0
1,29611.08,29611.08,0.0,723084.29,752695.37,1
1,126603.86,0.0,0.0,390044.79,516648.64,0
1,361289.03,37851.0,0.0,396422.62,757711.64,0
1,112152.78,0.0,0.0,5245458.4,5263739.84,0
1,228184.58,104887.54,0.0,816513.19,1044697.77,0
1,32563.28,0.0,0.0,370765.67,403328.95,0
1,207745.86,224.0,0.0,755428.89,963174.75,0
1,212865.29,0.0,0.0,394872.19,0.0,0
1,127404.51,244667.1,117262.59,260723.07,388127.58,0
0,12894.84,0.0,0.0,390509.4,403404.25,0
1,187211.0,0.0,0.0,4023223.78,4210434.77,0
1,263254.36,0.0,0.0,352332.49,615586.85,0
1,68699.83,0.0,0.0,2678693.8,2747393.63,0
1,215137.06,0.0,0.0,343124.29,558261.35,0
1,417.2,132187.44,131770.23,15734.85,16152.05,0
1,7037.48,0.0,0.0,1451264.23,1458301.71,0
1,9879.03,665.0,0.0,17220.58,27099.61,0
1,531481.87,0.0,0.0,605543.12,1137024.99,0
1,508786.77,121062.0,0.0,27899.0,536685.77,0
0,317815.77,12900.0,0.0,0.0,317815.77,0
1,306764.18,0.0,0.0,2230109.38,2536873.56,0
0,814883.82,0.0,0.0,1503047.44,2317931.26,0
0,4746093.52,5077.0,0.0,472447.19,5218540.71,0
1,409959.48,5368.0,0.0,1814245.46,2224204.94,0
1,195876.85,738832.17,542955.32,0.0,356767.45,0
1,101945.5,5092.0,0.0,0.0,101945.5,0
1,57987.33,50948.0,0.0,0.0,57987.33,0
1,56139.02,0.0,0.0,11614165.02,11670304.04,0
1,237252.49,100.0,0.0,165844.78,403097.27,0
1,40483.78,13.0,0.0,26458.45,66942.22,0
1,336265.4,18197.0,0.0,312561.03,648826.43,0
1,36878.23,11232.11,0.0,45371.0,82249.23,0
0,30134.81,0.0,0.0,376764.35,406899.17,0
1,64875.66,15736.93,0.0,539237.98,604113.64,0
1,168425.17,0.0,0.0,3126560.26,3294985.43,0
1,79836.29,67.0,0.0,0.0,79836.29,0
1,368488.08,9946.0,0.0,165156.77,533644.85,0
1,13469.81,10331.0,0.0,291957.48,305427.28,0
1,136130.53,0.0,0.0,163860.77,299991.3,0
1,234480.81,0.0,0.0,1759163.66,1993644.47,0
1,121342.07,0.0,0.0,1095160.1,1216502.17,0
1,92139.45,0.0,0.0,1334685.35,1426824.81,0
1,107501.75,20273.0,0.0,2893595.07,3001096.82,0
0,3487432.52,12243.0,0.0,142133.62,3629566.14,0
1,127316.48,0.0,0.0,915164.26,1042480.74,0
0,133609.06,0.0,0.0,427397.93,556424.26,0
1,42980.44,597099.68,554119.24,56755.0,99735.44,0
1,386375.52,18642.57,0.0,1477937.33,1864312.85,0
1,2020.48,6438.1,4417.62,556938.56,558959.05,0
1,350102.27,2103.0,0.0,0.0,438836.73,0
1,186255.45,0.0,0.0,2660014.66,2846270.1,0
1,25529.94,66157.0,40627.06,0.0,25529.94,0
1,46934.74,22099.0,0.0,700459.38,747394.12,0
1,498172.05,23685.0,0.0,1420455.67,1918627.72,0
1,73487.12,428589.72,355102.6,0.0,73487.12,0
0,238391.37,0.0,0.0,1155336.94,1393728.32,0
1,186146.29,456645.0,270498.71,741465.84,927612.13,0
1,56628.03,53194.0,0.0,404043.08,460671.11,0
1,105936.03,0.0,0.0,10618264.49,10243767.96,0
1,157276.07,1127.0,0.0,0.0,157276.07,0
0,236989.39,0.0,0.0,548816.66,785806.05,0
1,277031.42,0.0,0.0,1135882.91,1412914.33,0
1,166644.94,414252.0,247607.06,0.0,166644.94,0
1,61150.52,0.0,0.0,231410.01,292560.52,0
0,405968.56,0.0,0.0,3515307.16,3921275.72,0
1,294676.37,0.0,0.0,668223.12,735683.95,0
0,143741.28,81518.0,0.0,65134.96,208876.24,0
1,91883.97,0.0,0.0,6450487.19,6542371.16,0
1,166509.49,0.0,0.0,1043000.39,1209509.88,0
1,356607.75,40097.0,0.0,193772.95,550380.69,0
1,145751.15,0.0,0.0,610869.6,756620.75,0
1,102168.73,0.0,0.0,392292.93,494461.66,0
1,120377.44,0.0,0.0,438715.85,559093.29,0
0,1579576.05,0.0,0.0,3324631.82,4904207.87,0
0,380541.52,5148.0,0.0,0.0,380541.52,0
1,65475.01,94166.28,28691.26,204939.51,270414.53,0
1,68738.09,0.0,0.0,180243.04,248981.14,0
1,117727.38,21322.0,0.0,0.0,117727.38,0
1,48616.21,0.0,0.0,1022593.24,1071209.45,0
1,334193.67,22679.0,0.0,289089.25,623282.92,0
1,51614.91,24799.0,0.0,0.0,51614.91,0
1,7563.04,61909.0,54345.96,11816540.39,11824103.43,0
1,174639.3,100.0,0.0,0.0,174639.3,0
1,72340.01,21729.0,0.0,0.0,72340.01,0
0,601953.99,0.0,0.0,716569.86,1318523.85,0
1,285769.47,716583.9,430814.44,4396112.2,4681881.67,0
0,854211.99,0.0,0.0,5162720.15,6016932.14,0
1,3208.54,0.0,0.0,1647265.26,1650473.8,0
1,79051.61,0.0,0.0,336571.96,415623.58,0
1,92463.17,0.0,0.0,7907058.99,7999522.17,0
0,140432.15,23716.0,0.0,0.0,140432.15,0
1,153185.47,0.0,0.0,471237.64,894811.49,0
0,528131.62,0.0,0.0,1917581.65,2445713.27,0
1,448789.31,177381.0,0.0,649654.33,1098443.65,0
1,197735.91,5089.0,0.0,0.0,197735.91,0
1,168649.34,104433.0,0.0,205703.52,374352.86,0
1,103075.61,0.0,0.0,107104.16,210179.76,0
1,610829.5,0.0,0.0,1095005.58,1705835.08,0
1,64631.87,0.0,0.0,95479.25,160111.12,0
1,31337.23,1157.0,0.0,7468692.28,7500029.51,0
1,269638.9,0.0,0.0,4281547.32,4551186.22,0
1,295221.35,0.0,0.0,728993.56,1024214.92,0
1,383709.58,0.0,0.0,1556510.83,1940220.41,0
0,633442.38,0.0,0.0,1127895.59,1761337.97,0
1,130785.24,0.0,0.0,343257.53,474042.76,0
1,188022.96,3023.0,0.0,158131.71,346154.67,0
1,81006.31,7532.0,0.0,0.0,81006.31,0
1,223727.06,216877.0,0.0,296221.94,519949.0,0
1,106028.74,0.0,0.0,992036.5,1380765.31,0
0,3030797.82,0.0,0.0,4301890.09,7332687.91,0
1,118133.77,0.0,0.0,291397.52,409531.29,0
1,29252.55,112.0,0.0,324416.6,353669.15,0
0,174933.4,1593.0,0.0,326242.63,501176.03,0
1,367650.51,107691.0,0.0,4791277.05,5158927.56,0
1,45097.57,4645.0,0.0,1881727.41,1926824.98,0
1,285170.0,19901.26,0.0,341532.61,626702.6,0
0,367811.98,0.0,0.0,2868642.73,3236454.71,0
1,182720.06,0.0,0.0,450433.57,936505.14,0
0,442730.36,0.0,0.0,3501527.53,3944257.88,0
1,124801.79,0.0,0.0,186467.0,311268.79,0
1,39836.6,6844.82,0.0,231214.24,271050.84,0
1,220077.41,12927.0,0.0,2444019.11,2664096.52,0
1,112551.87,15802.03,0.0,1065347.67,1177899.54,0
1,583849.35,70785.0,0.0,231571.83,815421.19,0
1,11697.63,0.0,0.0,77355.82,89053.46,0
1,266815.7,305659.0,38843.3,354312.05,621127.75,0
1,27998.28,0.0,0.0,653394.93,681393.21,0
1,314967.23,0.0,0.0,635000.61,1202224.46,0
1,94799.13,32341.0,0.0,9831747.51,9650228.02,0
1,133717.82,10375.0,0.0,1828355.27,1962073.1,0
1,18069.93,23170.0,5100.07,0.0,18069.93,0
1,203632.24,1017.0,0.0,0.0,203632.24,0
1,367222.07,109749.0,0.0,159811.34,527033.41,0
1,350791.69,30199.0,0.0,29752.53,380544.22,0
1,421699.35,234495.52,0.0,2445767.49,2867466.83,0
1,389124.41,0.0,0.0,401235.76,790360.17,0
1,300058.4,0.0,0.0,2154820.49,2454878.89,0
0,215244.61,42353.0,0.0,0.0,215244.61,0
1,139488.96,0.0,0.0,4029120.36,4168609.33,0
1,643304.38,0.0,0.0,2822601.19,3465905.57,0
1,19671.49,190328.07,170656.58,109292.58,128964.07,0
1,103615.61,0.0,0.0,372832.89,476448.5,0
0,529193.36,0.0,0.0,3261729.6,3790922.96,0
0,124846.17,0.0,0.0,18203766.73,18328612.89,0
0,956552.77,735846.0,0.0,0.0,956552.77,0
0,130080.52,2010.0,0.0,4999092.97,5129173.49,0
1,66709.44,0.0,0.0,110510.15,177219.6,0
1,72905.58,652.0,0.0,0.0,72905.58,0
0,148040.92,12.0,0.0,117885.77,265926.69,0
1,235846.78,35794.0,0.0,299903.73,535750.52,0
1,192652.87,8877.0,0.0,242400.28,435053.15,0
1,166376.17,670.0,0.0,509597.22,675973.39,0
0,488418.34,0.0,0.0,2328215.93,2816634.27,0
1,55169.86,639.0,0.0,44156.11,99325.97,0
1,472819.39,0.0,0.0,1275768.94,1748588.33,0
1,273674.29,0.0,0.0,3026497.22,3300171.5,0
1,117128.94,52095.0,0.0,541830.13,658959.08,0
1,159213.94,0.0,0.0,382800.55,542014.49,0
1,158195.34,0.0,0.0,2686585.07,2844780.4,0
1,251446.48,0.0,0.0,507012.37,758458.85,0
0,1247647.5,0.0,0.0,4507692.77,5759538.35,0
0,720676.81,21926.0,0.0,124597.77,845274.58,0
1,293771.49,0.0,0.0,26603947.09,26897718.57,0
1,100862.8,20357.0,0.0,0.0,100862.8,0
1,5363795.31,5363795.31,0.0,33769.18,5397564.49,1
1,301422.61,568.0,0.0,239378.03,540800.63,0
1,234025.43,0.0,0.0,4199340.19,4433365.62,0
1,100299.47,29387.0,0.0,1686675.35,1786974.82,0
1,38355.78,55399.0,17043.22,3554652.45,3593008.23,0
1,117292.37,11579.0,0.0,17615.03,134907.4,0
1,198588.1,4192.0,0.0,6923839.03,7122427.13,0
0,607609.67,11729.2,0.0,3943646.24,4551255.9,0
1,83404.9,35604.8,0.0,1326786.87,1410191.77,0
0,177302.63,0.0,0.0,2433856.4,2611159.04,0
1,115284.76,0.0,0.0,875169.67,990454.43,0
1,101091.63,457.0,0.0,14428490.11,14529581.74,0
1,20387.91,7028.0,0.0,72810.24,93198.15,0
1,26089.89,0.0,0.0,110329.72,136419.61,0
0,264007.61,15477.0,0.0,0.0,264007.61,0
1,68272.94,0.0,0.0,718132.89,786405.83,0
1,77640.73,0.0,0.0,508893.39,586534.12,0
1,22438.87,583479.0,561040.13,65767.21,88206.08,0
0,432683.28,0.0,0.0,2359779.44,2837547.66,0
1,181662.51,0.0,0.0,778372.45,960034.97,0
1,163523.17,10984.0,0.0,1070578.28,1234101.45,0
1,218593.43,0.0,0.0,381764.21,600357.65,0
1,180927.26,24406.0,0.0,62448.15,243375.41,0
1,129362.05,0.0,0.0,136433.87,265795.93,0
0,3514776.7,928.0,0.0,111169.68,3625946.38,0
1,194536.77,0.0,0.0,1170569.91,1365106.68,0
0,761617.87,48452.0,0.0,0.0,761617.87,0
1,190020.79,158010.45,0.0,2477776.78,2667797.56,0
1,308923.29,65308.11,0.0,690836.36,999759.65,0
1,161009.39,0.0,0.0,1210367.39,1371376.78,0
0,1451689.82,17021.0,0.0,253326.3,1705016.13,0
1,164654.47,0.0,0.0,1225816.03,1390470.49,0
1,191723.11,11123.0,0.0,0.0,191723.11,0
1,142851.65,0.0,0.0,0.0,142851.65,0
0,1143532.58,201998.0,0.0,0.0,1143532.58,0
0,1256102.03,0.0,0.0,4021290.99,5277393.02,0
0,2669114.35,220611.92,0.0,2865081.3,5534195.65,0
1,260193.87,31264.0,0.0,0.0,260193.87,0
1,422646.04,30750.0,0.0,168482.36,591128.4,0
1,154364.82,0.0,0.0,735231.43,889596.25,0
0,310962.74,11524.0,0.0,58427.03,369389.77,0
1,61078.47,732.0,0.0,0.0,61078.47,0
0,180278.56,0.0,0.0,183131.72,363410.28,0
1,334681.64,70462.0,0.0,1576998.59,1911680.23,0
0,156469.35,23122.76,0.0,347355.5,338598.58,0
0,593240.63,52224.0,0.0,0.0,593240.63,0
0,597095.79,182049.71,0.0,2069303.74,2666399.53,0
1,184675.26,0.0,0.0,591416.85,837274.64,0
1,300235.95,571740.0,271504.05,353234.58,653470.53,0
0,394261.54,70543.84,0.0,3040802.26,3435063.8,0
0,423524.59,361.0,0.0,357641.77,781166.36,0
1,16507.34,0.0,0.0,486515.92,503023.26,0
1,272189.73,21236.0,0.0,1092947.74,1365137.47,0
1,16975.81,12463.0,0.0,432382.5,449358.32,0
1,6151.78,0.0,0.0,3597117.16,3603268.94,0
0,683020.1,5171.0,0.0,0.0,683020.1,0
1,241516.64,63967.38,0.0,394408.41,635925.05,0
1,2408.24,0.0,0.0,27272.85,29681.09,0
0,1118131.21,82085.0,0.0,329749.96,1447881.17,0
1,129650.61,0.0,0.0,982003.86,1111654.48,0
0,352698.76,14770.0,0.0,62150.39,414849.15,0
1,329.45,0.0,0.0,536676.66,537006.11,0
1,62802.81,0.0,0.0,3281386.03,3344188.84,0
1,184992.64,0.0,0.0,4360225.5,4545218.14,0
1,249548.96,20875.0,0.0,0.0,249548.96,0
1,2966.11,0.0,0.0,1126446.46,1129412.57,0
1,189142.56,228364.0,39221.44,1660629.32,1849771.88,0
1,118807.51,2943.0,0.0,7748826.87,7867634.38,0
1,238522.38,0.0,0.0,1659897.46,1898419.84,0
1,262664.2,22061.0,0.0,0.0,262664.2,0
1,181021.01,0.0,0.0,3237520.15,3418541.16,0
1,44722.53,265856.41,221133.88,239167.73,283890.25,0
1,198340.29,0.0,0.0,461417.82,659758.11,0
1,111034.58,6737.0,0.0,2085785.11,2196819.69,0
1,123303.74,0.0,0.0,3650023.92,4381560.25,0
1,141817.79,0.0,0.0,1345465.3,1487283.08,0
1,277787.82,0.0,0.0,814913.33,1092701.15,0
0,459329.14,0.0,0.0,2617043.25,3076372.39,0
1,137892.26,0.0,0.0,1777526.05,1915418.3,0
1,94005.87,0.0,0.0,693094.92,787100.78,0
1,295501.17,0.0,0.0,714554.09,1010055.26,0
1,72076.62,0.0,0.0,121463.01,193539.63,0
1,57093.74,11612.0,0.0,2628449.41,2685543.15,0
1,177051.39,20923.0,0.0,0.0,214264.17,0
1,170781.29,15126.0,0.0,310080.66,480861.95,0
1,339376.13,106830.0,0.0,0.0,339376.13,0
1,216884.05,461911.0,245026.95,0.0,216884.05,0
1,68722.62,0.0,0.0,138350.38,207073.0,0
1,47143.53,20860.0,0.0,170309.26,217452.78,0
1,206779.35,0.0,0.0,1216938.53,1423717.88,0
1,41232.24,0.0,0.0,4933698.35,4974930.59,0
0,32461.01,0.0,0.0,1890007.0,1922468.01,0
1,74555.86,130899.0,56343.14,0.0,74555.86,0
0,69022.57,10508.0,0.0,181720.95,250743.52,0
1,305851.63,0.0,0.0,1537086.88,1842938.51,0
1,378144.16,228441.0,0.0,66034.87,679161.36,0
0,1624770.75,55259.0,0.0,1411711.56,3036482.31,0
1,75514.15,31315.0,0.0,841978.55,917492.7,0
1,184183.69,256373.0,72189.31,342807.41,393199.27,0
1,232485.45,30980.0,0.0,54423.32,286908.77,0
1,29579.94,0.0,0.0,302870.41,332450.34,0
1,320010.34,88154.75,0.0,2127840.32,2447850.65,0
1,404500.11,21042.0,0.0,10291212.07,10695712.18,0
1,205919.91,0.0,0.0,11988689.65,12194609.56,0
1,109244.39,49917.0,0.0,277227.18,386471.57,0
1,148833.63,111629.0,0.0,140927.81,117487.6,0
1,118290.75,8225.0,0.0,1389725.19,1508015.94,0
1,116855.38,0.0,0.0,5071366.59,5188221.97,0
1,162667.13,0.0,0.0,493898.23,656565.35,0
1,67037.45,0.0,0.0,1191382.04,1258419.49,0
1,429399.99,10238.0,0.0,436312.88,865712.87,0
0,145994.34,0.0,0.0,4428110.29,4574104.63,0
1,73788.92,976.0,0.0,0.0,73788.92,0
1,391295.8,0.0,0.0,13231.66,404527.46,0
1,81946.11,202133.0,120186.89,528288.1,610234.21,0
0,899435.18,0.0,0.0,1939665.37,3540009.69,0
1,111264.89,0.0,0.0,654468.46,765733.35,0
1,78956.82,0.0,0.0,230931.47,309888.29,0
1,336405.08,0.0,0.0,583388.62,681403.02,0
1,217451.21,45728.0,0.0,1479445.23,1696896.44,0
1,13663.91,0.0,0.0,827131.55,840795.46,0
1,101403.01,0.0,0.0,1134228.9,1235631.91,0
1,413.0,50961.0,50548.0,8922736.45,8923149.45,0
1,8607.12,0.0,0.0,777278.28,785885.4,0
0,205629.33,0.0,0.0,287510.32,493139.66,0
0,108669.16,0.0,0.0,472690.02,581359.17,0
1,340611.4,397228.0,56616.6,0.0,340611.4,0
0,1182463.13,54645.0,0.0,7088198.34,8270661.47,0
1,390569.65,0.0,0.0,4170198.12,4560767.77,0
1,577861.07,406510.47,0.0,7050053.92,7627914.99,0
1,526856.59,9143.0,0.0,430845.5,957702.09,0
0,608527.71,59576.0,0.0,154959.54,763487.25,0
1,78879.54,0.0,0.0,4949173.7,5028053.24,0
1,461990.83,0.0,0.0,495428.3,1323753.78,0
1,238888.3,0.0,0.0,408719.11,647607.4,0
1,281759.22,20866.0,0.0,56342.44,338101.66,0
0,1735600.59,105699.0,0.0,41634.75,1777235.34,0
1,75903.17,56312.0,0.0,97638.51,173541.68,0
1,101631.61,4095.0,0.0,483100.23,636985.65,0
0,167284.63,98.0,0.0,370318.21,537602.83,0
1,76886.15,37233.0,0.0,312292.82,389178.97,0
0,156795.87,0.0,0.0,293405.55,450201.42,0
1,34912.04,403052.37,368140.33,145260.96,180172.99,0
1,327329.56,222863.0,0.0,10037.78,337367.35,0
1,196708.15,33232.0,0.0,3744771.88,3941480.02,0
1,67866.5,0.0,0.0,229431.87,297298.37,0
0,205566.95,0.0,0.0,285825.39,491392.34,0
1,45188.34,0.0,0.0,516301.66,561490.0,0
1,246604.81,0.0,0.0,575421.41,822026.22,0
1,315687.14,0.0,0.0,815678.77,1360512.41,0
0,479819.79,77449.8,0.0,1214610.15,1694429.94,0
1,75100.35,0.0,0.0,2189004.02,2264104.37,0
1,51123.07,0.0,0.0,224826.63,275949.7,0
1,70053.1,185.0,0.0,96371.29,166424.39,0
1,111049.94,0.0,0.0,680965.3,792015.24,0
1,122275.45,27291.94,0.0,6737855.53,6860130.98,0
1,385267.38,0.0,0.0,6547203.44,6932470.82,0
1,135108.91,0.0,0.0,148736.94,283845.85,0
1,13820.64,0.0,0.0,108627.46,122448.1,0
1,269090.93,41679.0,0.0,124942.19,394033.13,0
1,6720.0,0.0,0.0,44575.09,51295.09,0
1,92282.39,243594.0,151311.61,0.0,92282.39,0
1,68198.77,1211.0,0.0,2352812.22,2421010.99,0
1,181706.14,301.0,0.0,2194446.75,2668076.66,0
1,22237.07,14754.0,0.0,560231.9,582468.98,0
1,196614.78,152620.0,0.0,54637.0,116465.96,0
1,236332.41,18579.0,0.0,312873.58,549205.99,0
0,345857.3,0.0,0.0,13811179.58,14157036.87,0
1,469303.25,0.0,0.0,1133378.38,1602681.63,0
1,119351.43,0.0,0.0,695511.05,814862.48,0
1,121449.03,0.0,0.0,6276093.16,6397542.19,0
1,224664.59,25917.0,0.0,0.0,224664.59,0
1,64258.59,0.0,0.0,654876.05,719134.64,0
1,259421.53,0.0,0.0,904296.4,1163717.93,0
0,718121.95,0.0,0.0,851227.13,1569349.08,0
1,366332.33,13801.0,0.0,3952289.33,4318621.65,0
1,52096.94,147513.0,95416.06,1578025.9,1630122.84,0
0,121146.09,0.0,0.0,375363.3,496509.39,0
1,40787.35,30561.0,0.0,0.0,40787.35,0
0,261097.9,0.0,0.0,690151.96,951249.87,0
1,564590.5,154967.0,0.0,1649780.92,2214371.43,0
1,545465.44,1262.0,0.0,0.0,545465.44,0
1,50040.13,5023.0,0.0,0.0,50040.13,0
1,228396.51,18815.0,0.0,10614.0,239010.51,0
1,149500.8,335.0,0.0,8698275.9,8847776.7,0
0,179171.74,19344.0,0.0,28379.64,207551.38,0
1,19053.52,0.0,0.0,5783207.58,5802261.1,0
0,674249.23,10413.0,0.0,399044.14,1073293.37,0
0,1838550.58,38271.0,0.0,0.0,1838550.58,0
1,51323.48,5065.0,0.0,16475029.48,16526352.96,0
1,32801.08,0.0,0.0,538381.95,571183.02,0
0,571.53,0.0,0.0,136512.49,137084.02,0
1,148920.72,0.0,0.0,2311820.4,2460741.12,0
0,446979.93,0.0,0.0,495973.84,942953.77,0
1,188585.97,16791.0,0.0,66279.57,254865.54,0
1,266684.46,40799.0,0.0,2482619.69,2749304.16,0
1,149695.98,0.0,0.0,642011.26,1114063.87,0
1,132829.95,0.0,0.0,930949.07,1063779.02,0
1,135630.46,10363.0,0.0,1731730.62,1867361.08,0
1,38343.94,0.0,0.0,480599.49,518943.43,0
0,494616.39,0.0,0.0,2131745.26,2626361.65,0
1,451843.63,0.0,0.0,710487.06,1162330.69,0
1,6961.35,7844.88,883.53,979229.38,986190.73,0
1,112032.79,0.0,0.0,391757.94,503790.73,0
1,241701.64,342094.0,100392.36,1635483.37,1877185.01,0
1,102208.45,0.0,0.0,305396.85,407605.3,0
0,1098645.67,0.0,0.0,1630712.88,2729358.55,0
1,375028.51,1757.0,0.0,1438998.96,2093035.46,0
0,424856.9,0.0,0.0,628940.82,1053797.72,0
1,118199.7,0.0,0.0,129189.01,247388.71,0
1,389675.12,32169.0,0.0,0.0,389675.12,0
1,198433.1,0.0,0.0,223819.41,422252.51,0
1,169119.81,0.0,0.0,1298067.15,1467186.96,0
1,295920.47,0.0,0.0,381540.54,677461.01,0
1,350586.61,31725.0,0.0,111043.76,461630.36,0
1,273421.98,31341.0,0.0,211244.96,484666.94,0
1,265661.84,165336.0,0.0,0.0,265661.84,0
1,16161.71,0.0,0.0,422773.92,438935.62,0
1,121269.21,0.0,0.0,1000629.01,1121898.22,0
1,78005.39,0.0,0.0,11934547.15,12012552.53,0
1,160959.16,0.0,0.0,6269623.92,6430583.08,0
1,60460.08,11364.0,0.0,344965.21,405425.29,0
0,126616.19,0.0,0.0,134245.07,260861.26,0
1,216840.99,0.0,0.0,753469.59,970310.58,0
1,141489.45,0.0,0.0,8364203.51,8877188.3,0
1,39676.91,332268.66,292591.75,61560.7,101237.61,0
1,63026.15,304.0,0.0,6027.0,214095.81,0
1,37552.58,225577.0,188024.42,134470.33,172022.9,0
1,46765.05,0.0,0.0,191129.44,237894.49,0
1,155004.09,50230.0,0.0,0.0,155004.09,0
1,719994.22,21657.0,0.0,319719.68,1039713.9,0
0,1623816.28,0.0,0.0,1807908.33,3431724.61,0
1,145444.89,0.0,0.0,380803.08,526247.97,0
0,2146692.72,9146.0,0.0,0.0,2146692.72,0
1,51927.19,0.0,0.0,256374.87,474189.39,0
1,8471.66,0.0,0.0,5148420.18,5156891.84,0
0,114596.23,0.0,0.0,733254.08,847850.32,0
1,236205.67,53540.0,0.0,254662.0,602195.1,0
1,129722.42,10488.0,0.0,223840.1,353562.52,0
1,374277.03,301538.23,0.0,733338.06,1107615.09,0
1,298310.14,21404.0,0.0,0.0,298310.14,0
1,267053.99,13587.26,0.0,894864.2,1161918.2,0
1,241958.3,0.0,0.0,6306356.01,6548314.31,0
0,740718.49,35222.87,0.0,70468.77,811187.26,0
1,562900.2,30217.0,0.0,729396.21,1292296.41,0
1,360782.2,41286.0,0.0,1958367.76,2319149.96,0
0,676079.58,0.0,0.0,2970995.59,3647075.17,0
1,185542.33,499679.62,314137.28,225628.89,411171.22,0
1,231472.64,201785.0,0.0,277196.65,508669.29,0
0,2289422.87,0.0,0.0,4121545.64,6410968.51,0
1,39836.29,74959.0,35122.71,3330081.84,3369918.14,0
1,307442.59,40275.0,0.0,5038373.18,5345815.77,0
1,96629.29,0.0,0.0,216010.45,312639.73,0
0,659142.28,0.0,0.0,1858317.41,2517459.69,0
1,34140.81,18023.0,0.0,0.0,34140.81,0
1,120893.33,20640.0,0.0,10300645.63,10421538.95,0
1,131375.03,0.0,0.0,359331.31,490706.33,0
1,387907.58,0.0,0.0,1137186.3,2107878.05,0
1,128771.44,0.0,0.0,171446.92,300218.36,0
1,64427.16,4260.0,0.0,0.0,64427.16,0
1,286422.38,0.0,0.0,738388.42,1024810.8,0
1,17548.35,32483.0,14934.65,20568.74,38117.09,0
1,4435.21,0.0,0.0,21056.0,8390.78,0
1,354772.77,20797.0,0.0,420128.71,774901.47,0
1,335666.08,0.0,0.0,8561902.89,8542856.5,0
1,333554.83,61663.0,0.0,311927.27,645482.1,0
1,277179.46,0.0,0.0,516082.07,793261.53,0
0,1598031.78,0.0,0.0,2921361.87,5106908.65,0
1,385954.62,12857.38,0.0,10267817.6,10946293.06,0
0,223185.24,0.0,0.0,7117778.87,7340964.11,0
0,71034.95,0.0,0.0,139432.18,210467.14,0
1,19257.41,30056.0,10798.59,0.0,19257.41,0
1,36435.4,911907.0,875471.6,2592000.88,2628436.28,0
1,169077.04,0.0,0.0,349706.46,518783.5,0
1,84873.16,41710.0,0.0,4802939.24,4887812.4,0
1,638640.1,14858.0,0.0,402262.87,679824.3,0
1,146425.08,0.0,0.0,27237268.53,27383693.61,0
1,184572.87,21002.0,0.0,72037.83,256610.7,0
1,57903.62,3060.0,0.0,4292193.15,4350096.77,0
1,206173.12,154681.0,0.0,8040.56,214213.68,0
1,191898.37,0.0,0.0,394843.58,586741.95,0
1,318064.88,21323.0,0.0,0.0,318064.88,0
1,232975.87,0.0,0.0,1945015.83,2177991.71,0
0,258615.56,0.0,0.0,424244.75,396693.91,0
0,229309.57,0.0,0.0,319703.71,549013.29,0
1,134379.34,0.0,0.0,4525985.61,4660364.95,0
1,142711.21,52470.41,0.0,524869.82,667581.03,0
1,24434.5,688.0,0.0,19035.39,43469.89,0
1,202261.83,41670.0,0.0,81620.85,283882.68,0
0,23849.93,104451.68,80601.75,187336.19,211186.12,0
1,197818.58,106620.0,0.0,394233.14,592051.72,0
1,78199.64,102171.78,23972.14,422004.29,500203.92,0
1,143890.91,102983.0,0.0,257767.21,401658.13,0
1,122494.69,0.0,0.0,888855.52,1011350.22,0
1,217755.59,0.0,0.0,2555775.82,2773531.41,0
1,21883.74,20426.0,0.0,301848.92,323732.66,0
1,231472.16,0.0,0.0,254032.67,485504.83,0
1,394050.4,0.0,0.0,811619.14,1205669.54,0
1,187189.92,0.0,0.0,510759.21,697949.13,0
1,268427.25,0.0,0.0,347870.26,616297.51,0
0,1404811.75,133597.0,0.0,1018004.24,2422816.0,0
1,10165.81,0.0,0.0,1390782.28,1400948.09,0
1,205982.53,596.0,0.0,0.0,205982.53,0
1,71050.14,0.0,0.0,401108.57,472158.71,0
1,50566.92,0.0,0.0,319367.52,369934.45,0
1,186979.35,72371.0,0.0,4927.06,191906.41,0
1,94206.9,52005.0,0.0,0.0,94206.9,0
1,197869.02,20939.0,0.0,0.0,197869.02,0
1,226188.28,0.0,0.0,2669988.09,2896176.36,0
1,131304.01,0.0,0.0,1985296.59,2116600.6,0
1,86505.29,20097.0,0.0,23203.88,353846.08,0
1,158655.31,352958.0,194302.69,1525513.2,1684168.51,0
1,86842.66,0.0,0.0,158649.97,245492.63,0
1,171987.46,2663.0,0.0,1164265.41,1336252.88,0
0,789164.65,101525.0,0.0,0.0,789164.65,0
1,234523.62,347.0,0.0,2452741.73,2687265.35,0
1,159032.7,0.0,0.0,574188.72,733221.42,0
1,258290.45,30634.0,0.0,1749019.88,2007310.33,0
1,20681.38,0.0,0.0,58226.24,78907.63,0
1,272292.78,0.0,0.0,1529737.67,1802030.45,0
1,169150.3,72997.0,0.0,228505.41,397655.71,0
0,403832.86,0.0,0.0,14819631.75,15223464.61,0
1,105918.2,0.0,0.0,352750.78,458668.98,0
1,35656.89,29939.0,0.0,1324708.73,1360365.62,0
0,1271715.31,20123.0,0.0,2414501.11,4821960.07,0
1,92658.52,174.0,0.0,56426.08,149084.6,0
1,161910.63,0.0,0.0,731646.77,893557.4,0
1,310158.3,19520.0,0.0,2129.93,312288.23,0
1,385471.91,0.0,0.0,3906277.77,4122927.15,0
1,34127.65,104186.0,70058.35,13590.05,47717.7,0
1,97986.65,0.0,0.0,419663.04,517649.7,0
1,40035.55,0.0,0.0,134601.94,174637.49,0
1,107359.84,0.0,0.0,611322.98,718682.81,0
1,147882.59,29285.0,0.0,0.0,147882.59,0
1,65201.38,0.0,0.0,1338784.23,1403985.62,0
1,221546.0,0.0,0.0,4164056.26,4385602.26,0
0,431223.28,0.0,0.0,462687.4,893910.68,0
1,113263.83,0.0,0.0,3279654.37,3392918.2,0
1,214120.76,278.0,0.0,0.0,214120.76,0
0,983740.1,0.0,0.0,9903176.5,10886916.6,0
1,393054.14,201960.0,0.0,352200.13,745254.27,0
1,77631.61,11681.0,0.0,62383.5,140015.11,0
1,46607.14,9024.0,0.0,944621.06,991228.2,0
1,305543.52,0.0,0.0,3082766.86,3388310.38,0
1,25748.42,0.0,0.0,509014.37,534762.79,0
1,80242.39,19951.0,0.0,26677739.86,26757982.25,0
1,192407.97,29887.0,0.0,0.0,192407.97,0
1,390505.94,67816.84,0.0,2660690.01,3051195.95,0
0,13771.33,418488.67,404717.34,0.0,13771.33,0
1,118260.66,0.0,0.0,608124.77,726385.43,0
1,130817.68,158597.0,27779.32,1461659.94,1592477.62,0
1,112543.46,0.0,0.0,368351.28,480894.74,0
1,143980.17,0.0,0.0,202600.66,346580.84,0
1,367535.32,10585.0,0.0,26432.25,393967.57,0
1,284463.65,991.0,0.0,0.0,284463.65,0
1,120957.11,177201.0,56243.89,175686.05,296643.16,0
1,275800.8,7234.0,0.0,3777079.55,4052880.35,0
1,99679.96,60343.0,0.0,160064.61,259744.58,0
1,443104.82,203943.0,0.0,671138.18,1188907.34,0
1,98853.58,102457.0,3603.42,210670.58,309524.15,0
1,247585.19,137002.0,0.0,0.0,247585.19,0
1,212583.94,0.0,0.0,290750.06,503334.0,0
1,16739.33,0.0,0.0,884205.78,900945.11,0
0,107931.06,0.0,0.0,437015.55,544946.6,0
1,92624.18,21421.0,0.0,202284.27,294908.45,0
1,66502.21,11331.0,0.0,12313.91,78816.12,0
1,31892.94,0.0,0.0,1298092.4,1329985.35,0
1,132904.44,0.0,0.0,192472.72,325377.16,0
1,177914.44,1530.0,0.0,0.0,177914.44,0
1,196803.18,27608.0,0.0,149733.09,346536.27,0
1,254830.63,0.0,0.0,382036.22,636866.85,0
0,215776.74,39964.48,0.0,2672402.72,2888179.45,0
1,32544.95,182232.0,149687.05,0.0,32544.95,0
0,355821.94,0.0,0.0,357412.71,713234.65,0
1,69948.36,0.0,0.0,239917.9,309866.26,0
1,177568.12,0.0,0.0,6786294.98,6963863.1,0
0,47738.7,0.0,0.0,253537.88,301276.58,0
1,167667.84,22476.0,0.0,0.0,167667.84,0
1,123840.91,0.0,0.0,340542.85,464383.76,0
1,33348.33,0.0,0.0,4335728.94,4369077.27,0
1,286577.63,25.0,0.0,36075.44,322653.07,0
1,407305.42,0.0,0.0,1580303.04,1987608.46,0
0,204669.35,0.0,0.0,2763758.63,2968427.99,0
1,175518.16,0.0,0.0,789057.64,1116579.37,0
1,29698.01,1946.0,0.0,0.0,29698.01,0
1,6715.29,19752.0,13036.71,1052257.72,1058973.01,0
1,71567.88,255220.0,183652.12,0.0,71567.88,0
1,149215.82,0.0,0.0,7439678.0,7588893.82,0
1,198587.19,0.0,0.0,2235994.47,2434581.67,0
1,199427.66,417078.0,217650.34,69814.04,269241.69,0
0,1053111.4,0.0,0.0,4723376.49,5776487.89,0
1,71378.52,3622.0,0.0,0.0,71378.52,0
1,118110.51,7042.0,0.0,263845.01,381955.53,0
1,78544.7,262.0,0.0,0.0,78544.7,0
1,202263.03,202263.03,0.0,538324.08,740587.11,1
1,76461.53,0.0,0.0,5363138.35,5439599.88,0
0,794239.81,12995.0,0.0,761997.26,1556237.07,0
0,983078.29,68437.0,0.0,24137.62,1007215.9,0
1,354578.77,113799.0,0.0,197463.15,552041.92,0
1,66056.61,874.0,0.0,44619.75,110676.36,0
1,11036.45,10568.0,0.0,98641.27,109677.72,0
0,444440.79,1054.0,0.0,173683.75,618124.54,0
1,315798.45,95502.0,0.0,1052157.6,1367956.05,0
0,363274.95,0.0,0.0,1855287.91,2218562.86,0
1,58057.34,0.0,0.0,92158.96,150216.3,0
1,257852.42,177378.0,0.0,730463.93,988316.35,0
0,20946.15,0.0,0.0,714048.1,734994.26,0
1,450143.26,50225.0,0.0,59792.43,509935.68,0
1,89138.05,9074.0,0.0,182532.4,271670.45,0
0,131291.28,0.0,0.0,542194.82,673486.1,0
1,3544.01,6080.0,2535.99,1228795.6,1232339.6,0
1,114456.9,0.0,0.0,8971712.17,9086169.07,0
1,2726.3,0.0,0.0,55754.85,58481.15,0
1,35687.75,12118.0,0.0,162686.01,198373.76,0
1,146968.49,0.0,0.0,8223112.62,8370081.11,0
1,91254.38,0.0,0.0,162440.9,253695.28,0
1,241856.95,0.0,0.0,765617.89,1007474.83,0
1,41423.48,10241.0,0.0,44691.25,86114.74,0
0,118045.29,0.0,0.0,309474.96,427520.25,0
1,81984.38,0.0,0.0,1281439.49,1363423.87,0
1,98882.94,11418.0,0.0,272141.39,371024.32,0
0,447783.19,41502.0,0.0,130377.23,578160.42,0
1,149077.55,2054.0,0.0,0.0,149077.55,0
1,19730.97,10286.0,0.0,118989.03,138720.0,0
0,232873.03,0.0,0.0,2119037.72,2351910.75,0
1,52877.63,10650.0,0.0,161460.16,214337.79,0
1,145896.62,128.0,0.0,1400074.17,1545970.8,0
1,261449.72,29892.36,0.0,1190825.44,1452275.17,0
1,201163.7,11105.0,0.0,1406755.38,1607919.08,0
1,74165.63,21476.0,0.0,0.0,74165.63,0
0,1362645.93,0.0,0.0,1543211.39,2951418.37,0
1,126574.94,15415.0,0.0,502329.29,628904.23,0
1,12236.26,0.0,0.0,188708.49,200944.76,0
1,249694.0,100938.0,0.0,4127199.18,4376893.18,0
1,43924.45,63.0,0.0,0.0,43924.45,0
1,279576.62,0.0,0.0,380225.47,659802.1,0
0,4179433.33,123533.0,0.0,0.0,4179433.33,0
0,548429.85,877.0,0.0,621699.7,1170129.55,0
1,194662.4,0.0,0.0,5395035.1,5589697.5,0
1,286882.16,10205.0,0.0,97305.08,213130.26,0
1,270281.64,50907.0,0.0,0.0,270281.64,0
1,381304.97,0.0,0.0,774577.5,1155882.47,0
1,126877.02,253.0,0.0,0.0,126877.02,0
1,40665.97,0.0,0.0,927322.85,967988.82,0
1,88225.61,20671.0,0.0,0.0,88225.61,0
1,194292.76,0.0,0.0,243724.94,438017.69,0
1,75135.83,33773.78,0.0,177481.76,252617.59,0
1,251333.82,0.0,0.0,2783436.41,3034770.23,0
0,674082.35,0.0,0.0,2560534.02,3234616.37,0
0,130872.11,0.0,0.0,804790.65,935662.77,0
1,71476.99,0.0,0.0,3346133.5,3417610.49,0
1,17189.37,0.0,0.0,1108449.47,1125638.84,0
1,36050.51,73964.0,37913.49,0.0,36050.51,0
1,157497.62,0.0,0.0,1637346.64,1794844.26,0
1,3153.5,32349.0,29195.5,120739.12,123892.62,0
1,315906.73,0.0,0.0,1362371.87,1678278.6,0
1,202573.44,317.0,0.0,3691653.32,4191241.08,0
0,1038689.12,5706.0,0.0,799841.61,1838530.73,0
0,6406024.27,17603.0,0.0,0.0,6406024.27,0
1,169186.44,0.0,0.0,1472558.32,1641744.76,0
1,140791.17,28403.0,0.0,11946.87,152738.03,0
0,364423.41,0.0,0.0,14855687.17,15220110.58,0
1,32117.14,10574.0,0.0,1669431.86,1701549.0,0
1,180785.45,0.0,0.0,4421057.15,4601842.6,0
0,849412.72,0.0,0.0,1208037.59,2057450.31,0
1,402171.51,20918.0,0.0,91166.99,646381.96,0
1,53681.89,5243.0,0.0,191475.2,473994.82,0
1,537213.23,0.0,0.0,961605.79,1498819.02,0
0,1074867.26,0.0,0.0,3955419.48,5030286.75,0
1,273504.47,249300.39,0.0,4786175.65,5059680.12,0
1,19036.12,0.0,0.0,238845.92,257882.05,0
1,520894.93,537.0,0.0,0.0,520894.93,0
1,129999.55,0.0,0.0,2037050.32,2167049.88,0
1,307746.67,10225.0,0.0,202715.56,510462.23,0
0,519701.38,0.0,0.0,13176782.17,13696483.56,0
1,233748.89,71271.65,0.0,299262.71,533011.6,0
1,335394.69,0.0,0.0,1947651.85,2283046.54,0
0,88113.9,0.0,0.0,172784.54,260898.45,0
0,273846.9,0.0,0.0,4403155.67,4677002.57,0
1,23547.14,456664.0,433116.86,0.0,23547.14,0
0,216859.85,0.0,0.0,790164.94,1007024.79,0
1,113166.04,29845.0,0.0,201415.33,314581.37,0
1,116396.76,225356.38,108959.62,335058.17,451454.94,0
1,245290.82,32087.0,0.0,263795.14,509085.96,0
1,121953.27,1056.0,0.0,314948.69,436901.96,0
0,226534.35,0.0,0.0,274306.75,375256.85,0
1,88449.24,105139.0,16689.76,1529417.01,1617866.25,0
1,261628.55,310296.98,48668.43,486862.49,748491.04,0
1,136002.33,11588.0,0.0,19793792.81,19929795.14,0
1,161757.0,1294.0,0.0,119475.28,281232.29,0
1,110842.85,326934.0,216091.15,4256994.64,4367837.49,0
1,127679.05,50767.0,0.0,422367.78,550046.84,0
0,349030.56,5022.0,0.0,58771.11,407801.68,0
1,45153.53,82773.0,37619.47,0.0,45153.53,0
1,122745.72,100795.0,0.0,0.0,122745.72,0
1,531844.53,0.0,0.0,588738.64,1120583.17,0
1,361627.84,129998.96,0.0,371745.36,733373.2,0
0,1024310.19,148509.0,0.0,292511.03,1316821.22,0
1,208198.39,31267.0,0.0,202984.21,411182.6,0
1,187342.94,218443.05,31100.11,131111.89,318454.83,0
0,264173.38,0.0,0.0,322353.6,586526.98,0
1,439295.02,0.0,0.0,561818.72,1001113.74,0
0,896257.61,0.0,0.0,3034937.57,3931195.17,0
0,29704.5,616.0,0.0,230616.77,260321.26,0
1,162844.97,100116.0,0.0,0.0,162844.97,0
0,622912.48,21287.0,0.0,15258.21,519379.9,0
1,158368.93,115329.54,0.0,1627712.66,1786081.59,0
1,33369.26,0.0,0.0,113362.33,146731.59,0
1,72882.7,20862.0,0.0,2343562.26,2416444.95,0
1,165899.47,0.0,0.0,359234.03,525133.5,0
1,316806.31,0.0,0.0,996514.29,1123677.93,0
1,126529.67,0.0,0.0,1465222.93,1591752.6,0
1,313420.9,0.0,0.0,988340.96,1301761.86,0
1,137987.49,14785.0,0.0,0.0,137987.49,0
1,200835.24,31439.0,0.0,0.0,200835.24,0
1,50014.16,0.0,0.0,784052.69,834066.85,0
1,53481.55,10866.0,0.0,9482.0,0.0,0
0,602406.15,70087.0,0.0,0.0,602406.15,0
1,8179.96,0.0,0.0,672400.5,680580.46,0
1,31207.15,50701.0,19493.85,362344.56,393551.71,0
1,104755.67,100449.0,0.0,84810.37,189566.04,0
1,219278.26,144032.59,0.0,2057.0,27591.43,0
1,185018.39,0.0,0.0,551732.39,736750.78,0
0,484170.93,0.0,0.0,3166373.03,3650543.96,0
1,174235.23,49923.0,0.0,154665.74,328900.97,0
1,190062.95,8064.0,0.0,0.0,190062.95,0
1,463.87,0.0,0.0,4813923.48,4814387.35,0
0,1579479.19,0.0,0.0,2472319.7,4051798.88,0
0,1645388.69,10169.0,0.0,68466.67,1713855.36,0
1,351039.44,10496.0,0.0,1024456.58,1375496.01,0
0,281913.44,0.0,0.0,377900.01,659813.45,0
1,19214.19,0.0,0.0,3226182.79,3245396.97,0
1,170860.12,52295.0,0.0,214248.34,385108.46,0
1,155027.44,977621.39,822593.96,9197188.58,9352216.02,0
1,36989.05,0.0,0.0,19437609.24,19474598.29,0
0,1406502.17,46653.0,0.0,0.0,1406502.17,0
1,257489.72,10660.0,0.0,546289.79,803779.51,0
1,25602.34,4921.0,0.0,414549.01,440151.35,0
1,29113.04,0.0,0.0,939472.73,968585.77,0
1,157040.83,0.0,0.0,289431.06,446471.89,0
1,113989.89,0.0,0.0,2973609.35,3087599.25,0
1,228132.26,0.0,0.0,898147.27,1126279.52,0
1,217508.65,0.0,0.0,1698943.71,1916452.36,0
0,2048172.99,0.0,0.0,4517157.03,6565330.02,0
1,56228.53,0.0,0.0,2088688.65,2144917.18,0
1,319681.3,42167.0,0.0,77484.97,397166.27,0
1,328111.81,11595.0,0.0,0.0,328111.81,0
1,154214.48,20758.0,0.0,181705.93,333368.97,0
1,257312.07,0.0,0.0,597093.51,854405.58,0
1,195056.75,0.0,0.0,684831.79,879888.54,0
0,832349.54,10623.0,0.0,0.0,832349.54,0
0,613680.9,30326.0,0.0,3542289.98,4155970.88,0
1,463246.41,16913.0,0.0,0.0,463246.41,0
1,38319.26,54576.0,16256.74,0.0,38319.26,0
1,273539.19,5149.0,0.0,0.0,273539.19,0
1,139655.05,0.0,0.0,1762744.31,1628827.07,0
1,57944.9,0.0,0.0,231987.4,289932.3,0
1,245654.76,0.0,0.0,956885.91,1202540.67,0
1,87160.76,0.0,0.0,608309.22,695469.99,0
1,17364.88,0.0,0.0,839220.7,758405.7,0
0,226385.07,0.0,0.0,925633.67,1251087.63,0
1,219.08,105216.0,104996.92,0.0,219.08,0
1,174661.82,47652.0,0.0,85223.34,259885.16,0
0,174766.62,0.0,0.0,744538.58,919305.2,0
1,131541.45,0.0,0.0,593066.33,724607.78,0
1,94608.66,111.0,0.0,0.0,94608.66,0
1,93997.15,113737.0,19739.85,566226.34,660223.5,0
1,401748.63,23095.0,0.0,12275.09,741665.76,0
1,23642.54,88719.0,65076.46,629393.69,653036.23,0
1,362163.33,119756.0,0.0,2003864.83,2366028.16,0
1,312227.75,0.0,0.0,586834.66,899062.41,0
1,244197.35,0.0,0.0,2104371.94,2508080.21,0
1,7810.95,20204.0,12393.05,191983.35,199794.3,0
1,131228.13,50320.0,0.0,1257043.6,1388271.73,0
1,407360.85,61478.0,0.0,470.3,839087.05,0
1,66125.25,42679.0,0.0,116947.54,183072.79,0
1,86553.13,0.0,0.0,185091.89,271645.02,0
1,52622.83,17857.0,0.0,143258.4,195881.22,0
1,315419.35,0.0,0.0,1720834.68,2036254.03,0
0,306767.8,10411.0,0.0,0.0,306767.8,0
0,1244818.19,0.0,0.0,30246814.23,31491632.42,0
0,16628544.37,0.0,0.0,34273556.59,88628899.21,0
1,16004.08,0.0,0.0,2410011.04,2426015.12,0
1,237389.32,0.0,0.0,4422767.28,4660156.61,0
1,172376.6,359.0,0.0,17003.77,189380.37,0
1,108561.92,50522.0,0.0,1811334.82,1919896.73,0
1,116030.06,0.0,0.0,129679.35,245709.41,0
1,168365.5,115610.0,0.0,407341.38,575706.87,0
1,18240.28,10707.0,0.0,0.0,127216.25,0
1,8352.93,0.0,0.0,323238.07,331591.01,0
1,73137.73,0.0,0.0,4300006.27,4373144.0,0
1,38471.18,0.0,0.0,749898.24,788369.42,0
1,322840.99,0.0,0.0,365851.85,688692.84,0
1,18404.76,103347.0,84942.24,0.0,18404.76,0
0,415846.71,24100.16,0.0,8257853.07,8673699.77,0
1,93069.33,0.0,0.0,164224.55,257293.88,0
1,434944.03,78681.07,0.0,2097900.4,3835790.62,0
1,79970.72,0.0,0.0,117833.01,197803.73,0
0,626221.95,148522.0,0.0,3583523.47,4007393.42,0
0,189361.81,35193.0,0.0,1353350.29,1542712.1,0
1,76955.99,3804.0,0.0,0.0,76955.99,0
1,265514.76,18521.0,0.0,0.0,265514.76,0
1,34514.02,111473.0,76958.98,0.0,34514.02,0
1,166454.82,0.0,0.0,378545.64,545000.46,0
1,34902.76,55511.0,20608.24,256799.82,291702.59,0
0,187040.77,77112.0,0.0,194958.69,381999.46,0
0,1047509.14,0.0,0.0,1711721.13,2961998.92,0
0,243716.8,82639.0,0.0,2066500.69,2310217.48,0
1,117485.3,11343.0,0.0,0.0,117485.3,0
1,165824.77,0.0,0.0,1211916.47,1550966.15,0
1,430989.86,0.0,0.0,593130.28,1024120.14,0
1,14346.58,25267.0,10920.42,84125.66,98472.25,0
1,147686.84,0.0,0.0,410640.32,558327.16,0
0,792992.63,0.0,0.0,3129471.4,3922464.03,0
1,15265.28,406290.01,391024.74,214517.72,229783.0,0
1,18798.23,344057.0,325258.77,602054.31,1023267.28,0
1,61050.22,200357.0,139306.78,500835.72,561885.94,0
1,226956.06,0.0,0.0,513426.72,740382.78,0
1,81110.7,0.0,0.0,995842.06,1076952.75,0
1,58430.72,54656.0,0.0,1590928.92,1649359.65,0
1,180490.28,137863.0,0.0,261164.82,441655.1,0
1,20208.74,21853.0,1644.26,346092.63,366301.36,0
0,100745.45,295.0,0.0,6226361.84,6327107.29,0
1,35100.47,0.0,0.0,413814.83,448915.3,0
1,223396.88,50004.0,0.0,49679.34,273076.22,0
0,614977.58,0.0,0.0,644585.59,1259563.16,0
1,498387.84,145501.0,0.0,0.0,498387.84,0
1,69195.53,0.0,0.0,2387754.72,2456950.25,0
1,313166.85,0.0,0.0,1909991.87,2223158.72,0
1,55570.36,0.0,0.0,831310.96,886881.33,0
1,260360.65,0.0,0.0,336136.81,596497.46,0
1,126332.25,16245.77,0.0,3047147.23,3173479.49,0
1,64037.95,20793.0,0.0,99361.29,163399.24,0
1,116600.61,279945.0,163344.39,2759022.68,2875623.29,0
1,338712.17,0.0,0.0,5364932.81,5703644.99,0
1,241589.76,0.0,0.0,3267753.11,3509342.87,0
1,461403.99,284652.71,0.0,2334263.23,2795667.22,0
1,108508.31,12047.0,0.0,99441.17,4904.54,0
0,593007.34,2790.0,0.0,258065.0,851072.33,0
0,2125570.16,0.0,0.0,2289101.77,4414671.93,0
0,928822.93,167105.0,0.0,3003804.78,4361181.22,0
0,1367972.22,358878.0,0.0,0.0,1367972.22,0
1,98441.39,50378.0,0.0,0.0,98441.39,0
1,163077.49,358.0,0.0,7523823.92,7686901.41,0
0,75797.46,10243.0,0.0,109315.22,185112.68,0
1,254339.39,0.0,0.0,7671952.48,7926291.87,0
1,170874.09,22159.0,0.0,89363.42,260237.51,0
1,68699.9,246713.0,178013.1,0.0,68699.9,0
1,212571.79,110464.0,0.0,0.0,212571.79,0
1,9115.43,35203.0,26087.57,562356.36,571471.79,0
1,279065.55,0.0,0.0,1273357.54,1552423.09,0
0,167420.13,0.0,0.0,263448.05,430868.18,0
1,256817.88,20648.0,0.0,2376398.71,2633216.59,0
1,183545.19,0.0,0.0,824589.41,1008134.6,0
1,176981.64,121399.0,0.0,70970.64,247952.28,0
1,128655.56,2464.0,0.0,445752.87,574408.43,0
1,267091.06,0.0,0.0,324720.48,591811.54,0
0,149622.87,13987.0,0.0,0.0,52385.73,0
1,136410.13,58841.0,0.0,176926.02,417035.14,0
1,7683.67,0.0,0.0,77643.4,85327.07,0
1,106687.19,75556.0,0.0,0.0,0.0,0
1,285158.84,108.0,0.0,148197.63,433356.47,0
1,129590.65,0.0,0.0,2329899.78,2459490.43,0
1,167960.88,51625.0,0.0,0.0,167960.88,0
1,169636.69,0.0,0.0,1181051.95,1350688.64,0
1,179293.59,40130.0,0.0,0.0,300711.12,0
0,633142.97,289430.0,0.0,0.0,633142.97,0
1,126947.11,0.0,0.0,454073.35,581020.46,0
1,30770.06,0.0,0.0,672259.19,703029.25,0
0,369615.47,11039.0,0.0,0.0,369615.47,0
1,392945.19,0.0,0.0,983377.44,1376322.64,0
1,67812.4,0.0,0.0,720040.88,787853.28,0
1,268940.76,0.0,0.0,346767.57,615708.33,0
1,115053.36,0.0,0.0,2639209.04,2754262.4,0
1,237639.41,0.0,0.0,366125.57,603764.98,0
1,165144.59,0.0,0.0,399980.69,565125.28,0
0,636127.73,0.0,0.0,6095804.63,6731932.36,0
1,152606.33,0.0,0.0,184700.01,332652.08,0
1,129403.78,76609.89,0.0,11920260.93,12049664.71,0
0,247957.17,30552.61,0.0,5298666.08,5546623.25,0
0,739023.69,46492.86,0.0,1220329.76,1959353.44,0
1,209751.18,0.0,0.0,1350136.4,1559887.58,0
1,337947.12,0.0,0.0,3615679.72,3953626.84,0
1,267503.94,30395.0,0.0,24625.46,292129.4,0
1,99411.71,316.0,0.0,0.0,99411.71,0
1,54402.78,176699.0,122296.22,0.0,54402.78,0
0,420701.93,30431.0,0.0,366268.53,786970.46,0
1,285091.9,5678.0,0.0,21607.0,306698.9,0
1,46664.26,0.0,0.0,223288.32,451777.77,0
0,298050.75,898.0,0.0,1368425.69,1666476.44,0
1,301886.78,50207.0,0.0,4425876.12,4727762.9,0
1,76981.26,0.0,0.0,166512.15,338537.28,0
0,1878035.63,1512.0,0.0,136719.06,2014754.69,0
1,68528.27,11819.0,0.0,53159.08,121687.36,0
1,425143.69,72693.0,0.0,12158.0,345469.49,0
0,129493.67,11141.0,0.0,6185313.18,6314806.85,0
1,178973.69,0.0,0.0,1042272.48,1221246.17,0
1,146737.23,0.0,0.0,359750.91,506488.13,0
0,679333.68,0.0,0.0,4573861.21,5253194.89,0
1,109425.14,0.0,0.0,153548.0,0.0,0
1,458734.71,0.0,0.0,777428.76,1236163.48,0
1,156220.49,0.0,0.0,651102.62,807323.11,0
1,23380.76,70186.0,46805.24,0.0,23380.76,0
1,160656.05,77837.0,0.0,0.0,160656.05,0
1,275614.95,0.0,0.0,3358419.01,3634033.96,0
0,947484.99,0.0,0.0,3847508.04,4794993.04,0
0,238544.87,0.0,0.0,495771.46,607158.08,0
1,21255.31,56516.0,35260.69,392028.32,413283.63,0
1,2236.44,102374.0,100137.56,0.0,2236.44,0
1,99125.31,0.0,0.0,188850.92,287976.23,0
1,111932.46,3265.85,0.0,813761.0,925693.46,0
1,379808.37,116918.0,0.0,453087.4,947357.21,0
1,277244.7,278.0,0.0,0.0,277244.7,0
1,201328.26,12530.0,0.0,2182862.05,2436195.44,0
1,43386.77,0.0,0.0,1010435.2,1053821.97,0
1,203888.38,95328.56,0.0,40680.67,459971.5,0
1,163967.41,1478.0,0.0,0.0,163967.41,0
1,38026.49,0.0,0.0,43039.7,81066.19,0
1,31303.16,34852.0,3548.84,19093.72,50396.88,0
0,168946.95,0.0,0.0,357721.17,526668.12,0
1,116216.14,1019.0,0.0,442703.27,558919.41,0
1,137922.74,0.0,0.0,293528.07,431450.81,0
1,2643.75,0.0,0.0,200388.89,203032.64,0
0,23055.69,0.0,0.0,1043739.96,1066795.65,0
1,163698.64,15206.26,0.0,1345268.48,1508967.12,0
1,6369.02,0.0,0.0,644206.55,650575.57,0
1,57822.96,979.0,0.0,189286.09,247109.05,0
1,147938.72,0.0,0.0,3365881.63,3513820.36,0
1,192597.71,12411.0,0.0,0.0,192597.71,0
0,1820480.87,29700.0,0.0,0.0,1315605.49,0
1,311391.25,0.0,0.0,5147886.83,5459278.08,0
0,212556.6,0.0,0.0,811492.56,1024049.16,0
1,65095.41,0.0,0.0,1636366.31,2052405.41,0
1,342416.2,14962.0,0.0,212563.17,868630.89,0
1,402207.64,0.0,0.0,5595064.63,5997272.26,0
0,2320124.95,0.0,0.0,2534629.08,4854754.03,0
1,29947.76,0.0,0.0,228054.0,258001.75,0
0,586628.86,9173.0,0.0,0.0,586628.86,0
1,119341.02,161550.0,42208.98,253299.49,372640.51,0
1,23690.48,21603.0,0.0,426060.22,449750.71,0
1,249136.03,0.0,0.0,321102.03,570238.05,0
1,191362.19,60471.0,0.0,1367999.83,1663876.58,0
1,424479.17,22312.0,0.0,0.0,424479.17,0
1,587276.96,0.0,0.0,1383321.03,1970597.99,0
1,171544.94,761909.0,590364.06,0.0,171544.94,0
1,250146.16,0.0,0.0,860747.54,1290000.74,0
1,116270.53,11774.0,0.0,0.0,116270.53,0
0,765048.41,0.0,0.0,1048615.22,1813663.62,0
1,325638.28,0.0,0.0,41958136.8,42283775.08,0
1,376893.95,170.0,0.0,4618540.57,4995434.52,0
1,84004.98,19787.0,0.0,0.0,84004.98,0
1,180160.59,0.0,0.0,10809210.25,10989370.84,0
1,142096.08,99285.0,0.0,289359.1,431455.18,0
0,2896834.86,5002.0,0.0,0.0,2896834.86,0
1,167525.01,46597.0,0.0,59725.28,227250.29,0
1,116686.31,0.0,0.0,11599366.05,11716052.36,0
1,47929.11,19251.0,0.0,12708.42,60637.54,0
1,411617.84,0.0,0.0,733206.02,895448.93,0
1,449590.56,11440.0,0.0,0.0,449590.56,0
1,105795.81,72012.0,0.0,312551.15,577551.31,0
0,773819.87,497.0,0.0,24783.8,798603.67,0
1,25700.94,19824.0,0.0,1562032.0,1587732.94,0
1,11130.79,0.0,0.0,15896.95,27027.74,0
1,9597.86,0.0,0.0,466136.81,475734.67,0
1,525777.22,0.0,0.0,1790678.52,2316455.74,0
1,44537.55,0.0,0.0,241406.15,285943.7,0
1,216450.74,20099.0,0.0,100184.85,249136.99,0
1,89749.18,0.0,0.0,1093485.89,1358215.31,0
1,401176.03,25687.0,0.0,0.0,401176.03,0
1,134936.5,9969.0,0.0,1009988.1,1144924.6,0
1,241101.13,495612.0,254510.87,1638825.8,1879926.94,0
1,83888.47,0.0,0.0,506319.25,590207.72,0
1,145990.55,0.0,0.0,4936109.54,5235457.68,0
1,215708.42,0.0,0.0,229676.62,445385.04,0
1,91427.06,11275.0,0.0,0.0,91427.06,0
1,4152435.91,4152435.91,0.0,0.0,4152435.91,1
1,209281.15,150212.0,0.0,667954.03,877235.18,0
1,306691.05,306691.05,0.0,0.0,306691.05,1
0,561537.78,16202.0,0.0,0.0,561537.78,0
0,546452.86,0.0,0.0,2523875.21,3070328.06,0
1,373695.21,50527.0,0.0,0.0,373695.21,0
1,128048.07,0.0,0.0,4943542.53,5071590.6,0
1,4982.25,2028.0,0.0,0.0,4982.25,0
1,119352.7,42322.0,0.0,105357.06,224709.75,0
0,485155.66,1185.0,0.0,2292085.35,2719801.67,0
0,586155.01,23672.9,0.0,1484118.29,2070273.3,0
1,628375.66,51878.0,0.0,0.0,628375.66,0
1,108004.63,0.0,0.0,693756.98,1034475.15,0
1,448740.93,0.0,0.0,8987077.47,9435818.4,0
1,59706.22,0.0,0.0,212234.1,271940.32,0
1,82296.52,282.0,0.0,0.0,82296.52,0
1,338365.62,0.0,0.0,377347.91,715713.53,0
0,206450.14,0.0,0.0,1990257.13,2196707.27,0
1,298527.15,11217.0,0.0,99822.56,398349.7,0
1,238089.84,0.0,0.0,1760858.85,1998948.69,0
1,35767.6,0.0,0.0,1742457.74,2211912.92,0
0,1033258.93,0.0,0.0,7708689.67,8741948.61,0
1,123192.74,7815.07,0.0,1333952.63,1457145.37,0
1,95564.83,102755.0,7190.17,7178661.26,7274226.09,0
1,225952.42,10547.0,0.0,538279.25,764231.68,0
1,107148.61,0.0,0.0,238543.0,238009.21,0
1,84927.52,122015.0,37087.48,288697.87,373625.4,0
1,314879.43,206387.0,0.0,2432057.78,2746937.21,0
1,397670.99,0.0,0.0,1127988.66,1525659.65,0
0,1173285.47,0.0,0.0,7517802.17,8691087.64,0
1,135060.43,0.0,0.0,212246.02,347306.45,0
1,100108.51,508136.0,408027.49,45911.02,146019.53,0
1,47804.8,0.0,0.0,3358466.09,3406270.89,0
0,1424984.54,21814.16,0.0,4362147.23,5787131.77,0
1,48124.06,519876.0,471751.94,1990859.86,2038983.93,0
1,266382.69,113.0,0.0,1985451.57,2251834.26,0
1,100400.27,0.0,0.0,309954.83,410355.1,0
0,728346.24,20882.0,0.0,45980.1,774326.34,0
1,132286.94,11233.0,0.0,385461.89,517748.82,0
0,2243540.28,0.0,0.0,27913604.61,30157144.89,0
1,76087.01,0.0,0.0,300737.07,639247.99,0
1,66682.86,0.0,0.0,237336.74,304019.6,0
1,25103.33,432758.11,407654.78,6106241.39,6131344.71,0
1,51153.69,224465.0,173311.31,893628.84,944782.54,0
1,23037.34,31357.0,8319.66,90939.98,113977.32,0
1,205099.34,0.0,0.0,492272.51,697371.85,0
1,80074.58,0.0,0.0,209855.83,0.0,0
0,255182.55,21254.0,0.0,0.0,5804.11,0
1,496899.32,0.0,0.0,650228.34,1147127.66,0
1,111093.67,0.0,0.0,204058.74,315152.41,0
1,251018.99,11198.0,0.0,1034365.42,1285384.41,0
1,480036.55,104196.0,0.0,0.0,480036.55,0
1,94015.21,0.0,0.0,10905563.66,10999578.87,0
1,305013.15,22065.0,0.0,0.0,305013.15,0
1,195572.93,63.0,0.0,202030.71,397603.64,0
1,34097.21,0.0,0.0,322157.24,356254.44,0
1,66597.3,25654.0,0.0,125324.34,191921.64,0
1,58757.29,900956.0,842198.71,7070.0,0.0,0
1,152821.49,20474.0,0.0,0.0,152821.49,0
1,24157.84,1361.0,0.0,304345.99,328503.83,0
1,436424.7,0.0,0.0,615901.7,1052326.4,0
0,53127.03,0.0,0.0,2790555.37,2843682.4,0
0,674882.89,0.0,0.0,3348267.77,4023150.66,0
1,410522.31,10774.0,0.0,3874512.54,4285034.86,0
1,157020.8,64705.0,0.0,345049.78,502070.58,0
1,5159.5,0.0,0.0,260539.39,265698.9,0
1,251172.29,9077.0,0.0,0.0,251172.29,0
0,2069905.19,0.0,0.0,2657669.3,4727574.49,0
0,1542748.78,0.0,0.0,2874613.05,4417361.83,0
1,19546.8,0.0,0.0,108632.68,128179.48,0
1,105753.88,0.0,0.0,1643274.95,1749028.82,0
1,193317.46,29582.61,0.0,276995.46,470312.92,0
1,425154.91,150.0,0.0,1137815.72,2621062.89,0
1,245652.84,74435.0,0.0,8180890.69,8584094.17,0
0,239002.54,0.0,0.0,380953.25,619955.79,0
1,67261.52,20436.27,0.0,6497953.26,6565214.78,0
1,116485.18,0.0,0.0,1224478.27,1340963.46,0
1,176240.38,0.0,0.0,377671.93,553912.31,0
1,134916.01,26767.0,0.0,0.0,134916.01,0
1,162019.36,1238399.23,1076379.87,237496.57,399515.93,0
1,402422.01,44.0,0.0,554374.44,956796.45,0
0,1999.96,9907.0,7907.04,8287922.74,8289922.7,0
1,656725.35,20446.0,0.0,102671.97,759397.32,0
1,569495.03,0.0,0.0,2120574.65,2690069.69,0
0,519853.99,0.0,0.0,2173199.98,2693053.97,0
1,637699.39,0.0,0.0,690865.43,1328564.81,0
1,60491.25,51897.0,0.0,181649.57,242140.82,0
0,2314769.16,202659.0,0.0,1061608.78,3376377.94,0
1,53723.76,5262.0,0.0,216086.73,269810.49,0
1,284267.61,21338.0,0.0,1888063.91,2172331.52,0
1,139781.41,31000.0,0.0,0.0,139781.41,0
0,592693.51,10519.0,0.0,0.0,571703.63,0
1,128008.0,0.0,0.0,231053.68,359061.68,0
1,684843.49,70597.0,0.0,31524.0,716367.49,0
0,832150.55,0.0,0.0,1443583.01,2275733.55,0
1,176033.97,73912.0,0.0,0.0,176033.97,0
1,131760.14,31898.0,0.0,0.0,131760.14,0
1,56801.99,0.0,0.0,785394.36,842196.35,0
0,250035.53,20667.05,0.0,609328.32,859363.85,0
0,462965.9,821008.0,358042.1,0.0,462965.9,0
1,134845.07,0.0,0.0,786815.44,921660.52,0
1,52491.23,0.0,0.0,410325.39,462816.62,0
1,158154.22,0.0,0.0,1456751.11,1614905.33,0
0,188146.87,0.0,0.0,2494800.73,2682947.6,0
0,658847.46,102971.0,0.0,3422714.57,4081562.03,0
1,400011.31,200193.0,0.0,1761176.52,2161187.83,0
1,299340.85,4089.0,0.0,0.0,299340.85,0
1,107985.42,19919.0,0.0,2712787.38,2820772.8,0
1,133760.94,0.0,0.0,200152.29,333913.23,0
1,276664.98,0.0,0.0,398230.03,674895.01,0
1,240554.39,29362.0,0.0,166325.44,406879.83,0
1,77724.63,0.0,0.0,5720702.48,5798427.12,0
1,277108.21,122625.0,0.0,1781206.6,2058314.81,0
1,100279.85,30225.0,0.0,196380.23,296660.08,0
1,101518.09,0.0,0.0,735042.33,836560.42,0
1,265753.13,166716.0,0.0,0.0,265753.13,0
1,5825.43,0.0,0.0,2758889.14,2764714.58,0
0,710136.09,50873.0,0.0,1126615.22,1836751.3,0
1,41797.46,2011.0,0.0,46048.21,87845.67,0
1,104199.25,49395.0,0.0,397269.46,501468.71,0
0,15900.62,9039.0,0.0,0.0,15900.62,0
1,273133.1,0.0,0.0,2957439.85,3141206.08,0
1,238724.63,5550.0,0.0,10977.0,0.0,0
1,284631.24,0.0,0.0,1930751.92,2215383.15,0
1,71589.73,0.0,0.0,1179760.28,1251350.01,0
1,29458.94,21505.0,0.0,1344052.94,1373511.87,0
1,576087.64,31633.0,0.0,1939073.86,2515161.49,0
1,286632.77,10871.0,0.0,0.0,286632.77,0
1,336463.85,19905.0,0.0,0.0,336463.85,0
1,66734.94,11169.0,0.0,99771.76,166506.7,0
1,188454.36,1557.0,0.0,936966.16,1125420.52,0
1,269866.36,6922.0,0.0,331650.37,601516.73,0
0,1587485.85,7164.0,0.0,0.0,1587485.85,0
1,19757.55,0.0,0.0,1481137.36,2230125.67,0
1,122344.9,0.0,0.0,296857.86,419202.76,0
1,266666.15,267.0,0.0,1380301.76,1646967.91,0
1,58897.7,25777.0,0.0,5346729.71,5405627.41,0
1,68904.08,0.0,0.0,494506.9,563410.99,0
0,619245.7,623955.0,4709.3,5693950.18,6313195.88,0
1,242478.42,0.0,0.0,2016132.25,2258610.67,0
1,8135.86,0.0,0.0,761935.37,770071.24,0
1,156218.29,0.0,0.0,1760491.28,1916709.57,0
1,280336.47,1356.0,0.0,113563.91,393900.38,0
1,174855.79,0.0,0.0,3738395.36,3812649.53,0
1,20787.9,0.0,0.0,308997.89,329785.79,0
1,182239.93,43855.0,0.0,1429985.04,1612224.97,0
1,160373.21,0.0,0.0,2086097.62,2246470.83,0
1,138942.48,242453.77,103511.3,6979129.89,7118072.36,0
0,334054.99,0.0,0.0,424849.12,758904.11,0
1,241062.65,139358.0,0.0,2955113.65,3196176.31,0
1,94034.54,28732.0,0.0,55165.05,149199.59,0
1,29260.23,0.0,0.0,47938.01,77198.23,0
1,115135.69,0.0,0.0,186445.74,467032.42,0
1,221794.67,133.0,0.0,0.0,221794.67,0
0,107033.82,0.0,0.0,1746570.01,1853603.83,0
1,43199.39,93.0,0.0,318310.47,361509.86,0
0,542764.9,0.0,0.0,744665.36,1287430.26,0
1,374004.53,130.0,0.0,0.0,374004.53,0
1,284846.45,0.0,0.0,751454.81,1036301.27,0
0,293932.47,0.0,0.0,1544891.41,1990450.81,0
1,241886.35,0.0,0.0,1161197.03,1403083.38,0
1,12712.71,0.0,0.0,29419.17,42131.88,0
1,174142.95,0.0,0.0,3841894.7,4016037.65,0
1,303392.0,6361.0,0.0,0.0,303392.0,0
1,12986.98,0.0,0.0,240632.38,253619.35,0
1,212838.49,0.0,0.0,1813443.74,2026282.23,0
1,40634.34,0.0,0.0,2628644.01,2669278.35,0
1,610911.31,0.0,0.0,27152759.2,27763670.51,0
1,194602.81,0.0,0.0,3988764.94,4057812.6,0
0,358608.37,0.0,0.0,3831264.75,4189873.12,0
1,203410.82,20585.0,0.0,1971298.12,2174708.94,0
1,211131.43,0.0,0.0,11073556.18,13060826.21,0
1,197107.59,0.0,0.0,6286763.41,6483871.0,0
1,17312.95,0.0,0.0,81443.28,98756.23,0
1,181111.13,0.0,0.0,658939.56,840050.69,0
1,180454.6,0.0,0.0,518596.39,699050.98,0
1,180271.39,0.0,0.0,12626152.39,12806423.78,0
1,199536.5,0.0,0.0,661370.57,860907.07,0
1,179999.19,90029.0,0.0,4554711.95,4734711.14,0
0,110879.89,0.0,0.0,2202169.18,2313049.07,0
1,108704.53,0.0,0.0,458059.42,566763.95,0
1,229690.11,35254.0,0.0,0.0,81520.22,0
1,8304.55,13263.0,4958.45,1325610.31,1333914.86,0
1,276988.3,0.0,0.0,697526.24,974514.54,0
1,240763.78,368.0,0.0,209335.34,450099.12,0
1,74529.63,5105.0,0.0,0.0,74529.63,0
1,122840.08,22250.0,0.0,0.0,122840.08,0
1,56814.53,3772.0,0.0,0.0,56814.53,0
1,126859.28,0.0,0.0,870717.37,997576.65,0
1,37328.19,35.0,0.0,894610.87,931939.06,0
0,1016298.19,81696.0,0.0,0.0,1016298.19,0
1,37026.88,0.0,0.0,407951.69,444978.57,0
1,59820.53,0.0,0.0,270393.54,330214.07,0
1,7985.68,0.0,0.0,126585.91,134571.59,0
1,24555.24,17066.0,0.0,344284.83,368840.08,0
1,285289.55,0.0,0.0,573202.8,858492.35,0
1,29989.34,14428.0,0.0,0.0,29989.34,0
1,117390.6,20282.0,0.0,24607547.52,24724938.12,0
1,55239.61,2090.0,0.0,3792823.73,3848063.33,0
1,273977.6,0.0,0.0,1388259.75,1662237.35,0
1,113662.63,0.0,0.0,165758.59,279421.22,0
0,390739.88,86641.0,0.0,5213278.34,5471488.57,0
0,199220.8,4861.96,0.0,539513.3,1339108.28,0
0,284811.67,9843.95,0.0,1796156.28,2080967.95,0
1,16518.56,11002.0,0.0,47940.88,64459.45,0
1,185681.08,33105.0,0.0,0.0,185681.08,0
0,112319.69,588.0,0.0,1423039.28,1535358.97,0
1,322866.91,265809.0,0.0,538509.26,861376.17,0
0,115048.24,0.0,0.0,6973376.49,7088424.74,0
0,269988.1,0.0,0.0,333375.61,603363.72,0
1,92952.84,156476.0,63523.16,34697.89,127650.74,0
0,647.85,8597.32,7949.47,650069.99,650717.84,0
1,8537.23,775.0,0.0,160639.76,169176.99,0
0,1520136.1,285.0,0.0,1994215.77,3514351.87,0
1,51375.39,3378.0,0.0,7481.83,58857.22,0
1,150266.33,72135.0,0.0,134456.17,284722.5,0
1,157230.99,0.0,0.0,7365739.27,7860856.84,0
1,257362.41,265.0,0.0,365962.86,623325.27,0
1,109747.05,0.0,0.0,1788353.8,1898100.84,0
1,34933.98,130359.0,95425.02,64561.91,99495.9,0
1,29587.32,31479.11,1891.79,1751806.56,1015132.48,0
1,52470.66,236.0,0.0,529625.2,771447.74,0
1,241408.58,0.0,0.0,8809693.4,9051101.97,0
1,203603.34,0.0,0.0,1456841.73,1660445.07,0
1,10354.48,100424.0,90069.52,3321756.68,3221189.83,0
1,46759.98,10486.0,0.0,338513.53,385273.51,0
1,229913.44,0.0,0.0,4257552.9,4487466.34,0
1,183190.55,24355.0,0.0,93627.12,276817.68,0
0,418133.3,0.0,0.0,3555047.06,3973180.36,0
1,57218.82,0.0,0.0,4430580.43,4519809.84,0
1,178044.84,79139.0,0.0,918922.86,1096967.71,0
1,191611.39,0.0,0.0,409570.64,601182.03,0
0,150166.45,0.0,0.0,502314.98,652481.43,0
1,302269.01,11671.0,0.0,0.0,302269.01,0
1,9537.65,837.0,0.0,85625.85,95163.5,0
0,44429.1,1414.0,0.0,325155.94,369585.04,0
1,215496.52,509175.0,293678.48,302547.9,518044.42,0
1,136050.41,547.0,0.0,2594527.8,2730578.21,0
1,349151.79,11202.0,0.0,0.0,349151.79,0
1,72529.38,234088.0,161558.62,0.0,72529.38,0
1,142586.51,0.0,0.0,685850.39,828436.91,0
1,9944.28,0.0,0.0,3891857.06,3901801.34,0
1,140945.85,0.0,0.0,701670.06,842615.91,0
0,317438.09,807579.0,490140.91,241919.45,559357.55,0
1,190501.15,0.0,0.0,237810.63,428311.78,0
1,1106295.77,1106295.77,0.0,20017.88,1126313.65,1
1,120109.35,8457.0,0.0,0.0,528547.68,0
1,286986.6,10190.18,0.0,611172.67,898159.27,0
1,308124.78,3310.0,0.0,917321.66,1225446.44,0
0,100861.7,5755.0,0.0,253618.9,354480.6,0
1,173734.69,0.0,0.0,774049.77,947784.46,0
0,633875.68,31321.0,0.0,0.0,633875.68,0
1,267407.2,1216.0,0.0,21544.0,0.0,0
1,160855.91,24006.0,0.0,397837.09,558693.0,0
1,23662.63,119515.98,95853.35,54960.77,78623.4,0
1,246076.7,33008.0,0.0,2140779.8,2386856.49,0
1,3802.3,20686.0,16883.7,0.0,3802.3,0
1,405931.87,101019.0,0.0,111016.83,516948.71,0
1,171099.58,0.0,0.0,245507.1,416606.68,0
1,26803.15,318.0,0.0,356645.38,383448.53,0
1,63970.8,0.0,0.0,413432.18,477402.98,0
1,57292.69,94519.0,37226.31,0.0,57292.69,0
1,32750.54,0.0,0.0,79448.24,112198.78,0
1,103207.92,6258.0,0.0,0.0,103207.92,0
1,114130.58,53479.45,0.0,150878.47,265009.05,0
1,245664.72,49677.0,0.0,198930.66,444595.38,0
1,102406.33,15948.0,0.0,252967.55,355373.88,0
1,36521.8,598.0,0.0,0.0,36521.8,0
1,190814.31,15880.53,0.0,818969.37,1009783.69,0
1,416011.84,211.0,0.0,1157786.11,1573797.95,0
1,106095.59,1836.0,0.0,0.0,106095.59,0
1,88116.02,0.0,0.0,13541866.81,13629982.84,0
0,10000000.0,21020.0,0.0,1554011.7,16198794.64,0
1,53679.69,0.0,0.0,841875.99,895555.68,0
1,179899.32,49818.0,0.0,0.0,179899.32,0
1,258309.52,0.0,0.0,2285850.39,2544159.91,0
1,96142.49,0.0,0.0,489634.82,585777.31,0
1,216675.12,0.0,0.0,4114968.18,4331643.31,0
1,39743.48,0.0,0.0,1866204.1,1905947.58,0
1,168506.4,0.0,0.0,574628.02,743134.42,0
1,95345.93,0.0,0.0,964226.77,1059572.7,0
1,253817.43,64653.0,0.0,429973.37,683790.8,0
1,222162.5,0.0,0.0,537241.51,759404.01,0
1,192277.34,82019.0,0.0,529979.38,722256.72,0
1,49140.93,80182.0,31041.07,39285.49,88426.42,0
1,687549.07,5686.0,0.0,380092.14,1067641.22,0
1,78968.09,16890.0,0.0,16242.09,430119.53,0
1,125251.71,24491.0,0.0,0.0,125251.71,0
0,120064.78,0.0,0.0,7009414.64,7129479.42,0
0,489173.86,649527.0,160353.14,646478.31,1135652.17,0
1,222120.47,0.0,0.0,1098243.76,1353683.12,0
1,72786.89,156016.0,83229.11,0.0,72786.89,0
1,248351.13,0.0,0.0,6515981.55,6764332.68,0
1,318633.13,0.0,0.0,1463517.62,1782150.75,0
0,402785.98,22390.0,0.0,696743.31,1099529.29,0
1,598803.29,46997.0,0.0,31973.0,1171412.02,0
1,151500.01,19850.0,0.0,0.0,151500.01,0
0,48282.64,0.0,0.0,58678.22,106960.86,0
1,98577.23,11685.0,0.0,0.0,98577.23,0
1,293292.65,13204.0,0.0,66851.57,360144.22,0
0,151894.07,21652.0,0.0,101984.04,253878.11,0
0,335824.19,0.0,0.0,1729813.35,2065637.53,0
1,418482.43,0.0,0.0,615042.98,1033525.41,0
1,127442.35,16891.0,0.0,735409.11,862851.46,0
1,222776.78,178752.07,0.0,14017984.16,14240760.95,0
0,58950.44,0.0,0.0,1791785.72,1850736.16,0
1,90040.41,205508.23,115467.82,2903731.46,2993771.87,0
1,411390.87,7227.0,0.0,16375370.53,16786761.4,0
1,62172.11,0.0,0.0,2159453.36,2221625.47,0
1,167868.67,22390.0,0.0,19228.0,0.0,0
1,147560.95,138.0,0.0,263716.24,4663.93,0
1,182825.29,34805.0,0.0,404632.25,587457.54,0
1,178177.09,0.0,0.0,312259.43,490436.52,0
1,155851.55,0.0,0.0,2634327.38,2790178.93,0
1,284170.19,31473.0,0.0,0.0,284170.19,0
1,193963.6,10024.0,0.0,455515.43,649479.03,0
1,367274.5,0.0,0.0,500057.58,867332.08,0
0,868556.93,20224.0,0.0,606662.78,1475219.71,0
1,226172.26,0.0,0.0,438147.12,664319.38,0
1,176127.34,32245.0,0.0,0.0,176127.34,0
1,18548.39,11447.0,0.0,626902.19,613608.93,0
1,324860.13,223694.0,0.0,4940506.71,5358764.13,0
1,267755.6,932651.0,664895.4,0.0,267755.6,0
1,371910.29,86753.43,0.0,2007730.87,2379641.15,0
0,1023593.78,0.0,0.0,1196782.69,2220376.47,0
1,176586.45,42896.0,0.0,141869.54,318455.99,0
1,258045.86,40166.0,0.0,32584.0,314945.43,0
1,86826.62,0.0,0.0,3893980.34,3980806.96,0
1,51436.2,438113.0,386676.8,0.0,51436.2,0
0,458828.15,11535.0,0.0,1279595.97,1738424.12,0
0,221402.25,0.0,0.0,404904.96,626307.21,0
1,5545.08,0.0,0.0,149590.91,155135.99,0
1,119643.66,0.0,0.0,871281.97,990925.63,0
1,221452.85,3868.96,0.0,276549.07,498001.93,0
1,84244.57,102915.81,18671.25,1767743.9,1851988.47,0
1,52332.04,95421.71,43089.67,304238.04,356570.08,0
0,630758.88,104309.0,0.0,667720.85,1178872.0,0
1,96994.94,13880.0,0.0,0.0,96994.94,0
1,308603.99,0.0,0.0,350913.14,659517.12,0
1,52912.28,20027.0,0.0,32415.07,85327.36,0
1,27060.13,11177.0,0.0,250044.34,277104.47,0
1,117350.02,12214.0,0.0,4103278.89,4220628.91,0
1,146614.0,32736.0,0.0,4523.52,151137.52,0
1,27018.25,1133.0,0.0,160366.72,187384.96,0
1,218645.82,31681.0,0.0,217932.05,436577.86,0
1,250027.12,48419.45,0.0,6653719.64,6903746.76,0
1,67648.55,90017.0,22368.45,0.0,67648.55,0
1,1538.34,227099.42,225561.08,9786429.62,9787967.96,0
1,265043.27,0.0,0.0,323842.46,588885.74,0
1,156213.26,10149.0,0.0,2673736.28,2829949.54,0
1,187866.59,358574.0,170707.41,0.0,187866.59,0
1,76784.34,0.0,0.0,93664.58,170448.92,0
1,407307.04,50791.0,0.0,0.0,407307.04,0
1,132061.09,83715.3,0.0,297238.72,429299.8,0
1,186191.74,0.0,0.0,349462.36,853033.13,0
0,419328.4,0.0,0.0,3923325.96,4342654.37,0
1,178227.19,0.0,0.0,5212329.89,5390557.08,0
1,88005.91,0.0,0.0,313127.49,401133.4,0
1,150217.59,102231.0,0.0,4615650.01,4765867.6,0
1,179215.69,0.0,0.0,483462.42,662678.11,0
1,109424.71,12317.0,0.0,1634165.84,1743590.55,0
0,1163413.3,0.0,0.0,1629339.48,3261886.47,0
1,169062.62,0.0,0.0,208410.7,377473.32,0
1,32007.31,201.0,0.0,309293.94,341301.25,0
1,49448.91,121.0,0.0,5419282.14,5468731.05,0
1,111757.76,9449.12,0.0,829514.54,941272.3,0
1,20301.53,0.0,0.0,9726132.9,9746434.44,0
0,255854.43,0.0,0.0,9392272.5,9648126.93,0
1,152321.46,11537.0,0.0,3443285.47,3595606.93,0
1,59960.88,0.0,0.0,60849.32,120810.2,0
1,528404.01,11565.0,0.0,0.0,528404.01,0
0,339030.46,20373.0,0.0,1991644.27,2777576.64,0
0,139011.65,7169.27,0.0,145054.95,284066.6,0
1,145671.07,0.0,0.0,5155344.83,5301015.9,0
1,103683.55,0.0,0.0,1758507.47,1862191.02,0
1,178686.63,30994.0,0.0,610717.24,789403.87,0
1,19041.75,14790.0,0.0,398997.89,418039.64,0
0,866310.83,142239.0,0.0,365143.07,1231453.91,0
1,60202.5,11002.0,0.0,0.0,60202.5,0
1,29085.44,556.0,0.0,679620.17,708705.61,0
0,2997478.57,0.0,0.0,4299016.6,7296495.17,0
1,37926.65,49857.0,11930.35,0.0,37926.65,0
1,175298.24,0.0,0.0,297855.6,473153.84,0
1,299063.8,659535.0,360471.2,828243.18,1127306.98,0
1,91809.61,50211.0,0.0,74543.81,166353.41,0
1,427950.37,4074.0,0.0,6607545.03,7035495.4,0
0,514750.86,45176.86,0.0,1172791.82,1687542.68,0
1,252428.1,0.0,0.0,946356.59,1198784.69,0
0,602486.21,0.0,0.0,824345.32,1426831.53,0
1,76722.72,0.0,0.0,399686.28,476409.0,0
0,2711992.07,21193.0,0.0,876955.27,3588947.34,0
1,93486.25,43414.0,0.0,0.0,93486.25,0
1,423752.97,287272.32,0.0,5930119.42,6353872.39,0
1,618895.01,51508.0,0.0,7479681.88,8098576.89,0
1,266707.08,29774.0,0.0,491472.56,758179.64,0
1,78526.92,0.0,0.0,496339.46,574866.38,0
1,323118.62,7216.0,0.0,0.0,323118.62,0
1,76361.5,0.0,0.0,417409.16,493770.66,0
1,66743.54,0.0,0.0,193684.58,260428.12,0
0,154020.56,0.0,0.0,1770667.82,1924688.39,0
1,179839.23,20044.0,0.0,60215.49,240054.73,0
1,717007.28,0.0,0.0,10168477.98,10885485.25,0
1,229344.43,0.0,0.0,1143637.43,1372981.86,0
0,457941.05,0.0,0.0,2988777.97,3446719.03,0
1,192833.11,0.0,0.0,2386501.23,2579334.34,0
1,409396.77,0.0,0.0,2683991.16,3093387.93,0
1,198278.6,0.0,0.0,250369.85,0.0,0
1,91019.22,350134.18,259114.96,0.0,91019.22,0
0,224791.74,167366.0,0.0,1872464.9,2097256.64,0
1,199504.2,10896.0,0.0,218225.83,417730.04,0
1,198936.07,71.0,0.0,0.0,198936.07,0
1,46269.24,0.0,0.0,5344091.91,5390361.14,0
1,72441.2,0.0,0.0,1282268.07,1354709.27,0
1,400950.41,0.0,0.0,772121.65,1555594.51,0
1,133445.72,1596.0,0.0,420635.89,554081.61,0
1,111650.13,0.0,0.0,6139962.52,6904704.36,0
1,167531.92,0.0,0.0,289913.26,457445.17,0
1,92898.53,0.0,0.0,638113.29,731011.81,0
0,523402.02,0.0,0.0,1028717.4,1552119.42,0
1,324887.87,0.0,0.0,427835.06,752722.94,0
1,68039.28,0.0,0.0,108715.6,176754.88,0
1,427504.21,11179.0,0.0,1440757.28,1868261.49,0
1,250639.8,0.0,0.0,1039551.95,1290191.75,0
1,131726.98,19343.0,0.0,2126800.89,2258527.87,0
1,410502.56,0.0,0.0,1748778.84,2159281.4,0
1,107835.57,0.0,0.0,3139630.62,3247466.19,0
1,134902.58,53078.0,0.0,420184.58,555087.15,0
1,223349.63,0.0,0.0,417901.81,641251.44,0
1,388579.71,10794.0,0.0,2554511.66,2943091.37,0
1,230136.72,0.0,0.0,977367.96,1207504.67,0
1,252556.5,96150.0,0.0,0.0,252556.5,0
1,28696.95,5025.0,0.0,47356.52,76053.47,0
1,235221.5,2054.0,0.0,3517627.04,3752848.54,0
1,248685.14,0.0,0.0,9944909.16,10193594.3,0
1,127634.7,130673.0,3038.3,0.0,127634.7,0
1,401471.51,0.0,0.0,661314.4,1062785.91,0
1,308451.81,0.0,0.0,3741300.45,4049752.25,0
0,1360134.03,539590.26,0.0,1899496.21,3259630.24,0
1,233427.32,0.0,0.0,867511.84,1100939.16,0
1,39900.14,0.0,0.0,173084.42,212984.56,0
1,442477.13,0.0,0.0,1456130.02,1898607.15,0
0,405798.91,161465.0,0.0,88530.61,494329.52,0
1,344059.04,162.0,0.0,93046.19,437105.24,0
1,212152.57,301939.57,89787.0,362739.95,574892.52,0
1,37929.38,11294.0,0.0,0.0,37929.38,0
0,381698.18,5627.0,0.0,0.0,381698.18,0
1,17828.69,63069.0,45240.31,51281.05,69109.74,0
1,9016.26,79991.0,70974.74,0.0,9016.26,0
1,92653.86,290443.91,197790.05,20937684.68,21030338.54,0
1,137852.2,250478.97,112626.77,2580640.67,2718492.87,0
1,38157.03,323714.0,285556.97,0.0,38157.03,0
1,37114.86,0.0,0.0,6872337.13,6909451.99,0
1,141549.74,0.0,0.0,271291.75,412841.5,0
1,125376.46,114.0,0.0,2652332.18,2777708.64,0
0,719291.12,0.0,0.0,9221096.27,9940387.38,0
1,277733.42,32306.0,0.0,410009.67,687743.09,0
0,45288.04,0.0,0.0,1210566.61,1255854.66,0
1,292486.69,16400.0,0.0,505070.17,832490.41,0
1,192251.18,7079.0,0.0,0.0,192251.18,0
1,157711.16,0.0,0.0,728570.13,886281.29,0
1,222394.86,8571.93,0.0,591697.33,814092.18,0
1,367519.16,0.0,0.0,570663.8,938182.96,0
1,295846.06,1050.52,0.0,870695.86,1166541.92,0
1,311266.37,0.0,0.0,805553.11,1116819.48,0
1,163536.77,0.0,0.0,6742593.01,6906129.77,0
1,383835.99,512.0,0.0,296047.1,679883.09,0
1,47011.4,0.0,0.0,2069138.66,2116150.06,0
1,152362.54,0.0,0.0,576394.72,728757.26,0
1,267607.26,154.0,0.0,10051442.33,10319049.59,0
1,26907.28,0.0,0.0,1367425.19,1394332.47,0
1,301210.69,1095.0,0.0,0.0,301210.69,0
1,598645.83,255760.0,0.0,26945.78,625591.61,0
1,185173.78,0.0,0.0,3898234.82,4083408.6,0
0,1292732.03,0.0,0.0,3092958.99,4385691.02,0
1,67021.89,26831.0,0.0,252746.63,319768.52,0
1,45364.45,0.0,0.0,180329.33,225693.78,0
1,276211.59,0.0,0.0,341948.58,618160.17,0
1,447762.71,29134.0,0.0,2148623.04,2596385.76,0
1,46021.51,146.0,0.0,10794638.84,10840660.35,0
0,792957.31,0.0,0.0,8485765.88,9278723.19,0
1,125027.01,0.0,0.0,890105.6,1015132.61,0
1,165264.69,961.0,0.0,0.0,165264.69,0
1,348294.89,0.0,0.0,2474707.74,2823002.62,0
1,311314.5,0.0,0.0,2999723.9,3374706.69,0
1,79938.47,79938.47,0.0,0.0,79938.47,1
1,44440.41,0.0,0.0,1687771.72,1732212.14,0
0,2001771.16,0.0,0.0,3481234.65,5483005.8,0
1,261715.78,3067.0,0.0,510758.86,772474.64,0
1,520202.67,199541.0,0.0,0.0,520202.67,0
1,122594.47,0.0,0.0,610958.36,733552.83,0
1,190398.39,5575.0,0.0,0.0,190398.39,0
1,492429.37,147169.06,0.0,571932.76,1064362.13,0
0,155469.82,0.0,0.0,1736829.91,1892299.73,0
1,788.28,9597.0,8808.72,1097188.56,1097976.84,0
1,146533.07,0.0,0.0,1584200.52,1684857.45,0
1,170017.37,0.0,0.0,2707257.28,2877274.65,0
1,48136.99,0.0,0.0,718967.55,641131.92,0
1,366249.61,53216.0,0.0,0.0,366249.61,0
0,794266.27,0.0,0.0,1523643.25,2317909.52,0
0,235627.61,0.0,0.0,2381690.95,2617318.56,0
1,191940.82,75279.0,0.0,0.0,191940.82,0
1,47817.25,0.0,0.0,48508.36,96325.61,0
1,332110.54,574.0,0.0,804624.48,1136735.02,0
1,213975.04,6383.0,0.0,0.0,213975.04,0
1,41668.01,0.0,0.0,115134.98,156802.99,0
1,137328.48,0.0,0.0,157993.79,295322.27,0
1,186209.1,0.0,0.0,1217620.41,1403829.51,0
1,169084.9,0.0,0.0,2846133.55,3015218.45,0
0,728211.61,0.0,0.0,876477.4,1604689.01,0
1,204914.55,0.0,0.0,374335.17,579249.72,0
1,255740.44,0.0,0.0,1161089.16,1416829.61,0
1,324295.84,167013.09,0.0,1675319.9,1999615.74,0
1,118977.54,50776.0,0.0,6207566.14,6326543.69,0
1,192720.35,0.0,0.0,880510.54,1073230.89,0
1,194013.41,30770.0,0.0,536877.46,730890.87,0
0,988545.8,15460.0,0.0,0.0,988545.8,0
0,2020801.67,0.0,0.0,5278753.52,7299555.19,0
1,116350.18,0.0,0.0,2117325.29,2233675.46,0
1,373728.52,139621.0,0.0,16028.62,389757.14,0
1,250873.23,9956.0,0.0,1871851.16,2122724.39,0
1,217927.4,299935.0,82007.6,73211.99,291139.39,0
1,192822.95,21566.0,0.0,5409.54,198232.5,0
1,301369.54,49430.0,0.0,833893.26,1135262.8,0
1,281796.95,22046.0,0.0,7017572.84,7299369.79,0
0,2993277.9,0.0,0.0,4215291.05,7208568.95,0
1,151847.21,0.0,0.0,597750.06,749597.27,0
1,131325.8,49151.47,0.0,320118.38,451444.18,0
1,239729.82,104315.0,0.0,421491.63,661221.45,0
1,346398.05,50755.0,0.0,0.0,346398.05,0
0,418735.28,1172.69,0.0,806015.8,1224751.08,0
1,193793.59,0.0,0.0,200082.44,393876.03,0
1,43647.99,0.0,0.0,119052.73,162700.72,0
1,241587.15,0.0,0.0,1992685.81,2234272.96,0
1,352776.01,78914.0,0.0,479092.11,831868.12,0
1,41707.1,562029.14,520322.04,1154879.23,1196586.33,0
0,1057444.72,33101.0,0.0,0.0,1057444.72,0
1,118939.52,209.0,0.0,45906.0,37073.42,0
1,141511.93,0.0,0.0,467994.76,609506.69,0
1,170216.97,0.0,0.0,1136539.01,1306755.98,0
0,106074.37,0.0,0.0,468229.22,574303.59,0
1,551047.2,42120.0,0.0,1069717.6,1620764.8,0
1,152445.44,118217.33,0.0,759628.43,912073.88,0
1,274191.91,106199.0,0.0,1265153.5,1692744.37,0
1,415890.71,11282.0,0.0,95925.83,511816.54,0
1,458059.62,22266.0,0.0,0.0,458059.62,0
1,155260.86,0.0,0.0,1387085.87,1542346.73,0
1,248800.26,0.0,0.0,507143.98,755944.24,0
1,181642.35,4775.33,0.0,7305101.14,7486743.49,0
1,169087.2,20714.0,0.0,0.0,169087.2,0
1,180209.74,48682.0,0.0,511270.4,1108310.53,0
1,83251.1,0.0,0.0,3195910.35,3279161.45,0
1,35238.94,32913.0,0.0,223895.7,259134.64,0
1,553219.73,645.0,0.0,235839.92,789059.65,0
1,38319.51,395.0,0.0,0.0,38319.51,0
1,45476.09,302947.0,257470.91,0.0,45476.09,0
1,236133.07,1318.0,0.0,1356367.88,1592500.95,0
1,10358.27,3971.0,0.0,0.0,10358.27,0
1,334995.32,50330.0,0.0,0.0,334995.32,0
1,151948.18,4048.0,0.0,1661599.58,2071060.21,0
1,364425.88,20232.0,0.0,9903804.59,10268230.47,0
1,368535.3,0.0,0.0,1135998.3,1504533.6,0
1,456393.73,30962.0,0.0,245988.75,702382.48,0
0,119025.95,1809.0,0.0,0.0,119025.95,0
1,145070.48,0.0,0.0,1424662.01,1569732.49,0
1,14870.06,11598.0,0.0,311053.31,325923.37,0
0,1216613.79,0.0,0.0,3496926.92,4713540.71,0
1,66438.42,738.0,0.0,0.0,66438.42,0
1,53740.16,118959.7,65219.54,2974029.9,3027770.05,0
0,1076.66,0.0,0.0,2326979.12,2328055.78,0
1,391007.31,21963.0,0.0,764835.22,1155842.52,0
1,737306.39,0.0,0.0,5544659.71,6481370.62,0
1,36883.03,0.0,0.0,1009213.48,1046096.52,0
0,728704.79,0.0,0.0,2660286.87,3388991.66,0
1,125485.7,0.0,0.0,161589.79,287075.48,0
1,45080.89,231812.24,186731.36,6517238.1,6562318.99,0
1,123971.71,20954.0,0.0,24605.72,148577.43,0
1,288990.53,49140.0,0.0,1339125.72,1628116.25,0
0,532737.53,0.0,0.0,1598716.92,2131454.44,0
0,194405.81,1723.0,0.0,29910.08,224315.88,0
1,197668.05,0.0,0.0,6797851.7,6995519.75,0
1,52534.87,70859.0,18324.13,0.0,52534.87,0
1,223167.39,355329.0,132161.61,1009361.57,1232528.95,0
1,165783.68,0.0,0.0,210034.76,375818.43,0
0,97708.32,0.0,0.0,935388.25,1033096.57,0
0,21098.06,0.0,0.0,833665.14,854763.2,0
1,56548.05,258508.0,201959.95,1574901.28,1631449.33,0
1,275467.49,0.0,0.0,1528375.33,1803842.82,0
1,66534.03,0.0,0.0,206008.44,272542.47,0
1,171841.7,0.0,0.0,1536556.62,2814760.9,0
1,243292.07,0.0,0.0,1967622.43,2210914.5,0
1,62881.31,0.0,0.0,150181.95,213063.26,0
1,209488.57,0.0,0.0,1110444.44,1319933.01,0
0,594518.31,0.0,0.0,9315470.1,9909988.41,0
1,127671.47,0.0,0.0,2888357.48,3016028.96,0
1,111116.76,74478.03,0.0,2670353.95,2781470.71,0
1,21907.36,17178.0,0.0,0.0,21907.36,0
1,395454.8,14552.0,0.0,5194189.02,5589643.82,0
1,67321.79,19767.0,0.0,284346.97,351668.76,0
1,166145.88,0.0,0.0,288895.35,455041.23,0
1,122519.88,5019.0,0.0,3002141.51,3124661.39,0
1,138264.18,2266.0,0.0,92637.14,230901.31,0
1,120498.06,0.0,0.0,308216.14,428714.2,0
1,189153.4,0.0,0.0,10737421.17,10926574.57,0
1,255861.85,0.0,0.0,500653.48,756515.33,0
1,19295.65,4395.0,0.0,0.0,19295.65,0
1,360380.01,19518.0,0.0,0.0,360380.01,0
0,511003.42,1581.0,0.0,4082709.63,4593713.05,0
1,53820.64,4470.0,0.0,455065.12,508885.76,0
1,152437.51,102986.0,0.0,0.0,152437.51,0
1,289758.95,9051.01,0.0,3457634.69,3823198.85,0
1,236899.68,0.0,0.0,1599127.78,1836027.46,0
0,2478621.68,749484.9,0.0,19027.07,2497648.75,0
1,3559.68,9000.0,5440.32,0.0,3559.68,0
1,149600.19,56481.0,0.0,450138.72,618924.42,0
1,94553.43,3143.0,0.0,216795.2,311348.63,0
0,610715.35,959147.0,348431.65,633141.23,1243856.57,0
1,69522.57,0.0,0.0,2654185.8,2723708.38,0
1,133402.39,118.0,0.0,3188.62,136591.01,0
1,143459.66,0.0,0.0,3625520.35,3768980.01,0
1,157009.88,0.0,0.0,699941.24,856951.12,0
1,424126.26,0.0,0.0,1633737.22,2057863.48,0
1,142300.77,26495.85,0.0,2827832.07,2970132.84,0
1,255975.17,0.0,0.0,5309007.39,5564982.55,0
0,163519.17,10476.0,0.0,197843.27,361362.44,0
1,111722.35,0.0,0.0,134549.2,246271.55,0
1,393488.33,111440.0,0.0,0.0,393488.33,0
1,190355.91,125.0,0.0,622082.45,812438.36,0
1,317765.85,0.0,0.0,1106655.36,1424421.21,0
1,109020.18,31528.0,0.0,1282494.88,1391515.06,0
1,110516.35,0.0,0.0,2462800.94,2573317.29,0
1,171256.27,0.0,0.0,397261.14,568517.41,0
1,167822.5,0.0,0.0,680846.24,848668.74,0
0,63723.49,0.0,0.0,1724871.31,1788594.8,0
1,243935.31,0.0,0.0,1878941.53,2122876.84,0
1,86564.93,10907.0,0.0,116216.17,202781.1,0
0,270445.86,106914.0,0.0,2180267.36,2450713.22,0
1,405492.05,97254.0,0.0,3307843.9,3713335.96,0
1,40473.49,14409.0,0.0,5177105.56,5217579.06,0
0,155198.81,1353.0,0.0,24905.96,180104.77,0
1,62955.36,220.0,0.0,245191.26,55475.33,0
1,355459.24,7089.0,0.0,382822.11,738281.35,0
0,57401.56,0.0,0.0,3883032.92,4365363.07,0
1,282453.13,297120.0,14666.87,133716.72,416169.84,0
1,94333.43,1554.0,0.0,45201.79,139535.22,0
1,53324.04,0.0,0.0,228810.66,282134.69,0
1,212977.45,0.0,0.0,219270.91,432248.36,0
0,1275553.03,0.0,0.0,9980195.38,11255748.4,0
1,50243.63,423318.7,373075.07,0.0,50243.63,0
0,1908245.1,0.0,0.0,2590692.22,4498937.32,0
1,554280.29,0.0,0.0,1965831.12,2520111.4,0
1,347395.22,117.0,0.0,4883347.25,5230742.47,0
1,273186.95,436.83,0.0,2280727.22,2553914.16,0
1,303234.97,9059.0,0.0,513514.41,816749.38,0
1,362272.72,0.0,0.0,1005726.38,874044.3,0
1,482409.86,0.0,0.0,585577.55,1293908.86,0
1,124304.19,95694.3,0.0,493025.32,617329.51,0
0,1522952.59,0.0,0.0,3831840.94,5354793.54,0
1,8268.28,0.0,0.0,828741.04,837009.32,0
1,152224.26,0.0,0.0,2200148.8,2820874.89,0
1,52014.98,0.0,0.0,3128775.52,3180790.5,0
1,218259.08,0.0,0.0,442984.69,661243.77,0
1,58562.94,5081.0,0.0,0.0,58562.94,0
1,147085.6,14452.99,0.0,259167.72,406253.33,0
1,2305.38,378113.13,375807.74,572059.86,574365.24,0
1,207383.3,22023.0,0.0,4003718.44,4211101.74,0
1,68958.5,102451.0,33492.5,2936552.88,3005511.38,0
1,28785.08,0.0,0.0,331169.98,359955.06,0
1,307563.04,0.0,0.0,2522240.7,3246231.51,0
1,132830.97,19816.44,0.0,825689.6,958520.57,0
1,197621.77,0.0,0.0,9245115.05,9442736.82,0
1,50945.29,92010.0,41064.71,351971.05,402916.34,0
1,108814.72,116052.04,7237.32,194169.75,302984.47,0
1,45940.62,0.0,0.0,1027404.42,1073345.04,0
1,130744.35,19187.0,0.0,1910539.82,2141622.8,0
0,751323.25,22093.0,0.0,250661.75,1001985.0,0
1,160698.58,10200.73,0.0,412603.14,573301.72,0
1,62355.27,125847.0,63491.73,43885.57,106240.85,0
1,85211.77,0.0,0.0,151750.24,236962.01,0
1,214391.98,0.0,0.0,681559.25,895951.23,0
1,334760.94,199813.0,0.0,191118.8,525879.74,0
1,187793.02,71276.0,0.0,710914.44,898707.46,0
1,230015.24,0.0,0.0,2025698.81,2255714.04,0
1,47971.27,0.0,0.0,973498.52,1137399.55,0
1,585095.81,10757.0,0.0,0.0,875765.65,0
1,34036.69,0.0,0.0,71403.05,105439.74,0
1,141450.43,0.0,0.0,2079132.3,2220582.73,0
1,64609.09,195.0,0.0,4592101.23,4656710.32,0
1,105343.83,5646.17,0.0,7707837.21,7813181.04,0
1,422.26,0.0,0.0,157646.49,158068.75,0
1,255140.63,0.0,0.0,1140403.06,1395543.69,0
1,3920.98,0.0,0.0,2796844.45,2951351.98,0
1,302162.79,0.0,0.0,1412257.33,1714420.12,0
1,137126.38,0.0,0.0,8228575.75,8365702.13,0
1,550498.77,35278.88,0.0,894069.54,1444568.31,0
1,73070.9,0.0,0.0,2327872.62,4457668.69,0
1,261261.52,45663.0,0.0,0.0,261261.52,0
1,153957.01,0.0,0.0,164933.55,318890.56,0
1,132398.01,1198.3,0.0,593754.25,726152.26,0
0,268909.41,4737.28,0.0,2706269.28,2975178.69,0
1,194119.18,0.0,0.0,1803805.76,1997924.94,0
1,388551.44,0.0,0.0,2068356.83,2456908.27,0
0,462889.22,166671.0,0.0,0.0,462889.22,0
1,268890.09,0.0,0.0,638694.93,907585.02,0
1,81238.96,0.0,0.0,137313.29,218552.25,0
1,327486.43,406923.94,79437.5,569582.17,897068.6,0
0,321586.68,5052.0,0.0,0.0,321586.68,0
1,132942.45,29995.0,0.0,13657.44,240066.31,0
1,43472.54,0.0,0.0,86115.38,129587.91,0
1,269123.04,20287.0,0.0,0.0,269123.04,0
0,5612178.87,0.0,0.0,8567544.97,14179723.84,0
1,99890.01,0.0,0.0,1377178.75,1477068.76,0
1,70273.53,0.0,0.0,100488.08,170761.61,0
1,246069.07,197747.0,0.0,1316039.84,1562108.91,0
1,43995.95,0.0,0.0,302320.2,346316.15,0
1,54082.53,132807.0,78724.47,1538884.95,1892128.67,0
1,28941.83,12247.0,0.0,0.0,28941.83,0
1,206052.51,20849.0,0.0,0.0,206052.51,0
1,56278.68,42104.0,0.0,367827.48,424106.17,0
1,159875.35,0.0,0.0,372191.13,532066.48,0
1,91670.09,0.0,0.0,29870.0,626363.55,0
1,103192.71,789.0,0.0,179746.59,282939.3,0
1,56816.12,11154.0,0.0,50444.09,107260.21,0
1,116755.64,262.0,0.0,0.0,116755.64,0
0,10000000.0,18913.0,0.0,1730055.33,16151113.53,0
1,149347.02,22426.0,0.0,91677.55,241024.57,0
1,157934.61,0.0,0.0,362466.7,520401.31,0
1,373043.98,0.0,0.0,433190.21,806234.2,0
1,143197.19,78875.0,0.0,9511054.96,9654252.15,0
1,193485.16,82244.0,0.0,0.0,193485.16,0
0,138315.76,14987.0,0.0,0.0,138315.76,0
1,54289.74,91624.06,37334.32,436864.59,506083.27,0
1,74698.64,11299.0,0.0,0.0,74698.64,0
0,358612.91,37364.0,0.0,36094.83,394707.74,0
1,186170.44,0.0,0.0,335432.56,521603.0,0
1,3600.25,19057.0,15456.75,119710.63,123310.87,0
1,437381.65,2035.0,0.0,622725.66,1060107.31,0
0,510089.23,0.0,0.0,1979960.98,2490050.2,0
0,1245436.84,51191.75,0.0,4069297.2,5379784.35,0
1,79979.63,28434.0,0.0,3115333.36,3195312.99,0
0,1068048.31,10796.0,0.0,256243.03,1324291.33,0
1,66671.15,50241.0,0.0,0.0,66671.15,0
1,32673.6,49331.0,16657.4,86688.24,119361.84,0
1,79769.45,0.0,0.0,476424.8,556194.25,0
0,107193.37,62676.39,0.0,145351.32,252544.69,0
1,101892.19,2521.0,0.0,126351.71,228243.9,0
1,66871.05,33021.0,0.0,99117.24,165988.29,0
1,280301.38,18644.0,0.0,2521156.48,2801457.87,0
0,944283.92,106488.0,0.0,340737.65,0.0,0
1,103802.45,0.0,0.0,3147495.76,3251298.21,0
1,247722.6,0.0,0.0,1725095.6,1972818.2,0
1,326730.03,0.0,0.0,935499.89,1177148.23,0
0,635183.29,0.0,0.0,1075560.49,1710743.78,0
1,106367.13,0.0,0.0,547154.9,653522.02,0
1,76325.7,112.0,0.0,968920.26,1045245.96,0
1,197689.06,10031.0,0.0,0.0,197689.06,0
1,90760.67,0.0,0.0,141704.35,232465.02,0
1,176361.49,50937.69,0.0,17890461.16,18066822.65,0
1,142725.86,1589.0,0.0,552989.2,695715.05,0
1,222393.15,0.0,0.0,1297850.71,1520243.87,0
1,122926.43,1148.0,0.0,51709.97,174636.4,0
1,175231.32,115067.94,0.0,62945.58,238176.9,0
1,220277.99,0.0,0.0,367939.38,588217.37,0
1,12505.49,10543.0,0.0,0.0,12505.49,0
1,133894.53,161619.0,27724.47,694287.06,828181.6,0
0,9497.95,99566.0,90068.05,67166.56,76664.52,0
1,281896.71,124914.0,0.0,0.0,281896.71,0
1,53854.57,13451.0,0.0,115527.78,169382.35,0
0,474688.42,0.0,0.0,962601.86,1437290.28,0
1,55396.47,42223.0,0.0,255525.48,310921.95,0
1,19205.02,0.0,0.0,718710.52,737915.55,0
1,186219.45,0.0,0.0,975927.79,1162147.24,0
1,180644.49,0.0,0.0,208603.12,389247.61,0
0,819213.5,13303.0,0.0,785584.23,1604797.73,0
1,101001.94,0.0,0.0,3382703.14,3483705.09,0
1,297777.59,0.0,0.0,343319.78,641097.38,0
1,93806.24,0.0,0.0,5721723.82,5815530.07,0
1,48326.82,123822.96,75496.14,0.0,0.0,0
1,200107.25,42037.0,0.0,0.0,200107.25,0
0,40152.47,0.0,0.0,247698.65,21004.42,0
0,8385151.83,0.0,0.0,20000000.0,28385151.83,0
1,119771.66,0.0,0.0,2370252.33,2490024.0,0
1,210924.4,65367.0,0.0,522518.59,733442.98,0
0,1341029.26,22.0,0.0,540460.72,1881489.98,0
1,250922.02,666.0,0.0,1697665.47,2283532.07,0
1,1372301.24,1372301.24,0.0,0.0,1372301.24,1
0,1607650.3,51870.0,0.0,0.0,1607650.3,0
0,660331.48,105760.66,0.0,1304827.24,1965158.72,0
1,214397.69,0.0,0.0,239932.81,454330.5,0
1,37454.08,0.0,0.0,118038.73,155492.81,0
1,177244.62,120768.0,0.0,1377127.25,1740825.78,0
1,304156.47,51389.0,0.0,0.0,304156.47,0
1,205994.13,32014.0,0.0,1083809.8,1289803.93,0
1,145851.37,140148.3,0.0,1712536.26,1858387.63,0
1,4327.96,0.0,0.0,139912.32,144240.28,0
1,194331.56,80864.0,0.0,0.0,194331.56,0
1,104872.59,0.0,0.0,6266737.81,6371610.4,0
1,18633.64,85466.5,66832.86,5132621.11,5151254.75,0
1,204373.34,0.0,0.0,859399.56,1063772.9,0
0,317969.15,172.0,0.0,2710643.5,3028612.65,0
1,48266.58,0.0,0.0,72217.0,141912.96,0
0,438114.06,49736.0,0.0,0.0,438114.06,0
1,41573.99,10635.0,0.0,401357.78,442931.77,0
1,423244.23,5526.0,0.0,5519.28,428763.51,0
1,202411.58,21334.0,0.0,2809355.02,3011766.6,0
1,308439.75,46144.0,0.0,0.0,308439.75,0
1,19244.35,0.0,0.0,172448.15,191692.51,0
1,49100.81,0.0,0.0,101028.88,150129.68,0
1,55424.46,0.0,0.0,6767901.84,6823326.3,0
1,263401.81,263401.81,0.0,251586.8,514988.6,1
1,271166.96,27211.0,0.0,59.59,271226.55,0
1,17566.24,595.0,0.0,84877.14,102443.39,0
1,63537.76,64240.0,702.24,0.0,63537.76,0
1,102641.67,16605.0,0.0,146308.0,248949.67,0
1,218735.71,0.0,0.0,2947833.69,3166569.4,0
0,40113.19,5143.0,0.0,2164788.24,2204901.44,0
0,130668.56,130668.56,0.0,0.0,0.0,1
1,263607.36,32218.0,0.0,0.0,263607.36,0
1,195883.63,0.0,0.0,11108280.76,11304164.4,0
1,163643.02,0.0,0.0,617017.93,780660.95,0
1,27696.53,912.0,0.0,58174.84,85871.37,0
1,230040.76,0.0,0.0,1970069.45,2200110.21,0
1,52552.33,94459.0,41906.67,41432.0,79461.12,0
1,126219.61,0.0,0.0,8156681.49,8282901.1,0
0,728895.12,0.0,0.0,832916.86,1561811.98,0
1,93374.2,0.0,0.0,168501.32,261875.52,0
1,571599.63,487666.0,0.0,1521003.31,2092602.94,0
1,94919.57,51215.0,0.0,37140.15,132059.72,0
0,944292.59,22158.0,0.0,0.0,944292.59,0
1,189610.79,194069.26,4458.47,235266.66,424877.45,0
1,227321.46,501877.0,274555.54,0.0,227321.46,0
1,172734.45,68132.0,0.0,174775.65,347510.1,0
1,100602.72,0.0,0.0,7483513.6,7584116.32,0
1,138947.91,0.0,0.0,664620.69,803568.59,0
1,112964.08,0.0,0.0,324310.67,437274.75,0
1,153560.38,5411.04,0.0,463508.19,617068.57,0
1,371850.88,3533.0,0.0,0.0,371850.88,0
1,23426.44,0.0,0.0,1899883.59,1923310.03,0
1,47220.64,0.0,0.0,1251974.38,1299195.03,0
0,195897.01,8864.0,0.0,236408.05,432305.06,0
1,382658.13,0.0,0.0,941311.69,1323969.82,0
1,137709.16,0.0,0.0,146459.28,284168.45,0
1,199379.31,9004.0,0.0,108813.12,308192.44,0
0,390884.84,40140.87,0.0,861310.12,1252194.96,0
1,40863.2,0.0,0.0,727713.26,768576.47,0
1,60786.33,5078.0,0.0,303819.03,364605.36,0
0,487575.52,458.0,0.0,336920.44,824495.97,0
1,381474.02,0.0,0.0,837650.55,1219124.57,0
1,193128.47,409384.0,216255.53,381193.28,574321.75,0
0,2983438.9,0.0,0.0,10021944.29,13005383.18,0
1,288932.64,38396.0,0.0,180879.4,469812.04,0
1,206089.03,0.0,0.0,243384.02,449473.05,0
1,68032.48,120.0,0.0,1203800.6,1271833.08,0
1,8055.06,8055.06,0.0,0.0,8055.06,1
1,226637.2,0.0,0.0,728912.49,955549.68,0
1,198386.74,0.0,0.0,550176.67,748563.41,0
1,80116.61,312.0,0.0,2240430.26,2320546.87,0
1,79909.1,0.0,0.0,156141.61,236050.72,0
0,91646.47,0.0,0.0,324071.79,415718.27,0
0,150488.02,0.0,0.0,795956.64,961769.96,0
1,303343.23,0.0,0.0,1156495.25,1459838.48,0
0,509766.16,507374.0,0.0,1388737.66,1898503.82,0
1,10527.59,0.0,0.0,138839.29,149366.88,0
0,581339.58,0.0,0.0,756016.06,1337355.65,0
1,80181.7,758.0,0.0,1181052.41,1261234.11,0
0,561974.67,0.0,0.0,8772818.59,9334793.26,0
1,590546.39,39641.0,0.0,0.0,590546.39,0
1,332346.3,42000.0,0.0,0.0,332346.3,0
1,344487.92,20743.0,0.0,0.0,344487.92,0
0,281077.23,318116.0,37038.77,189526.97,470604.21,0
1,335735.2,15579.0,0.0,1096115.5,1431850.7,0
1,150323.53,39740.2,0.0,4535771.85,4834306.24,0
0,2880317.59,0.0,0.0,2932469.28,5812786.86,0
1,148229.09,0.0,0.0,14588040.83,14736269.92,0
1,117617.52,0.0,0.0,250983.33,368600.85,0
1,36080.4,38915.0,2834.6,288948.74,325029.14,0
1,69126.28,0.0,0.0,1558198.79,1627325.07,0
1,317889.23,0.0,0.0,1054645.95,1372535.17,0
1,173758.68,9910.0,0.0,1489759.92,1778012.42,0
1,167785.52,2130.0,0.0,0.0,167785.52,0
1,170004.62,159245.63,0.0,4453524.96,4623529.58,0
1,202687.87,77876.0,0.0,673704.89,876392.75,0
1,426228.19,68752.0,0.0,0.0,426228.19,0
1,65286.26,0.0,0.0,453852.91,519139.17,0
1,23842.12,217023.0,193180.88,136774.91,160617.03,0
1,46447.29,481038.79,434591.5,327004.78,527657.65,0
1,203220.42,26648.0,0.0,937899.82,1141120.24,0
1,386285.6,0.0,0.0,636272.89,1022558.49,0
1,404883.98,0.0,0.0,473310.08,878194.06,0
1,261804.32,0.0,0.0,15774034.45,16035838.76,0
1,142409.42,10104.0,0.0,0.0,142409.42,0
1,98341.66,0.0,0.0,1201053.33,1299394.99,0
1,80415.24,0.0,0.0,431287.33,511702.57,0
0,672927.94,0.0,0.0,1197458.55,1870386.49,0
1,198913.16,11557.0,0.0,0.0,198913.16,0
1,88092.91,0.0,0.0,217938.18,306031.08,0
1,192604.46,10290.0,0.0,263153.02,455757.48,0
1,51667.85,0.0,0.0,67862.16,119530.01,0
1,436564.96,19554.0,0.0,277505.18,862926.45,0
1,203383.2,56196.0,0.0,0.0,203383.2,0
1,565659.12,0.0,0.0,3495144.86,4060803.98,0
1,2864.28,0.0,0.0,775145.3,778009.57,0
1,110488.88,0.0,0.0,297165.54,407654.41,0
1,46135.97,0.0,0.0,1577500.22,1623636.19,0
1,85141.02,0.0,0.0,505495.6,590636.62,0
1,31775.25,0.0,0.0,167297.4,199072.65,0
0,472651.37,0.0,0.0,1898324.34,2370975.71,0
1,293184.67,591276.0,298091.33,7611.11,300795.79,0
1,162132.83,0.0,0.0,283684.6,445817.44,0
1,153775.22,0.0,0.0,1404834.7,1558609.92,0
1,164409.75,597290.49,432880.74,181466.99,345876.74,0
1,363011.5,0.0,0.0,2115130.28,2478141.78,0
1,15870.81,11305.0,0.0,251708.54,267579.35,0
1,348406.14,99239.0,0.0,0.0,348406.14,0
1,116561.7,132835.0,16273.3,205985.09,322546.79,0
0,806784.43,2643.0,0.0,423947.43,1230731.86,0
1,29902.0,242104.0,212202.0,215520.72,245422.73,0
1,83548.16,0.0,0.0,409550.65,493098.81,0
1,105955.89,0.0,0.0,994949.51,1100905.39,0
1,252576.16,23959.0,0.0,840528.45,1093104.61,0
1,423304.51,5310.93,0.0,1848906.41,2272210.91,0
1,91902.11,300526.0,208623.89,3999557.19,4091459.3,0
1,360798.43,14507.61,0.0,1754007.0,1846810.7,0
1,110192.61,73128.0,0.0,276849.61,387042.23,0
1,311243.03,453472.0,142228.97,936854.02,1248097.05,0
1,323860.21,716903.0,393042.79,2615.09,326475.31,0
1,206925.65,0.0,0.0,319641.83,82357.15,0
1,306676.66,0.0,0.0,1074538.98,1381215.65,0
0,446549.88,0.0,0.0,1004025.1,1450574.98,0
1,361237.5,0.0,0.0,898535.28,1259772.79,0
0,160419.18,0.0,0.0,502717.4,663136.59,0
1,106575.7,0.0,0.0,129278.5,235854.2,0
1,114664.45,0.0,0.0,163667.97,278332.42,0
0,3467.54,66015.24,62547.7,125049.96,128517.5,0
1,204140.87,0.0,0.0,308920.02,513060.89,0
0,1238638.39,40257.0,0.0,198.3,1238836.69,0
0,425373.02,41529.0,0.0,1170263.79,2432749.89,0
1,465848.74,45490.0,0.0,0.0,465848.74,0
1,288055.38,78.0,0.0,703854.32,991909.69,0
1,169061.26,200621.54,31560.28,230047.31,595586.72,0
0,621765.76,0.0,0.0,10288069.83,10909835.59,0
0,1529094.38,0.0,0.0,2768655.46,4297749.84,0
1,113001.25,0.0,0.0,1719526.68,1832527.92,0
1,160757.99,0.0,0.0,161999.89,322757.89,0
1,320139.96,22174.0,0.0,232367.24,552507.2,0
0,90643.33,0.0,0.0,490555.72,581199.04,0
1,149536.28,24976.0,0.0,6971044.4,7120580.68,0
1,275545.01,0.0,0.0,19453817.32,19729362.33,0
1,186100.04,0.0,0.0,228482.34,414582.38,0
0,189394.03,0.0,0.0,1002957.49,1192351.52,0
0,610525.59,30256.0,0.0,1759.8,736156.73,0
1,25450.47,11098.0,0.0,559271.33,584721.8,0
1,167469.24,95270.0,0.0,39403.87,206873.11,0
0,680916.1,593.0,0.0,8530692.8,9211608.9,0
1,128847.44,50089.0,0.0,422736.75,551584.19,0
1,2906.92,0.0,0.0,16487.76,19394.68,0
1,37164.15,0.0,0.0,369325.83,406489.98,0
0,1952237.06,0.0,0.0,3363474.32,7433151.56,0
1,56688.47,0.0,0.0,1845576.31,1902264.78,0
0,423333.71,413967.0,0.0,13651.82,436985.53,0
1,53533.09,0.0,0.0,4103576.73,4157109.82,0
1,166060.29,0.0,0.0,466226.89,632287.18,0
1,49969.78,0.0,0.0,3878303.24,3928273.01,0
1,58640.0,0.0,0.0,221569.67,280209.67,0
0,911003.48,1870984.88,959981.4,1202317.02,2179091.91,0
1,359528.01,19277.0,0.0,817003.11,1176531.12,0
1,48608.08,0.0,0.0,152241.37,200849.45,0
1,145529.57,0.0,0.0,966972.43,1112502.0,0
1,245555.13,103679.0,0.0,0.0,93489.95,0
0,160906.94,19918.0,0.0,55228.95,216135.89,0
1,331107.57,5005.0,0.0,55055.75,386163.32,0
1,391247.59,40114.0,0.0,0.0,391247.59,0
1,275213.72,73729.0,0.0,0.0,286002.32,0
0,524591.82,0.0,0.0,7332137.45,7856729.28,0
0,1280108.31,0.0,0.0,1637384.51,2917492.82,0
1,57006.69,0.0,0.0,174913.27,231919.96,0
1,109763.39,0.0,0.0,140993.73,250757.11,0
1,368907.64,52701.0,0.0,1248543.43,1617451.07,0
0,207394.69,0.0,0.0,215771.37,423166.05,0
1,326972.77,0.0,0.0,1172328.89,1499301.66,0
1,107370.13,0.0,0.0,270776.63,537985.35,0
1,138809.23,0.0,0.0,1949747.56,2088556.78,0
1,180393.93,21494.0,0.0,0.0,180393.93,0
1,3474.42,31470.0,27995.58,163130.73,166605.15,0
1,88038.91,0.0,0.0,1113565.49,1201604.4,0
1,309565.28,0.0,0.0,2277689.08,5729797.71,0
1,59465.68,13270.0,0.0,806772.11,866237.79,0
1,118727.71,21101.0,0.0,65209.6,183937.31,0
0,1674858.35,0.0,0.0,12400521.06,14075379.41,0
0,379085.13,335296.41,0.0,599876.08,978961.21,0
1,83392.83,0.0,0.0,706703.03,871520.07,0
1,119184.61,0.0,0.0,413017.61,532202.21,0
1,88340.18,9971.0,0.0,3415240.51,3503580.7,0
1,219239.66,0.0,0.0,1100187.14,1319426.79,0
1,231284.87,0.0,0.0,711049.72,718671.15,0
0,1241800.0,8496.62,0.0,4394682.66,5636482.66,0
0,392082.79,0.0,0.0,6813259.73,7205342.51,0
1,353628.34,164176.01,0.0,1188985.0,1542613.35,0
1,199166.57,52370.0,0.0,32897.58,232064.15,0
1,4603.6,0.0,0.0,619217.08,623820.68,0
1,200641.5,877980.0,677338.5,0.0,200641.5,0
1,164302.32,10103.0,0.0,0.0,164302.32,0
1,339328.03,458026.0,118697.97,0.0,339328.03,0
0,5175876.53,5175876.53,0.0,0.0,0.0,1
1,158042.09,126094.0,0.0,2361920.82,3014818.92,0
0,144754.22,30285.0,0.0,0.0,144754.22,0
1,332954.27,52955.06,0.0,446186.96,779141.23,0
1,79429.26,0.0,0.0,1606230.2,1685659.46,0
1,415868.51,74131.0,0.0,276542.36,692410.87,0
1,358591.32,50514.0,0.0,1781589.66,2140180.99,0
1,230955.59,51421.0,0.0,0.0,230955.59,0
1,232361.37,22671.0,0.0,0.0,232361.37,0
1,241346.1,79972.0,0.0,0.0,241346.1,0
1,279849.61,0.0,0.0,818871.73,1098721.34,0
1,333410.66,48218.0,0.0,0.0,333410.66,0
1,124991.0,20672.75,0.0,9632317.7,9757308.7,0
0,372334.43,10732.0,0.0,0.0,372334.43,0
0,240020.33,211.0,0.0,177407.53,417427.86,0
1,168461.5,30726.0,0.0,954392.07,1279444.66,0
1,136150.32,29647.0,0.0,0.0,136150.32,0
0,139836.99,0.0,0.0,1637791.08,1777628.07,0
1,11835.58,0.0,0.0,31119.9,42955.48,0
1,35615.39,1083.0,0.0,87089.0,0.0,0
0,556983.67,80173.69,0.0,4037883.15,4594866.82,0
1,138262.56,0.0,0.0,168125.57,306388.13,0
1,86971.28,102758.0,15786.72,849661.24,936632.52,0
1,27712.49,873313.03,845600.54,109598.3,137310.78,0
1,409567.23,0.0,0.0,769205.95,1169291.38,0
1,165947.32,303247.0,137299.68,524002.99,689950.31,0
1,34892.81,0.0,0.0,315338.35,350231.16,0
1,142227.29,104831.0,0.0,365021.89,507249.18,0
1,80336.82,60074.0,0.0,332765.42,413102.24,0
0,609118.75,0.0,0.0,887498.4,1496617.14,0
1,141957.3,5479.0,0.0,2640434.54,2782391.83,0
1,380801.34,32177.0,0.0,435127.61,815928.96,0
1,357265.93,25011.0,0.0,2686506.55,3043772.49,0
0,1215767.08,0.0,0.0,13322440.79,14538207.87,0
0,6315408.19,0.0,0.0,12135231.66,18450639.85,0
1,141393.74,0.0,0.0,168903.58,310297.32,0
1,25387.64,21704.0,0.0,278533.37,303921.01,0
1,220493.59,0.0,0.0,5714545.79,5935039.39,0
1,112000.2,23618.0,0.0,0.0,112000.2,0
1,362245.53,0.0,0.0,384084.33,746329.85,0
1,152567.19,0.0,0.0,322684.61,475251.8,0
1,308865.36,49557.0,0.0,263662.96,572528.32,0
1,94492.67,489583.01,395090.34,2860870.74,2955363.4,0
1,101060.45,39748.0,0.0,137049.05,238109.5,0
1,97477.68,631.0,0.0,7608936.93,7706414.61,0
1,412341.28,0.0,0.0,421985.27,984221.59,0
1,271840.06,0.0,0.0,883247.29,1155087.35,0
1,63292.05,4187.0,0.0,72728.13,136020.18,0
1,364796.6,31014.0,0.0,1349024.68,1713821.28,0
1,323304.66,2188.0,0.0,4004016.8,4327321.45,0
1,22012.15,17334.0,0.0,2868870.58,2890882.73,0
0,839365.99,0.0,0.0,6349563.57,7188929.56,0
1,203989.12,0.0,0.0,2116919.96,2320909.08,0
1,172117.43,548.0,0.0,137593.39,309710.81,0
0,526937.62,0.0,0.0,1257817.77,1784755.38,0
1,18007.5,47165.19,29157.69,288361.56,306369.07,0
1,128869.62,41875.0,0.0,1412860.31,1541729.92,0
1,21803.56,21357.0,0.0,23201.73,45005.29,0
1,241013.12,21382.0,0.0,1404621.74,1645634.86,0
1,800112.77,30834.0,0.0,3347341.0,4147453.78,0
1,115833.36,11406.0,0.0,0.0,115833.36,0
1,42739.92,801.0,0.0,157229.07,148920.78,0
1,73272.63,41297.0,0.0,0.0,73272.63,0
1,143446.65,0.0,0.0,3423534.88,3566981.53,0
1,125090.92,0.0,0.0,239109.86,364200.77,0
1,150727.94,11578.0,0.0,259772.74,410500.69,0
1,164396.11,20277.0,0.0,7809555.26,7973951.37,0
1,100021.74,72304.78,0.0,1461289.62,1561311.36,0
1,405250.52,0.0,0.0,6015549.68,6420800.2,0
0,273441.74,0.0,0.0,861545.23,1134986.97,0
1,164108.58,0.0,0.0,963164.32,1127272.9,0
1,175242.28,1169.0,0.0,140912.05,316154.33,0
1,180802.64,0.0,0.0,345944.31,526746.96,0
1,93346.98,294.0,0.0,165134.24,258481.21,0
1,79432.25,0.0,0.0,8962765.32,9042197.56,0
0,207169.01,8227.0,0.0,0.0,207169.01,0
1,247733.86,188.0,0.0,0.0,247733.86,0
1,201716.26,0.0,0.0,302847.93,504564.19,0
1,57589.77,0.0,0.0,2722901.12,2780490.89,0
1,74612.52,18383.0,0.0,1167927.84,1242540.36,0
1,245467.96,0.0,0.0,534926.47,681580.4,0
1,158144.88,11246.0,0.0,3328300.77,3486445.64,0
1,414138.94,50194.0,0.0,592295.18,807224.33,0
1,293180.97,0.0,0.0,608684.24,901865.21,0
0,1975403.78,3437.07,0.0,6494304.48,8469708.25,0
1,44675.47,113.0,0.0,0.0,44675.47,0
1,210112.56,18345.0,0.0,2977418.84,3187531.4,0
1,25879.88,0.0,0.0,84639.78,110519.66,0
1,150520.76,322914.0,172393.24,0.0,150520.76,0
0,116599.97,80396.0,0.0,10731441.22,11092441.29,0
1,4662.22,10876.0,6213.78,0.0,4662.22,0
0,343508.83,0.0,0.0,1166020.33,1509529.15,0
1,321877.67,0.0,0.0,363084.94,684962.61,0
0,121180.46,10677.0,0.0,0.0,121180.46,0
1,232130.15,64847.0,0.0,2323224.81,2555354.96,0
1,212324.62,77627.0,0.0,4673867.65,4886192.28,0
1,218104.57,0.0,0.0,1044384.45,1262489.02,0
1,284143.39,0.0,0.0,1177680.11,1461823.5,0
1,119423.55,0.0,0.0,723936.86,843360.41,0
1,74927.2,0.0,0.0,301855.93,239345.4,0
1,245217.88,22756.0,0.0,111199.41,356417.28,0
0,239959.78,0.0,0.0,418534.95,658494.73,0
1,9188.69,31272.0,22083.31,945457.39,954646.08,0
0,347153.3,0.0,0.0,7771694.02,8118847.32,0
1,403256.04,10329.0,0.0,276097.97,679354.01,0
1,76422.56,51064.0,0.0,1065100.08,1141522.64,0
1,210099.58,45995.0,0.0,9389219.22,9599318.8,0
1,136377.59,35157.0,0.0,444742.24,581119.83,0
1,70801.56,28237.0,0.0,140128.98,210930.55,0
1,47169.24,0.0,0.0,27273312.65,27320481.89,0
0,565343.81,10810.0,0.0,3011470.75,3576814.56,0
1,198497.0,0.0,0.0,533635.34,732132.33,0
0,1237427.18,0.0,0.0,6679631.35,7917058.53,0
1,571336.54,680.0,0.0,120494.29,691830.82,0
0,521597.18,221290.0,0.0,71991.5,593588.68,0
1,71348.33,43087.11,0.0,704375.33,775723.67,0
1,87588.59,102710.0,15121.41,0.0,87588.59,0
0,476392.7,279.0,0.0,0.0,476392.7,0
1,53496.31,0.0,0.0,1029440.0,1082936.31,0
1,278370.1,0.0,0.0,5623096.27,5901466.37,0
1,156887.92,0.0,0.0,12398325.5,12555213.43,0
1,232984.26,104228.0,0.0,9532448.46,9765432.72,0
1,323361.39,1603.0,0.0,753716.73,1247697.0,0
1,96151.03,0.0,0.0,3767996.27,4138992.24,0
1,146399.55,1481.0,0.0,429512.15,575911.7,0
1,81955.19,21206.0,0.0,0.0,81955.19,0
0,869343.16,0.0,0.0,12376802.65,13246145.82,0
0,151499.71,58308.78,0.0,706766.66,858266.38,0
1,172921.13,185.0,0.0,0.0,172921.13,0
1,84265.24,0.0,0.0,1708482.18,1792747.42,0
0,42612.7,0.0,0.0,386683.32,429296.02,0
0,115420.61,0.0,0.0,126585.1,242005.71,0
0,947617.32,44.0,0.0,294912.03,1242529.35,0
1,154069.77,61483.0,0.0,0.0,154069.77,0
1,204548.2,0.0,0.0,1487982.75,1692530.94,0
0,686726.31,5762.17,0.0,4918655.65,5605381.96,0
1,179080.64,457648.0,278567.36,35003.38,214084.02,0
1,182236.95,0.0,0.0,1904190.13,2086427.08,0
1,60718.78,0.0,0.0,681717.92,742436.7,0
1,158707.33,0.0,0.0,173596.2,462125.97,0
1,44937.68,0.0,0.0,207626.92,252564.6,0
1,145917.51,0.0,0.0,488132.13,634049.64,0
1,47107.15,16657.0,0.0,0.0,47107.15,0
1,117480.15,0.0,0.0,649339.59,766819.74,0
1,4174.92,56553.0,52378.08,0.0,4174.92,0
0,675184.96,2140.0,0.0,0.0,392128.01,0
1,30094.72,0.0,0.0,647292.23,677386.95,0
1,60677.32,0.0,0.0,552380.01,613057.32,0
0,1506113.8,0.0,0.0,1512647.78,3018761.58,0
1,22444.79,79059.0,56614.21,0.0,22444.79,0
0,384894.78,0.0,0.0,1891236.16,2276130.94,0
1,231116.09,10015.0,0.0,2396338.78,2627454.87,0
1,399397.86,0.0,0.0,2191845.87,2591243.73,0
1,171194.54,0.0,0.0,1168928.63,1340123.18,0
1,131476.04,348788.78,217312.73,1953982.44,2189796.94,0
1,63715.41,59430.0,0.0,595454.45,659169.86,0
1,12627.5,154306.54,141679.05,21216.7,33844.19,0
1,247157.59,1451.0,0.0,7543.37,254700.96,0
1,25492.55,52902.0,27409.45,65309.14,90801.69,0
0,714763.39,0.0,0.0,1358514.39,2073277.78,0
0,964153.98,0.0,0.0,1402061.34,2461381.45,0
0,985427.56,171190.0,0.0,638.46,986066.02,0
1,98222.72,0.0,0.0,1414472.94,1512695.66,0
1,12015.83,0.0,0.0,1310722.35,1322738.18,0
1,128318.77,0.0,0.0,2377589.88,2505908.65,0
1,46119.22,0.0,0.0,594895.41,641014.63,0
1,60329.85,17528.0,0.0,473500.58,533830.42,0
0,734366.05,0.0,0.0,811261.92,1545627.98,0
1,244168.69,5344.0,0.0,0.0,244168.69,0
1,46356.52,5512.0,0.0,36376.05,82732.56,0
1,162292.39,0.0,0.0,223038.33,385330.72,0
1,24255.21,0.0,0.0,390850.82,415106.03,0
0,254975.31,508113.47,253138.16,102991.04,357966.35,0
1,351416.75,0.0,0.0,5684815.52,6036232.27,0
1,269741.82,0.0,0.0,35519119.03,35788860.86,0
1,9413.02,0.0,0.0,1297414.31,1306827.33,0
1,390211.15,104443.0,0.0,31634.17,421845.33,0
1,301344.2,0.0,0.0,615741.65,917085.85,0
1,237461.18,1520.0,0.0,0.0,237461.18,0
1,169751.65,0.0,0.0,1977351.15,2147102.8,0
1,25708.77,20676.0,0.0,830058.41,855767.18,0
1,194792.12,268557.97,73765.85,1072403.86,1267195.98,0
1,162262.54,0.0,0.0,1826527.88,1988790.42,0
1,229697.44,0.0,0.0,1185910.75,1415608.19,0
0,5472523.35,0.0,0.0,7824605.62,13297128.97,0
1,47782.27,0.0,0.0,554608.58,450055.46,0
1,184904.54,0.0,0.0,318060.45,940999.56,0
1,83608.74,0.0,0.0,904940.19,988548.93,0
0,1471000.22,20191.0,0.0,0.0,1471000.22,0
1,137589.16,0.0,0.0,2135908.7,2273497.87,0
1,243711.8,0.0,0.0,693243.33,936955.13,0
1,288271.63,0.0,0.0,660607.69,948879.32,0
1,73011.41,0.0,0.0,1618880.67,1691892.08,0
1,111673.77,105.0,0.0,0.0,111673.77,0
1,175417.77,0.0,0.0,588047.11,763464.88,0
1,214197.94,0.0,0.0,424659.5,638857.43,0
0,265586.39,13943.0,0.0,52277.0,223843.74,0
1,97653.7,134598.0,36944.3,0.0,97653.7,0
0,1009027.81,0.0,0.0,133958.81,1142986.62,0
1,280420.35,0.0,0.0,15672207.55,15952627.9,0
1,121314.34,0.0,0.0,10033506.38,10154820.73,0
0,69232.0,107.0,0.0,0.0,69232.0,0
1,89571.2,0.0,0.0,675112.66,764683.86,0
1,546689.56,0.0,0.0,1490642.7,2037332.26,0
1,45274.58,0.0,0.0,594321.52,639596.1,0
0,279405.4,0.0,0.0,3373377.67,4033212.63,0
1,33018.45,0.0,0.0,943996.69,977015.14,0
0,49127.47,0.0,0.0,346645.29,395772.76,0
1,229110.23,81355.0,0.0,159279.62,388389.85,0
1,50909.95,0.0,0.0,56153.0,107062.95,0
1,296445.32,20006.0,0.0,261582.75,558028.07,0
1,136036.07,0.0,0.0,287675.62,423711.69,0
1,132537.45,13270.0,0.0,0.0,132537.45,0
1,88257.38,0.0,0.0,6645192.23,6733449.61,0
1,71852.16,0.0,0.0,770445.51,842297.67,0
1,260510.89,70896.0,0.0,111698.22,372209.11,0
1,143179.51,0.0,0.0,242654.44,385833.95,0
1,209963.02,0.0,0.0,4091114.9,4301077.92,0
1,185887.6,55336.0,0.0,340246.55,526134.15,0
1,248603.12,250.0,0.0,265545.9,514149.01,0
1,35937.5,0.0,0.0,3439603.02,3475540.52,0
1,273844.18,0.0,0.0,1764523.82,2038368.0,0
1,143477.0,0.0,0.0,4803545.87,4947022.87,0
1,271030.57,271.0,0.0,7207.92,278238.49,0
1,8242.88,1248.0,0.0,113503.39,121746.26,0
1,119048.91,0.0,0.0,993183.6,1112232.51,0
1,74863.89,0.0,0.0,868137.13,943001.03,0
0,888657.13,4605.24,0.0,1482812.15,2371469.28,0
1,149131.51,0.0,0.0,227355.77,376487.27,0
1,291280.67,0.0,0.0,493595.89,784876.56,0
1,60434.62,0.0,0.0,2792435.95,2852870.57,0
0,344426.48,0.0,0.0,2206463.55,2550890.03,0
1,130141.53,61696.0,0.0,0.0,130141.53,0
1,202329.6,439.0,0.0,677777.17,880106.77,0
1,238539.25,75315.0,0.0,1247513.73,1486052.97,0
0,2716729.49,81129.0,0.0,372406.45,3089135.95,0
1,139031.97,20443.0,0.0,228715.59,367747.56,0
1,69869.74,0.0,0.0,2150963.28,2220833.02,0
1,185607.83,16222.0,0.0,124290.78,309898.61,0
1,361122.17,29675.0,0.0,1235021.55,1596143.72,0
1,272548.47,22819.0,0.0,0.0,272548.47,0
1,281102.89,0.0,0.0,2729576.19,3010679.08,0
1,182207.75,248.0,0.0,314938.44,497146.19,0
1,65157.49,684.0,0.0,3868603.94,3933761.43,0
1,62976.3,4929.11,0.0,926649.21,989625.51,0
0,37236.53,84606.0,47369.47,655302.01,692538.54,0
1,72474.61,258.0,0.0,11712233.85,11784708.46,0
0,483947.92,0.0,0.0,1062577.36,1546525.28,0
1,2456.89,0.0,0.0,8010.39,10467.28,0
1,98768.53,7719.69,0.0,3041148.1,3139916.63,0
1,184291.78,458.0,0.0,2906058.81,3090350.59,0
1,214260.58,0.0,0.0,384868.43,599129.02,0
0,607854.11,5444.0,0.0,11229.12,619083.23,0
1,342814.28,0.0,0.0,3223737.1,3566551.38,0
1,154551.45,13732.0,0.0,3253039.16,3407590.62,0
1,233005.9,0.0,0.0,296465.0,951905.7,0
1,28891.55,1795.0,0.0,0.0,28891.55,0
1,180699.09,0.0,0.0,419377.02,600076.12,0
1,86763.48,20718.0,0.0,0.0,86763.48,0
0,77308.07,0.0,0.0,1536540.57,1613848.64,0
1,211849.37,20335.0,0.0,0.0,228441.33,0
1,87836.02,0.0,0.0,235080.53,322916.55,0
1,119706.88,55927.0,0.0,0.0,2199271.01,0
1,318946.92,106892.0,0.0,0.0,318946.92,0
1,107472.71,6018.0,0.0,703806.97,811279.68,0
1,101472.98,147762.0,46289.02,0.0,101472.98,0
1,87084.12,0.0,0.0,4739442.41,4826526.53,0
1,260520.59,0.0,0.0,6688205.88,6995734.95,0
1,296605.67,0.0,0.0,7973387.13,8269992.8,0
0,1645056.71,0.0,0.0,4385029.85,6030086.57,0
0,393826.82,33409.35,0.0,2053947.64,2447774.46,0
1,237229.47,0.0,0.0,10207667.21,10444896.68,0
1,111744.27,156919.0,45174.73,203306.0,300130.27,0
1,60740.54,64517.1,3776.56,124557.78,185298.32,0
1,148604.69,0.0,0.0,3506625.24,3655229.92,0
1,84584.24,0.0,0.0,301715.77,433391.87,0
1,111533.15,0.0,0.0,864379.48,975912.62,0
1,312890.26,56452.52,0.0,5599731.91,5912622.17,0
1,210403.96,0.0,0.0,215091.8,425495.76,0
1,384892.05,49544.0,0.0,525745.6,910637.65,0
1,152056.04,132266.0,0.0,2560863.63,2712919.67,0
1,71720.15,170157.89,98437.74,207563.64,279283.79,0
0,1625531.35,26275.0,0.0,1321890.19,2947421.55,0
1,142689.35,655099.0,512409.65,1540408.63,1683097.98,0
0,354024.75,4104.0,0.0,458250.78,693282.99,0
1,178974.16,0.0,0.0,228517.69,407491.85,0
1,41447.32,3575.0,0.0,224398.91,265846.23,0
1,144141.87,0.0,0.0,709000.74,853142.6,0
1,47704.19,49989.0,2284.81,0.0,47704.19,0
1,85445.19,0.0,0.0,4854780.86,4940226.04,0
0,148148.85,0.0,0.0,189989.27,338138.11,0
1,68665.85,166.0,0.0,0.0,68665.85,0
1,340545.07,61544.0,0.0,0.0,340545.07,0
1,473170.87,0.0,0.0,932255.24,1405426.11,0
1,192712.34,0.0,0.0,945673.17,1138385.51,0
1,474879.98,0.0,0.0,2805572.93,3280452.92,0
1,19652.29,0.0,0.0,2144386.17,2164038.46,0
1,288639.74,584.0,0.0,3005558.14,3294197.88,0
1,289577.11,0.0,0.0,3542986.55,3832563.66,0
0,1944119.33,0.0,0.0,2113043.73,4057163.06,0
1,192348.0,0.0,0.0,414869.17,607217.18,0
1,91492.57,24687.0,0.0,0.0,91492.57,0
0,232646.01,0.0,0.0,1490285.26,1722931.27,0
1,468660.53,20041.0,0.0,150846.08,619506.6,0
1,57211.57,0.0,0.0,174840.04,232051.61,0
1,190620.51,0.0,0.0,4423348.44,4613968.95,0
1,310361.43,40364.0,0.0,12730082.54,13040443.97,0
1,7568.02,14847.0,7278.98,844806.23,852374.26,0
1,450026.98,0.0,0.0,1036940.22,1486967.2,0
0,67742.71,0.0,0.0,2109483.12,2177225.83,0
1,296387.34,6074.0,0.0,0.0,120930.83,0
1,265470.9,0.0,0.0,1768143.05,2033613.95,0
1,49589.26,0.0,0.0,247101.59,296690.85,0
1,136437.86,32348.0,0.0,37406.8,173844.66,0
1,201086.1,0.0,0.0,319922.58,521008.68,0
1,100712.09,0.0,0.0,888025.94,988738.03,0
1,138961.02,59508.0,0.0,534074.95,673035.97,0
1,141939.19,0.0,0.0,2942080.77,3084019.96,0
1,161829.09,26914.0,0.0,535083.07,696912.16,0
1,58895.0,11919.09,0.0,805352.37,864247.37,0
1,261066.21,20201.0,0.0,144721.42,100866.37,0
1,205248.7,49970.0,0.0,0.0,205248.7,0
1,115204.82,0.0,0.0,3984460.18,4099665.0,0
1,83377.81,101856.0,18478.19,277930.9,361308.72,0
1,28309.52,297.0,0.0,2198432.61,2226742.13,0
1,366962.09,107713.0,0.0,0.0,366962.09,0
1,283970.53,0.0,0.0,775681.76,1059652.29,0
1,138114.13,0.0,0.0,245098.26,383212.39,0
1,10158.21,101115.03,90956.82,85446.31,95604.52,0
0,490511.81,0.0,0.0,939985.78,1430497.59,0
0,16369.13,0.0,0.0,2767811.2,2784180.33,0
0,15420309.33,0.0,0.0,21311283.36,36731592.69,0
1,164293.55,0.0,0.0,16520919.12,16685212.66,0
1,110902.19,0.0,0.0,125058.41,235960.6,0
1,83301.93,0.0,0.0,307865.51,391167.44,0
1,113396.59,0.0,0.0,235496.16,348892.75,0
0,225004.76,0.0,0.0,4694700.95,4919705.71,0
1,322891.42,0.0,0.0,957892.76,1280784.18,0
1,5183.76,358.0,0.0,5929941.13,5935124.9,0
1,483713.23,483713.23,0.0,11048671.02,11532384.25,1
1,225854.55,0.0,0.0,734882.41,960736.95,0
1,228128.5,0.0,0.0,2876438.04,3465001.98,0
0,509983.2,45398.0,0.0,139771.65,649754.85,0
1,42595.89,87382.0,44786.11,0.0,42595.89,0
1,162996.25,153296.0,0.0,56973.75,219970.0,0
0,2582656.07,16273.0,0.0,0.0,3263312.56,0
0,363982.19,105515.0,0.0,0.0,363982.19,0
1,236858.0,0.0,0.0,1485256.24,1505358.91,0
0,336737.18,0.0,0.0,489670.14,826407.32,0
1,200031.41,0.0,0.0,13783940.19,13983971.59,0
1,127089.36,0.0,0.0,862186.74,989276.1,0
1,252715.67,0.0,0.0,415952.84,668668.51,0
1,213337.51,21322.0,0.0,0.0,213337.51,0
1,238454.78,20044.0,0.0,2077923.44,2316378.22,0
1,210509.6,0.0,0.0,9084069.52,9294579.12,0
0,1758658.18,204632.0,0.0,23186.68,1781844.87,0
1,333974.93,511835.0,177860.07,0.0,333974.93,0
1,221628.3,350578.0,128949.7,719710.85,941339.15,0
1,121893.9,393160.0,271266.1,391305.5,513199.4,0
1,119014.55,0.0,0.0,287719.9,406734.45,0
1,642332.25,0.0,0.0,9210913.6,9853245.86,0
1,271649.55,192511.0,0.0,655163.37,926812.93,0
0,397775.11,0.0,0.0,632965.36,1030740.46,0
1,256456.59,107069.0,0.0,293410.83,374914.08,0
1,102734.32,959.0,0.0,0.0,102734.32,0
0,193525.09,0.0,0.0,473242.54,666767.63,0
1,577903.06,0.0,0.0,1838761.0,2416664.06,0
1,41444.79,0.0,0.0,128238.98,169683.77,0
1,136640.14,302113.92,165473.79,1826430.67,1963070.81,0
1,38258.09,68.0,0.0,720512.01,758770.1,0
1,131276.95,0.0,0.0,2462903.84,2594180.79,0
1,202554.57,12201.0,0.0,0.0,202554.57,0
1,61544.22,0.0,0.0,246655.77,555248.34,0
1,35047.86,686417.0,651369.14,1047229.98,1082277.83,0
1,282084.91,5782.0,0.0,1411348.51,2986118.71,0
0,595487.05,0.0,0.0,1803311.29,2398798.34,0
1,400020.01,86823.0,0.0,0.0,660127.67,0
1,127435.0,1005259.0,877824.0,960891.42,1088326.42,0
1,397344.27,0.0,0.0,3467863.06,4328419.88,0
0,121337.05,0.0,0.0,492549.49,613886.54,0
1,163139.28,0.0,0.0,3280595.99,3443735.27,0
1,319143.61,0.0,0.0,1009398.5,1328542.12,0
1,322012.73,0.0,0.0,1139240.49,1461253.22,0
1,339248.02,0.0,0.0,349244.94,687463.26,0
1,102885.09,12275.0,0.0,0.0,102885.09,0
0,171498.8,0.0,0.0,297601.91,469100.7,0
1,146284.74,31625.0,0.0,0.0,146284.74,0
1,247302.47,0.0,0.0,274003.38,521305.85,0
1,113559.06,0.0,0.0,614550.82,457396.27,0
1,155932.37,0.0,0.0,3601916.13,3757848.5,0
1,84350.4,0.0,0.0,148527.06,232877.46,0
1,418873.26,11212.0,0.0,0.0,418873.26,0
1,32452.12,52125.0,19672.88,605272.08,637724.2,0
0,230594.85,0.0,0.0,347460.91,578055.76,0
1,133123.97,28302.0,0.0,0.0,133123.97,0
1,102420.1,20847.0,0.0,981227.22,1083647.33,0
1,96758.57,12551.0,0.0,297.0,97055.57,0
1,28591.74,0.0,0.0,638274.3,666866.04,0
0,345740.54,62967.0,0.0,1281083.58,1626824.12,0
1,696037.64,0.0,0.0,1082841.37,1778879.01,0
0,478056.81,0.0,0.0,478936.3,1641388.53,0
1,257727.2,0.0,0.0,480563.87,738291.07,0
1,517464.37,0.0,0.0,846323.08,1707885.99,0
0,255744.65,8528.0,0.0,0.0,255744.65,0
1,4847.9,2325.0,0.0,429290.83,434138.73,0
0,182502.03,137.0,0.0,0.0,182502.03,0
0,2065543.49,0.0,0.0,2098691.25,4164234.74,0
1,9611.4,155.0,0.0,1347607.52,1357218.93,0
1,239133.75,18046.0,0.0,50797.61,289931.36,0
0,219860.25,0.0,0.0,7330284.78,7550145.02,0
1,292819.41,5222.81,0.0,2840332.78,3133152.19,0
1,69226.45,14250.0,0.0,0.0,69226.45,0
1,75613.64,0.0,0.0,376165.36,451778.99,0
1,393298.37,0.0,0.0,5693319.95,6086618.32,0
1,52120.91,34000.0,0.0,952053.02,1004173.93,0
0,2674097.0,0.0,0.0,3732478.2,6406575.2,0
1,117237.82,0.0,0.0,333383.33,450621.15,0
1,166321.33,0.0,0.0,1148609.99,1314931.32,0
1,598535.74,0.0,0.0,4102967.16,4701502.9,0
1,11092.65,255559.0,244466.35,6601251.29,6612343.93,0
1,253329.04,773.0,0.0,2199616.52,2452945.56,0
1,72161.13,0.0,0.0,1816253.52,1888414.65,0
1,31683.07,0.0,0.0,506993.03,1047255.69,0
1,190670.84,9937.0,0.0,0.0,190670.84,0
1,61641.13,0.0,0.0,231450.61,293091.74,0
1,237619.65,39964.0,0.0,0.0,237619.65,0
1,106624.97,6557.0,0.0,1002027.21,1108652.18,0
1,164141.4,244.0,0.0,183416.31,347557.71,0
1,305052.89,0.0,0.0,10956544.41,11261597.3,0
1,20661.73,43207.99,22546.27,765638.81,786300.53,0
1,280786.59,12289.0,0.0,17173491.76,17454278.35,0
1,273238.87,262159.0,0.0,883.39,274122.25,0
1,139066.88,0.0,0.0,2315817.16,2454884.04,0
1,13222.01,44667.81,31445.8,116391.06,129613.08,0
1,159407.27,167.0,0.0,0.0,159407.27,0
1,292460.62,10931.0,0.0,1958762.33,2251222.95,0
1,13008.08,506142.0,493133.92,159501.4,172509.48,0
0,60224.11,61151.0,926.89,0.0,60224.11,0
1,551687.8,32371.0,0.0,0.0,551687.8,0
1,110263.64,627.0,0.0,109992.64,220256.28,0
1,43799.7,0.0,0.0,5219550.28,5263349.98,0
1,158878.51,20677.0,0.0,794493.89,953372.39,0
1,318182.86,166611.0,0.0,244337.52,562520.38,0
0,281359.92,0.0,0.0,528296.88,809656.8,0
1,82472.56,0.0,0.0,159657.55,242130.11,0
1,548726.83,0.0,0.0,2703521.49,3252248.33,0
1,58271.77,0.0,0.0,147011.8,205283.57,0
1,328406.11,33309.0,0.0,471398.67,799804.78,0
1,140613.22,0.0,0.0,537396.44,678009.66,0
1,25813.26,10860.0,0.0,0.0,25813.26,0
1,168983.5,5560.0,0.0,0.0,168983.5,0
0,770282.23,0.0,0.0,6492171.58,8194959.85,0
1,337040.66,16099.0,0.0,154242.44,491283.11,0
1,91210.24,435.0,0.0,11365803.17,11457013.41,0
1,14630.12,43213.0,28582.88,177003.99,191634.11,0
1,180075.22,0.0,0.0,900732.9,1204664.72,0
0,370213.15,80221.0,0.0,365001.82,735214.97,0
0,314963.34,0.0,0.0,816318.1,1131281.45,0
0,486803.9,31287.0,0.0,203186.5,689990.4,0
1,15333.3,102539.0,87205.7,1399170.66,1414503.96,0
1,232152.72,5548.0,0.0,1118274.7,1350427.43,0
1,92469.7,0.0,0.0,314299.85,406769.55,0
1,505404.01,0.0,0.0,2967425.82,3472829.83,0
1,93519.76,0.0,0.0,1543363.98,1636883.75,0
1,280245.99,16004.0,0.0,306289.89,586535.89,0
1,230731.24,0.0,0.0,4201927.24,4432658.47,0
1,60349.55,0.0,0.0,151312.79,211662.34,0
1,57780.07,21572.0,0.0,73277.28,131057.35,0
1,136370.76,599868.0,463497.24,0.0,136370.76,0
0,672385.57,24646.0,0.0,163207.01,835592.58,0
1,274636.11,16146.95,0.0,2593710.31,2868346.42,0
1,244386.35,102745.83,0.0,293500.94,537887.29,0
1,9674.01,0.0,0.0,291709.58,301383.59,0
1,287381.35,4518.0,0.0,0.0,287381.35,0
1,246801.57,0.0,0.0,972652.44,1630226.85,0
1,41357.18,0.0,0.0,50049.02,91406.2,0
1,139064.77,0.0,0.0,6658260.26,6797325.04,0
0,113427.53,405.0,0.0,0.0,113427.53,0
0,533870.17,0.0,0.0,1160022.43,1693892.6,0
0,32886.58,58295.0,25408.42,340751.03,373637.6,0
1,57498.1,0.0,0.0,6583510.93,6641009.03,0
1,190391.14,20299.0,0.0,454289.9,644681.05,0
1,398781.08,0.0,0.0,686128.81,1084909.89,0
1,128583.2,0.0,0.0,865881.09,994464.28,0
1,114360.14,0.0,0.0,229453.74,343813.87,0
1,28761.76,0.0,0.0,211819.06,240580.82,0
1,147640.09,0.0,0.0,1172925.08,1320565.17,0
0,585128.84,238602.84,0.0,1611651.73,2196780.57,0
1,203608.84,1642.0,0.0,346989.36,550598.2,0
1,81273.22,0.0,0.0,1832561.61,1913834.83,0
0,382294.81,0.0,0.0,701134.2,1083429.01,0
0,3089540.7,102644.0,0.0,107967.97,3197508.67,0
0,589623.07,0.0,0.0,11379188.56,11968811.62,0
1,44990.46,31231.0,0.0,0.0,44990.46,0
1,450640.39,52251.0,0.0,6388727.34,6839367.73,0
1,60724.56,2782.0,0.0,0.0,60724.56,0
1,340272.62,0.0,0.0,2426556.18,2766828.8,0
1,44131.41,71033.0,26901.59,115887.25,160018.66,0
1,191520.3,0.0,0.0,4569486.71,4761007.01,0
1,742.48,28401.0,27658.52,767514.06,768256.54,0
1,600110.3,860.0,0.0,0.0,600110.3,0
0,122929.48,50261.0,0.0,0.0,122929.48,0
1,310736.51,40674.0,0.0,176156.68,486893.19,0
1,101738.34,21047.0,0.0,2919555.07,3021293.4,0
1,166856.05,0.0,0.0,225251.74,392107.8,0
1,14057.98,49561.0,35503.02,272731.78,286789.76,0
1,291794.16,3394.0,0.0,0.0,291794.16,0
1,75646.99,0.0,0.0,900107.55,975754.54,0
1,157383.23,0.0,0.0,168610.64,325993.87,0
0,151560.91,0.0,0.0,1315816.83,2221558.01,0
1,166806.44,4634.0,0.0,2977028.68,3143835.12,0
1,120636.88,0.0,0.0,4816514.54,4937151.42,0
1,336385.57,157729.0,0.0,57366.74,393752.3,0
1,121476.99,177972.0,56495.01,37022.47,158499.45,0
1,322384.53,0.0,0.0,421803.08,744187.61,0
1,179565.59,0.0,0.0,1809157.46,1988723.04,0
1,24376.73,0.0,0.0,2242494.76,2266871.49,0
1,36030.71,68339.0,32308.29,0.0,36030.71,0
1,140450.11,95987.1,0.0,1226515.69,1366965.81,0
1,288580.79,0.0,0.0,543695.06,832275.84,0
1,116603.82,1065.0,0.0,9149360.24,9114651.62,0
1,193897.31,129314.0,0.0,154030.58,347927.89,0
1,108251.49,1250.0,0.0,231279.78,339531.26,0
1,216958.25,39800.0,0.0,126046.04,343004.29,0
1,21845.84,0.0,0.0,1335554.27,1357400.12,0
1,95042.47,31418.0,0.0,152766.62,247809.09,0
1,144935.29,28767.0,0.0,2389468.96,2534404.25,0
1,236952.98,25020.0,0.0,108447.34,345400.32,0
1,89970.61,0.0,0.0,204544.79,294515.4,0
1,44759.54,0.0,0.0,590885.27,635644.82,0
1,240227.42,0.0,0.0,4911863.45,5152090.87,0
1,35131.09,0.0,0.0,2079857.8,2114988.89,0
1,102711.22,0.0,0.0,110064.53,212775.75,0
1,89395.22,0.0,0.0,799154.05,888549.27,0
1,203557.98,0.0,0.0,593692.53,797250.52,0
0,261306.19,0.0,0.0,2418878.35,2680184.54,0
0,174527.26,0.0,0.0,1310987.74,1485515.0,0
1,34264.97,0.0,0.0,301696.58,335961.54,0
1,86187.39,51835.0,0.0,1119155.53,1205342.92,0
1,187946.2,50655.0,0.0,50602.49,238548.69,0
0,10000000.0,51906.0,0.0,63322.77,15263081.33,0
1,144019.7,34355.0,0.0,0.0,144019.7,0
0,112899.27,0.0,0.0,1168322.3,1281221.57,0
1,246810.53,445064.0,198253.47,0.0,246810.53,0
0,439277.23,11502.0,0.0,250174.77,689451.99,0
1,420690.84,1948.0,0.0,14456.74,435147.58,0
0,440628.31,29889.0,0.0,1276726.14,1717354.45,0
1,88418.03,0.0,0.0,1621111.29,2474779.36,0
1,311310.4,128649.0,0.0,353109.65,664420.06,0
1,88211.55,61090.24,0.0,512791.63,601003.18,0
1,112574.0,21586.0,0.0,0.0,112574.0,0
0,1109065.08,0.0,0.0,1432820.62,2541885.7,0
0,228484.49,2065.0,0.0,0.0,228484.49,0
1,186045.58,596738.0,410692.42,0.0,186045.58,0
0,851072.06,18540.0,0.0,1534781.29,2385853.34,0
1,420307.72,48727.0,0.0,1211892.53,1632200.25,0
0,101087.28,0.0,0.0,278354.18,379441.46,0
1,183446.43,0.0,0.0,850362.7,1033809.13,0
1,235064.58,11740.0,0.0,133421.18,368485.76,0
1,113538.36,4903.0,0.0,0.0,113538.36,0
1,231649.35,34053.0,0.0,0.0,231649.35,0
1,239244.36,0.0,0.0,2876371.69,3115616.05,0
1,29174.8,29174.8,0.0,4093.57,33268.36,1
1,237515.5,21025.0,0.0,27259.09,264774.58,0
1,112655.77,352162.96,239507.18,458099.53,570755.31,0
0,33217.86,0.0,0.0,3422047.39,3455265.25,0
1,193203.26,0.0,0.0,242770.38,435973.64,0
1,156354.63,168.0,0.0,202381.28,358735.91,0
1,273821.16,21.0,0.0,301325.62,575146.78,0
1,350866.78,0.0,0.0,9890990.1,10796819.34,0
1,63410.42,83641.0,20230.58,307374.17,370784.59,0
1,32753.62,0.0,0.0,142241.91,174995.53,0
1,480466.74,6203.0,0.0,86488.66,566955.4,0
1,263480.15,0.0,0.0,690990.26,2261917.96,0
1,63086.03,197.0,0.0,0.0,63086.03,0
1,115612.29,0.0,0.0,1977858.85,2093471.14,0
1,341651.93,0.0,0.0,801760.98,1143412.92,0
1,447.97,0.0,0.0,736156.06,736604.03,0
1,23548.77,0.0,0.0,43221.0,66769.77,0
0,1175997.2,0.0,0.0,2788915.59,3964912.8,0
1,105115.92,114497.21,9381.29,109702428.13,109807544.05,0
1,107120.88,0.0,0.0,186618.97,293739.85,0
1,289529.28,274067.74,0.0,1197334.25,1486863.53,0
1,82604.99,752.0,0.0,0.0,82604.99,0
1,80047.81,0.0,0.0,102615.87,182663.67,0
1,148985.27,0.0,0.0,421232.57,570217.84,0
1,96141.29,16075.0,0.0,646894.66,743035.95,0
1,199354.49,0.0,0.0,1634919.4,1834273.89,0
1,305009.03,0.0,0.0,4303953.95,4608962.98,0
0,614712.26,94239.0,0.0,0.0,614712.26,0
1,562360.13,96467.0,0.0,0.0,562360.13,0
1,285558.53,5047.0,0.0,0.0,285558.53,0
1,212159.17,0.0,0.0,232444.38,444603.55,0
1,31697.38,10766.0,0.0,61339.42,93036.8,0
1,117858.65,9970.0,0.0,0.0,117858.65,0
1,139912.83,0.0,0.0,980533.27,1120446.11,0
1,138446.23,51589.0,0.0,138.0,0.0,0
1,318828.89,103781.0,0.0,0.0,318828.89,0
1,248077.44,0.0,0.0,3593332.4,3841409.84,0
0,367366.43,0.0,0.0,1349290.78,1716657.2,0
1,50555.84,138886.0,88330.16,0.0,50555.84,0
1,130017.43,327118.71,197101.28,1110722.43,1240739.86,0
0,407195.08,0.0,0.0,1805489.65,2212684.73,0
1,171718.66,5421.0,0.0,9209026.94,9506714.43,0
1,16438.57,0.0,0.0,202823.7,219262.27,0
1,27091.96,0.0,0.0,133181.22,160273.18,0
0,693237.47,0.0,0.0,3989104.7,4682342.17,0
1,7278.97,0.0,0.0,248220.5,628602.57,0
1,135379.69,172117.0,36737.31,163555.39,298935.08,0
1,137548.54,0.0,0.0,1590641.94,1728190.48,0
1,208719.68,0.0,0.0,641713.19,850432.88,0
0,1175766.47,0.0,0.0,1393811.33,2407585.94,0
1,308691.77,14132.0,0.0,2156933.36,2465625.13,0
1,53071.48,0.0,0.0,3623171.06,3676242.53,0
1,224777.73,12435.0,0.0,0.0,224777.73,0
1,14813.07,11183.0,0.0,264173.35,622718.19,0
1,205889.22,60551.0,0.0,1122917.13,1328806.35,0
1,99885.19,58876.0,0.0,260615.08,481957.57,0
1,38511.95,0.0,0.0,1354097.32,1392609.27,0
1,251807.74,756323.0,504515.26,0.0,251807.74,0
0,804216.46,32112.0,0.0,5065780.75,5869997.21,0
0,190685.32,0.0,0.0,936478.12,1127163.43,0
0,875488.93,0.0,0.0,4121295.81,4996784.74,0
1,350184.22,78062.08,0.0,482992.13,833176.35,0
0,409269.11,0.0,0.0,7710943.15,8120212.26,0
1,72109.49,10584.0,0.0,997856.28,1069965.77,0
0,22757.26,0.0,0.0,4024350.42,4047107.68,0
0,1447536.3,0.0,0.0,2307598.91,3755135.21,0
0,30280.38,37563.0,7282.62,437148.83,467429.21,0
0,461136.77,0.0,0.0,626933.14,1088069.92,0
1,412206.25,0.0,0.0,2525281.21,2937487.46,0
0,1556273.56,0.0,0.0,7052036.9,10861105.19,0
1,143605.68,0.0,0.0,278542.43,422148.12,0
1,158290.74,0.0,0.0,2214373.03,2372663.77,0
1,260719.31,0.0,0.0,7959107.7,8592262.51,0
1,362229.33,29805.0,0.0,748244.35,1349470.61,0
1,74413.41,0.0,0.0,1668076.16,1793974.09,0
1,221356.48,0.0,0.0,2408630.07,2629986.55,0
1,381231.87,12139.0,0.0,961277.8,1342509.67,0
1,71274.38,3445.0,0.0,6488304.69,6717872.73,0
0,1018882.92,0.0,0.0,3596431.11,4615314.03,0
1,335623.17,30360.0,0.0,0.0,335623.17,0
1,144327.72,0.0,0.0,150753.13,295080.85,0
1,19834.61,10378.0,0.0,369752.84,389587.45,0
1,95228.36,0.0,0.0,124349.02,219577.39,0
1,21312.66,0.0,0.0,31188.09,52500.75,0
1,65884.05,0.0,0.0,9606532.04,9672416.09,0
1,260749.11,45550.0,0.0,0.0,260749.11,0
1,21950.35,51109.0,29158.65,165264.69,187215.04,0
0,62514.79,0.0,0.0,93793.5,156308.29,0
1,306614.9,0.0,0.0,611820.64,918435.54,0
1,336321.15,0.0,0.0,4546361.74,4882682.89,0
1,284034.14,302263.0,18228.86,181919.93,465954.07,0
1,327161.49,0.0,0.0,1270137.83,1597299.31,0
1,70499.5,0.0,0.0,16101477.45,16171976.96,0
1,13242.04,278182.51,264940.47,582423.0,595665.03,0
1,102184.16,0.0,0.0,345118.5,447302.65,0
1,32583.83,51050.0,18466.17,1270906.75,1303490.57,0
1,207982.37,0.0,0.0,2051804.02,2259786.39,0
0,225085.98,4448.0,0.0,1341693.18,1566779.16,0
1,85685.35,0.0,0.0,23049866.9,23135552.25,0
0,970759.8,54006.0,0.0,0.0,970759.8,0
1,67770.99,0.0,0.0,632181.64,699952.63,0
1,111020.7,0.0,0.0,3537332.6,3648353.3,0
0,163723.14,0.0,0.0,1154058.76,1317781.9,0
0,349878.7,0.0,0.0,452400.34,802279.04,0
1,116215.07,291965.69,175750.63,1010435.81,1126650.88,0
0,235250.83,50864.92,0.0,2781473.53,3016724.35,0
1,257275.14,30395.0,0.0,725922.84,983197.98,0
1,146960.51,0.0,0.0,582259.85,729220.37,0
1,244176.45,20151.0,0.0,2414916.47,2659092.92,0
1,260485.49,0.0,0.0,2308720.82,2569206.32,0
1,368245.3,64272.0,0.0,61887.4,396001.45,0
1,175158.2,104.0,0.0,452376.3,627534.5,0
1,284138.63,488245.0,204106.37,1697296.61,1981435.24,0
1,107684.19,0.0,0.0,179926.5,287610.7,0
1,25696.78,0.0,0.0,74860.57,100557.35,0
1,301297.89,237.0,0.0,833175.58,1134473.48,0
1,16754.01,0.0,0.0,472950.13,769814.92,0
0,870095.28,200563.0,0.0,183872.45,899346.31,0
0,796304.5,0.0,0.0,905743.0,1702047.5,0
1,233155.44,5920.0,0.0,0.0,233155.44,0
1,227828.88,112.0,0.0,6019700.98,6247529.86,0
1,68864.06,0.0,0.0,139871.32,208735.38,0
1,358055.26,62450.0,0.0,2040.0,0.0,0
1,497592.39,0.0,0.0,1546439.57,2044031.97,0
1,269516.56,0.0,0.0,796488.04,1066004.6,0
1,105431.27,10022.0,0.0,5034154.41,5370740.09,0
1,45679.95,145397.0,99717.05,377548.6,423228.55,0
1,166908.26,236769.0,69860.74,993226.04,1160134.29,0
1,98682.41,0.0,0.0,128467.55,227149.97,0
1,227708.75,1601.0,0.0,109155.78,336864.54,0
1,234661.41,0.0,0.0,1759707.32,1994368.72,0
0,304451.96,101105.0,0.0,0.0,304451.96,0
1,301695.9,21371.0,0.0,1339.81,303035.71,0
0,382778.35,8770.42,0.0,2138995.0,2521773.35,0
1,145764.29,306995.0,161230.71,248371.08,394135.38,0
1,236838.04,0.0,0.0,585954.7,822792.74,0
0,707391.19,5215.0,0.0,86604.02,793995.21,0
1,9333.72,101549.0,92215.28,0.0,9333.72,0
1,461787.45,76394.0,0.0,0.0,461787.45,0
1,43917.91,0.0,0.0,1934890.16,1978808.07,0
1,253311.44,29710.0,0.0,0.0,253311.44,0
1,379034.65,1298.0,0.0,0.0,379034.65,0
1,210584.16,0.0,0.0,1504881.18,1715465.34,0
1,65330.99,0.0,0.0,1030550.32,1095881.31,0
1,182787.62,0.0,0.0,3882837.42,4065625.04,0
1,84211.79,18707.74,0.0,379882.9,464094.69,0
0,713039.84,0.0,0.0,1447894.56,2160934.39,0
1,32983.88,317436.0,284452.12,0.0,32983.88,0
0,114333.38,0.0,0.0,463791.27,578124.64,0
1,77870.01,0.0,0.0,441636.42,519506.43,0
1,497449.67,0.0,0.0,5775344.61,6272794.28,0
1,174831.97,0.0,0.0,683028.84,857860.81,0
1,228633.29,121283.0,0.0,1946624.4,2175257.68,0
1,593454.61,0.0,0.0,3210008.69,3803463.3,0
1,168353.77,1033126.93,864773.16,0.0,149842.32,0
0,135899.39,82633.0,0.0,0.0,135899.39,0
1,48633.78,88987.0,40353.22,0.0,48633.78,0
1,481645.15,331.0,0.0,0.0,481645.15,0
0,373002.99,0.0,0.0,17205553.86,17578556.85,0
1,126529.36,22091.0,0.0,171587.58,298116.94,0
1,41013.61,0.0,0.0,125641.91,166655.52,0
1,593692.08,257856.0,0.0,66319.79,675690.64,0
1,142353.83,0.0,0.0,214853.7,597142.52,0
1,344575.54,303817.0,0.0,741410.74,1085986.28,0
1,96683.27,0.0,0.0,321880.59,418563.85,0
1,47419.29,61644.0,14224.71,0.0,47419.29,0
1,395700.1,0.0,0.0,9445889.68,9841589.79,0
1,312780.97,298697.0,0.0,1992104.24,2304885.21,0
1,120187.62,7039.0,0.0,8833840.79,8954028.41,0
1,170968.55,15310.0,0.0,10942262.86,11113231.4,0
1,110247.23,30327.0,0.0,1540682.7,1650929.93,0
1,124737.05,0.0,0.0,2132274.18,2257011.23,0
1,181624.33,0.0,0.0,198161.79,379786.13,0
1,282831.68,0.0,0.0,2143048.93,2425880.61,0
1,252869.92,765919.0,513049.08,850301.67,1103171.59,0
1,367025.13,25542.0,0.0,62639.34,429664.47,0
1,127287.68,15560.0,0.0,294383.59,421671.27,0
1,119105.55,112123.0,0.0,1084997.41,1204102.97,0
0,113092.28,43641.0,0.0,14308.9,127401.18,0
1,270373.85,18325.0,0.0,234964.21,505338.07,0
0,914913.76,0.0,0.0,9568429.55,10483343.31,0
1,687776.32,11889.0,0.0,0.0,687776.32,0
0,499112.98,0.0,0.0,1532360.63,2031473.62,0
1,218464.05,6754.0,0.0,0.0,218464.05,0
1,225455.32,50103.0,0.0,0.0,225455.32,0
1,161397.09,74092.0,0.0,0.0,161397.09,0
1,189386.73,0.0,0.0,423386.53,166770.18,0
0,653963.13,0.0,0.0,15165247.2,15819210.33,0
1,74423.54,278.0,0.0,2143919.65,2218343.19,0
0,436581.49,0.0,0.0,563387.21,999968.7,0
1,101629.16,0.0,0.0,369661.25,106712.97,0
0,213945.13,0.0,0.0,875752.57,1089697.7,0
1,97454.51,51864.0,0.0,0.0,97454.51,0
1,153160.24,9048.0,0.0,122766.06,275926.31,0
1,149041.25,42103.0,0.0,6583036.52,6732077.78,0
0,885978.02,49648.0,0.0,0.0,885978.02,0
1,165384.38,0.0,0.0,223846.57,389230.95,0
1,6922.0,20389.0,13467.0,34942.55,41864.55,0
0,32864.19,0.0,0.0,6873493.43,6906357.62,0
1,11820.19,0.0,0.0,1711735.14,1723555.33,0
0,724744.8,49847.0,0.0,276873.26,1001618.06,0
1,38090.02,31845.0,0.0,0.0,38090.02,0
1,170902.02,101336.0,0.0,2106641.35,2277543.37,0
1,211216.77,0.0,0.0,404948.47,616165.23,0
1,113343.73,0.0,0.0,1176591.77,1289935.5,0
1,33493.32,0.0,0.0,9342268.0,9375761.32,0
1,236325.48,59866.0,0.0,99411.81,335737.29,0
1,7114.5,0.0,0.0,1053732.32,1330005.24,0
1,56197.5,4433.0,0.0,7297031.54,7353229.04,0
1,566875.22,0.0,0.0,1926915.34,2493790.56,0
1,153860.91,0.0,0.0,331310.14,485171.05,0
1,110240.42,0.0,0.0,649229.31,759469.73,0
1,275968.82,121634.88,0.0,405726.64,681695.46,0
0,27143.81,24562.0,0.0,579172.02,606315.82,0
0,336191.21,0.0,0.0,1635998.94,1972190.16,0
1,132434.6,10338.0,0.0,0.0,132434.6,0
1,600266.11,31130.0,0.0,0.0,600266.11,0
1,50703.32,0.0,0.0,117087.46,167790.78,0
0,94745.7,0.0,0.0,227485.2,322230.9,0
1,159285.83,68137.0,0.0,0.0,159285.83,0
1,120028.16,8508.0,0.0,12369331.04,12489359.2,0
1,84828.46,0.0,0.0,1252399.19,1337227.65,0
1,227498.27,0.0,0.0,993616.79,1221115.06,0
1,230676.51,0.0,0.0,391718.03,622394.54,0
1,266451.78,20591.0,0.0,320401.67,586853.45,0
1,350277.18,3534.0,0.0,56304.97,406582.15,0
0,661121.07,0.0,0.0,3038973.71,3700094.78,0
1,70757.24,21182.0,0.0,1060091.58,1130848.81,0
0,27145.71,0.0,0.0,81950.61,109096.32,0
0,1022709.71,61837.0,0.0,217252.63,1239962.33,0
0,5719606.15,139636.0,0.0,891038.36,6610644.5,0
1,676190.31,0.0,0.0,2235474.73,2911665.03,0
0,1078926.06,0.0,0.0,6059658.17,7138584.23,0
1,296807.4,0.0,0.0,4057876.33,4354683.72,0
1,7095.68,0.0,0.0,32575.66,39671.35,0
1,152138.22,0.0,0.0,493621.23,645759.44,0
1,380999.3,8181.0,0.0,478597.63,1084122.13,0
1,90434.42,0.0,0.0,1917346.52,2007780.95,0
1,369145.41,0.0,0.0,9509205.48,9878350.89,0
1,101791.62,10926.0,0.0,0.0,101791.62,0
1,195982.8,32.0,0.0,182122.11,378104.9,0
1,328986.74,0.0,0.0,469449.68,798436.42,0
0,469775.31,0.0,0.0,6399876.57,7113309.86,0
1,174750.95,0.0,0.0,175887.59,350638.55,0
1,155546.25,0.0,0.0,1757810.42,1913356.67,0
1,111735.53,1185.0,0.0,242404.19,354139.72,0
0,247060.5,0.0,0.0,1382508.52,1629569.02,0
1,117169.06,35406.0,0.0,0.0,117169.06,0
1,94363.12,181.0,0.0,202879.82,297242.94,0
1,188031.96,38318.3,0.0,1608878.55,1668867.65,0
1,41993.15,202622.0,160628.85,115466.48,157459.63,0
0,714877.53,165107.96,0.0,1040483.03,1755360.56,0
0,664686.07,0.0,0.0,1187824.25,1852510.32,0
1,40203.82,10088.0,0.0,18774.83,58978.65,0
1,329610.8,424797.0,95186.2,0.0,329610.8,0
1,15404.13,415630.0,400225.87,758743.56,774147.69,0
1,254407.67,0.0,0.0,478197.27,732604.93,0
1,164898.39,0.0,0.0,1561383.89,1726282.28,0
1,80329.97,51862.0,0.0,399133.03,479463.0,0
1,62932.46,32894.0,0.0,0.0,62932.46,0
1,163768.99,0.0,0.0,353693.53,789548.57,0
1,94641.24,0.0,0.0,454581.25,549222.48,0
1,107770.53,9398.0,0.0,436915.28,544685.82,0
1,277362.08,2860.01,0.0,2773821.13,3051183.21,0
1,232252.32,3455.0,0.0,3936977.79,4169230.12,0
1,224184.43,0.0,0.0,819620.5,543308.91,0
0,257594.45,0.0,0.0,425008.21,682602.67,0
1,41083.17,11457.0,0.0,326815.74,1546287.92,0
1,98359.14,0.0,0.0,214099.85,312458.99,0
0,761026.43,0.0,0.0,1144549.26,1905575.69,0
0,1824662.48,51510.0,0.0,983403.19,2808065.67,0
0,373186.91,256852.0,0.0,46174.61,419361.53,0
0,1633227.0,1633227.0,0.0,0.0,0.0,1
1,252273.09,5142.0,0.0,2786301.54,3038574.63,0
1,138322.43,55095.0,0.0,105256.85,243579.28,0
1,37482.92,9965.0,0.0,922863.81,960346.74,0
1,120040.63,213872.0,93831.37,191861.8,311902.43,0
1,160001.19,10630.0,0.0,229841.13,389842.32,0
1,158318.89,0.0,0.0,1788486.6,1946805.49,0
1,177088.41,0.0,0.0,366511.2,504669.53,0
1,49689.02,0.0,0.0,138182.33,187871.35,0
1,209406.08,0.0,0.0,382518.75,591924.82,0
1,43005.12,0.0,0.0,458176.12,501181.24,0
1,86117.53,0.0,0.0,86445.31,172562.84,0
1,12812.39,79500.0,66687.61,67249.82,80062.21,0
1,280731.32,688.0,0.0,441428.59,722159.91,0
0,839198.8,0.0,0.0,1093580.37,1932779.17,0
0,451355.12,130310.18,0.0,3373562.93,3824918.05,0
1,61398.02,3570.0,0.0,1655697.53,1717095.55,0
1,107408.54,28419.0,0.0,280106.12,387514.66,0
1,109574.54,0.0,0.0,3048597.61,3158172.16,0
0,344320.57,0.0,0.0,1029952.14,1374272.72,0
1,318740.05,0.0,0.0,1753787.6,2072527.65,0
1,99038.4,0.0,0.0,113760.58,212798.98,0
1,249595.11,57.0,0.0,0.0,249595.11,0
1,231193.14,11314.0,0.0,275257.72,506450.86,0
0,2036813.19,0.0,0.0,20948542.63,22985355.83,0
1,174791.93,22238.0,0.0,1123135.19,1297927.11,0
1,1043.84,8747.0,7703.16,0.0,1043.84,0
1,31037.95,37.0,0.0,0.0,31037.95,0
0,18992.91,0.0,0.0,21374.68,40367.59,0
0,250130.21,0.0,0.0,381623.59,631753.8,0
1,170571.64,0.0,0.0,4237766.88,4408338.52,0
0,257770.1,0.0,0.0,462333.58,720103.68,0
0,23268.65,0.0,0.0,775943.19,799211.84,0
1,109537.75,27796.0,0.0,0.0,109537.75,0
1,131406.36,0.0,0.0,398433.07,529839.43,0
0,567738.61,83767.0,0.0,1584821.36,2152559.98,0
1,139633.69,17807.77,0.0,3736191.84,3875825.54,0
1,172164.19,122317.0,0.0,3304538.68,3476702.86,0
0,17936.31,0.0,0.0,2479784.49,2497720.8,0
1,318091.0,0.0,0.0,1427406.87,1745497.87,0
1,251998.91,63.0,0.0,0.0,251998.91,0
1,199514.86,0.0,0.0,1568914.54,1768429.4,0
1,71045.5,0.0,0.0,144395.35,215440.84,0
1,246258.33,21746.0,0.0,0.0,246258.33,0
1,122509.45,193.0,0.0,0.0,122509.45,0
1,278199.32,336614.5,58415.18,2326828.09,2605027.41,0
1,103488.87,0.0,0.0,1158976.25,1262465.12,0
0,538797.0,67021.0,0.0,0.0,538797.0,0
1,115817.95,0.0,0.0,9725691.82,9841509.77,0
1,282832.31,0.0,0.0,799568.37,1082400.68,0
1,256245.89,19999.0,0.0,0.0,256245.89,0
1,141171.71,0.0,0.0,921972.54,1063144.25,0
1,154115.02,0.0,0.0,244424.21,398539.23,0
1,139999.93,233202.0,93202.07,263351.43,403351.36,0
1,42064.18,0.0,0.0,48183.64,90247.82,0
0,975065.35,12564.0,0.0,2812898.11,3787963.46,0
1,358048.81,0.0,0.0,470005.07,828053.88,0
0,333244.9,0.0,0.0,635017.96,968262.85,0
1,136364.78,0.0,0.0,216622.81,649077.01,0
1,84446.37,306.0,0.0,0.0,84446.37,0
1,128461.28,0.0,0.0,4962029.61,5090490.88,0
1,328228.97,78359.44,0.0,1883094.59,2703123.09,0
1,184744.38,24.0,0.0,96176.61,280920.98,0
1,401515.77,11159.0,0.0,0.0,401515.77,0
0,4574.09,0.0,0.0,50875.87,278724.99,0
0,2707043.11,11963.0,0.0,2327722.73,5034765.84,0
1,213187.31,0.0,0.0,730659.18,943846.49,0
1,137285.54,0.0,0.0,466229.75,603515.29,0
0,612614.52,164435.55,0.0,990237.28,1602851.8,0
1,73932.13,0.0,0.0,181638.78,255570.91,0
0,2859727.53,0.0,0.0,3595082.53,6454810.06,0
1,176145.76,5040.0,0.0,46196.66,222342.42,0
1,288185.2,0.0,0.0,336011.97,624197.17,0
1,14609.26,0.0,0.0,180046.9,194656.17,0
1,128525.58,256044.99,127519.41,252660.71,381186.29,0
1,3674.37,0.0,0.0,1902776.43,1840415.2,0
1,27497.07,497211.07,469714.0,214500.18,241997.25,0
0,1728480.68,0.0,0.0,1905145.26,3633625.95,0
1,251137.23,0.0,0.0,473473.98,724611.22,0
1,61240.75,0.0,0.0,217508.09,278748.84,0
1,812.65,0.0,0.0,4373.79,5186.43,0
0,255790.43,0.0,0.0,1723163.81,1978954.24,0
1,176160.66,0.0,0.0,276130.61,452291.27,0
1,157968.99,22361.0,0.0,541985.58,699954.57,0
1,75308.73,0.0,0.0,240921.15,316229.88,0
1,131765.85,42702.0,0.0,0.0,131765.85,0
1,353135.56,9003.0,0.0,0.0,353135.56,0
0,614531.47,0.0,0.0,5520203.96,6134735.43,0
1,215968.37,0.0,0.0,629798.88,845767.26,0
1,106432.64,10091.0,0.0,2787710.3,3769176.56,0
1,293506.31,15969.0,0.0,0.0,293506.31,0
1,216082.72,25895.0,0.0,0.0,216082.72,0
1,333733.6,0.0,0.0,857416.11,1191149.72,0
1,94141.55,0.0,0.0,209104.11,303245.65,0
1,3322.28,0.0,0.0,598569.59,601891.87,0
0,641644.95,6809.0,0.0,71681.87,713326.82,0
0,2390074.68,713.0,0.0,1435334.94,3825409.62,0
1,83222.79,148840.0,65617.21,7011928.9,7095151.7,0
1,27536.98,10446.0,0.0,1995704.04,2023241.02,0
1,351668.33,15235.0,0.0,0.0,351668.33,0
1,73809.57,23185.0,0.0,0.0,73809.57,0
1,166270.43,0.0,0.0,1244289.85,1410560.28,0
1,498140.61,102218.19,0.0,2116278.29,2614418.91,0
1,455975.23,267736.0,0.0,234469.7,690444.93,0
1,236035.8,0.0,0.0,4256854.99,4492890.79,0
1,311766.09,24739.0,0.0,340117.95,651884.04,0
1,23542.6,2435.66,0.0,964646.32,988188.91,0
1,166991.44,84122.0,0.0,9656084.52,9823075.96,0
0,406188.79,90132.0,0.0,1526333.76,1932522.55,0
1,474556.24,0.0,0.0,1022294.41,1785147.43,0
1,30807.94,107259.0,76451.06,0.0,30807.94,0
1,173773.3,17948.0,0.0,0.0,173773.3,0
1,239678.35,8330.0,0.0,0.0,239678.35,0
0,451764.97,5.0,0.0,0.0,451764.97,0
1,127133.48,0.0,0.0,173136.43,300269.91,0
1,9424.92,0.0,0.0,393813.18,403238.1,0
1,200458.94,0.0,0.0,221442.04,421900.98,0
1,168293.22,0.0,0.0,978596.12,1146889.34,0
1,144129.45,10204.0,0.0,0.0,144129.45,0
1,108956.34,18532.0,0.0,0.0,108956.34,0
1,234807.23,0.0,0.0,1354412.41,1589219.64,0
1,44879.29,0.0,0.0,173113.21,217992.5,0
1,126550.86,0.0,0.0,1967114.3,2093665.16,0
1,21015.5,0.0,0.0,247250.64,268266.14,0
0,269113.14,48649.88,0.0,335128.35,604241.49,0
1,652240.27,0.0,0.0,846556.9,1498797.17,0
1,203612.66,425732.0,222119.34,9794.73,213407.38,0
1,273556.17,0.0,0.0,829379.45,1102935.62,0
1,45115.32,309309.0,264193.68,280501.83,325617.15,0
1,54367.65,0.0,0.0,1322477.86,1376845.51,0
0,919949.77,36415.2,0.0,1685450.54,2605400.31,0
1,167677.78,0.0,0.0,173280.34,340958.12,0
1,132457.39,2723.0,0.0,773155.0,1274725.09,0
0,517396.46,11708.0,0.0,3338372.85,3855769.31,0
0,340243.06,135.0,0.0,263399.08,603642.13,0
1,331602.52,240.0,0.0,0.0,331602.52,0
0,722750.4,32917.0,0.0,225817.19,948567.59,0
1,34083.08,107.0,0.0,108678.68,142761.76,0
1,189127.27,0.0,0.0,194670.29,383797.56,0
1,344963.05,711.0,0.0,0.0,344963.05,0
1,311945.96,21491.0,0.0,27196.24,339142.19,0
0,493862.35,0.0,0.0,1628798.57,2122660.92,0
0,936342.39,0.0,0.0,6613167.23,7549509.62,0
0,279367.12,1165.0,0.0,240060.39,519427.52,0
1,355084.57,119533.0,0.0,89538.83,444623.4,0
0,376549.15,0.0,0.0,2149570.52,3067577.94,0
0,54527.06,7233.0,0.0,0.0,54527.06,0
0,1803113.31,42678.15,0.0,2047306.42,3850419.72,0
0,1046058.04,35595.0,0.0,18740.33,1064798.36,0
1,47841.56,0.0,0.0,159774.25,207615.81,0
1,216298.97,0.0,0.0,2379014.83,2595313.8,0
1,44464.96,90679.0,46214.04,154247.79,198712.75,0
1,126615.4,0.0,0.0,2767137.7,2893753.1,0
1,83903.31,0.0,0.0,3612886.01,3696789.32,0
1,4420.47,0.0,0.0,67871.19,72291.65,0
1,45487.15,10101.0,0.0,19931317.73,19976804.88,0
0,534219.7,64949.0,0.0,184113.58,828631.98,0
1,57405.64,0.0,0.0,628800.28,598716.33,0
1,260018.77,525540.81,265522.04,2433461.95,2693480.72,0
1,111430.8,0.0,0.0,680434.78,925025.1,0
1,309986.58,0.0,0.0,453304.57,763291.14,0
1,195505.34,312.0,0.0,145728.16,341233.5,0
1,39536.25,63149.0,23612.75,0.0,39536.25,0
1,42875.09,0.0,0.0,211212.98,254088.07,0
1,62353.16,95985.0,33631.84,377293.31,439646.47,0
0,460044.36,0.0,0.0,657845.98,1117890.33,0
1,224141.73,49519.0,0.0,1214718.4,1438860.13,0
1,164292.99,204448.0,40155.01,714990.82,879283.8,0
1,75964.38,408134.84,332170.45,126673.47,202637.86,0
0,1366535.31,264.0,0.0,7794133.84,9160669.15,0
1,163358.68,0.0,0.0,325093.23,488451.91,0
1,22171.31,0.0,0.0,763628.73,785800.03,0
1,76210.92,0.0,0.0,306795.86,383006.78,0
0,303848.3,0.0,0.0,339068.29,642916.59,0
1,1956.6,21117.0,19160.4,0.0,1956.6,0
1,76371.77,0.0,0.0,231222.23,307594.0,0
1,205222.61,0.0,0.0,266325.1,471547.71,0
1,78503.61,31017.0,0.0,220832.95,299336.57,0
1,462613.89,84808.0,0.0,89378.93,551992.83,0
1,32566.32,0.0,0.0,76793.36,109359.68,0
1,91148.01,1087.0,0.0,0.0,91148.01,0
1,297712.35,484385.0,186672.65,272496.84,570209.19,0
1,454327.79,0.0,0.0,570573.32,1024901.11,0
1,119332.15,10200.0,0.0,75482.79,194814.95,0
1,79531.57,51575.0,0.0,9099.64,88631.22,0
1,191353.14,0.0,0.0,315322.69,506675.82,0
1,111825.62,13216.0,0.0,0.0,111825.62,0
1,81465.39,379.0,0.0,107855.81,189321.2,0
1,127284.56,0.0,0.0,3175790.87,3303075.43,0
1,142634.36,0.0,0.0,528371.78,671006.14,0
1,112704.91,1508.0,0.0,793911.65,906616.55,0
1,145457.91,251604.0,106146.09,83458.49,228916.4,0
1,12240.13,0.0,0.0,77329.25,89569.38,0
1,83098.63,1574.0,0.0,76346.0,159444.63,0
1,125186.92,26052.0,0.0,0.0,125186.92,0
0,3887509.62,0.0,0.0,13096620.92,16984130.54,0
1,118787.63,0.0,0.0,3244133.6,3362921.23,0
1,349088.35,0.0,0.0,799552.4,1148640.75,0
1,512606.4,400452.32,0.0,1980307.73,2492914.13,0
1,31646.51,0.0,0.0,1710082.59,1741729.1,0
1,225878.59,50415.0,0.0,314355.18,540233.77,0
1,229607.54,0.0,0.0,428859.61,658467.15,0
1,58411.07,210581.36,152170.29,0.0,58411.07,0
1,33298.73,129346.11,96047.38,872547.03,905845.76,0
1,167994.45,197.0,0.0,43287.0,211281.45,0
0,254888.62,113020.0,0.0,320893.93,575782.54,0
1,353028.99,0.0,0.0,1767826.99,2120855.98,0
1,299379.01,0.0,0.0,1367186.76,1666565.76,0
1,79419.79,0.0,0.0,1076278.05,1155697.85,0
1,544204.92,0.0,0.0,758089.09,1302294.01,0
1,30538.2,0.0,0.0,895249.37,925787.56,0
1,371717.3,0.0,0.0,1164825.07,1536542.37,0
1,261014.15,26238.0,0.0,361283.56,622297.72,0
1,80504.54,0.0,0.0,686846.0,767350.54,0
0,606412.69,0.0,0.0,2445772.11,3052184.8,0
1,461686.53,638085.0,176398.47,549422.99,1011109.53,0
0,2394623.8,2394623.8,0.0,0.0,0.0,1
1,52076.23,626.0,0.0,0.0,742063.17,0
0,282670.03,8092.0,0.0,21028.54,303698.57,0
1,507330.85,21935.65,0.0,2282446.58,2789777.43,0
1,148110.14,0.0,0.0,692493.99,840604.13,0
1,240861.55,99224.0,0.0,396669.27,637530.82,0
1,409795.38,0.0,0.0,516214.94,926010.32,0
1,191484.97,39502.62,0.0,1379618.3,1571103.27,0
1,291726.87,370.0,0.0,1864229.68,2155956.55,0
1,136599.89,575047.83,438447.94,74526.0,10760.31,0
1,162105.05,26474.78,0.0,176126.0,338231.05,0
1,197569.13,0.0,0.0,1290424.49,1487993.62,0
1,251609.18,101391.0,0.0,0.0,251609.18,0
0,1071250.87,0.0,0.0,1727044.34,2798295.2,0
1,271288.77,33851.0,0.0,0.0,271288.77,0
1,6608.79,132499.0,125890.21,11870593.08,11877201.87,0
0,1473119.06,0.0,0.0,7484083.48,8957202.55,0
1,148313.08,2237.0,0.0,17033157.3,17181470.39,0
1,10908.57,397.0,0.0,1658001.39,1307402.56,0
1,97581.4,0.0,0.0,435526.81,533108.21,0
0,82356.7,0.0,0.0,87497.17,240712.1,0
0,10000000.0,40885.0,0.0,1593499.19,23260632.48,0
1,315978.99,19231.0,0.0,0.0,611897.02,0
1,162415.29,21578.0,0.0,192306.47,354721.76,0
0,89632.32,37357.0,0.0,0.0,89632.32,0
1,173776.32,0.0,0.0,1074586.77,1248363.09,0
1,63522.14,60318.36,0.0,0.0,112285.96,0
1,121845.41,0.0,0.0,685605.27,807450.68,0
1,379646.75,0.0,0.0,439585.05,819231.79,0
1,454424.19,5562.0,0.0,108825.54,563249.73,0
0,2191343.63,38816.0,0.0,144614.44,2335958.07,0
1,125690.26,0.0,0.0,297418.57,423108.83,0
1,26197.78,40367.0,14169.22,56629.33,82827.11,0
1,295985.32,16597.0,0.0,0.0,295985.32,0
1,123488.35,0.0,0.0,1965380.97,2465506.0,0
1,24562.7,47860.16,23297.45,385578.14,410140.84,0
1,102402.13,0.0,0.0,397062.05,499464.19,0
1,114934.64,0.0,0.0,167395.21,282329.85,0
1,116036.36,0.0,0.0,18628191.02,18744227.38,0
1,6857.98,0.0,0.0,4691943.83,4698801.82,0
1,109620.53,0.0,0.0,578485.06,688105.59,0
1,274669.69,16.0,0.0,100458.0,375127.69,0
0,4438931.81,4438931.81,0.0,0.0,0.0,1
1,9102.96,8014.0,0.0,0.0,9102.96,0
1,160534.02,20710.0,0.0,1323949.04,1484483.06,0
1,222299.35,0.0,0.0,380474.83,602774.18,0
1,126338.71,115974.21,0.0,224448.55,350787.27,0
1,16282.6,385.0,0.0,0.0,16282.6,0
1,58822.81,10490.0,0.0,0.0,58822.81,0
1,330606.23,183901.58,0.0,559408.7,890014.93,0
1,321482.36,32085.0,0.0,0.0,321482.36,0
1,167420.45,0.0,0.0,243842.79,411263.24,0
0,327870.24,0.0,0.0,856298.86,1184169.1,0
1,25853.0,0.0,0.0,1253261.24,1279114.24,0
1,37272.37,0.0,0.0,311325.11,348597.48,0
0,194441.38,0.0,0.0,1417582.96,1612024.34,0
1,332187.47,0.0,0.0,497259.57,829447.04,0
1,357194.26,0.0,0.0,1389609.23,1746803.49,0
0,210595.2,0.0,0.0,246574.24,457169.43,0
1,66201.44,0.0,0.0,720748.9,786950.35,0
1,2584.38,0.0,0.0,1696919.32,1699503.7,0
1,131951.68,24.0,0.0,99465.3,231416.99,0
1,381145.25,0.0,0.0,1294380.43,1974684.38,0
1,216031.04,0.0,0.0,333875.03,549906.07,0
1,165890.09,0.0,0.0,450219.3,616109.39,0
1,177379.27,0.0,0.0,1660464.62,1837843.89,0
1,9453680.72,9453680.72,0.0,0.0,9453680.72,1
1,344848.01,43006.0,0.0,516946.79,634519.35,0
1,71187.86,138.0,0.0,1778505.95,1849693.81,0
0,308263.08,0.0,0.0,1777800.27,2086063.35,0
1,234715.27,0.0,0.0,4201936.72,4436651.99,0
1,73677.94,50356.0,0.0,0.0,73677.94,0
1,467412.47,0.0,0.0,712622.28,1180034.75,0
1,255982.38,21043.0,0.0,162070.41,418052.79,0
1,775919.9,0.0,0.0,823181.89,1599101.79,0
0,53459.07,638646.12,585187.05,116672.57,170131.65,0
0,1008658.7,20953.0,0.0,0.0,1008658.7,0
0,4971411.96,0.0,0.0,20058382.8,25029794.77,0
1,293305.55,131481.0,0.0,1540638.04,1833943.6,0
1,144059.32,15911.53,0.0,886474.29,1030533.62,0
1,7358.52,22464.0,15105.48,974138.35,818823.77,0
1,162870.64,0.0,0.0,1754080.74,2022772.14,0
1,190530.55,152.0,0.0,217299.96,532432.97,0
1,54163.9,103769.0,49605.1,0.0,54163.9,0
1,140693.23,0.0,0.0,982936.45,1123629.68,0
1,127311.99,10127.0,0.0,3001564.1,3617099.15,0
1,346312.13,589.0,0.0,6815083.89,7161396.03,0
1,182933.74,144053.0,0.0,957919.17,1140852.91,0
1,48064.92,0.0,0.0,320827.42,368892.34,0
1,128626.92,12657.0,0.0,246251.82,483325.7,0
0,1709626.07,0.0,0.0,2004679.57,3714305.64,0
1,165813.79,0.0,0.0,365626.86,531440.65,0
1,374744.69,6.0,0.0,316304.88,691049.57,0
0,1201981.65,31065.0,0.0,122700.07,1324681.73,0
1,281829.52,20834.0,0.0,7488183.07,7770012.59,0
1,177856.82,0.0,0.0,1046046.78,1223903.6,0
1,42121.18,50064.0,7942.82,88189.85,16886.86,0
1,385608.0,10866.0,0.0,0.0,385608.0,0
1,16.49,94708.02,94691.53,439515.21,439531.7,0
1,114834.88,0.0,0.0,205080.63,319915.51,0
1,163658.79,14918.0,0.0,56647.04,220305.84,0
1,61127.75,147887.0,86759.25,4971716.62,5032844.37,0
0,979260.23,0.0,0.0,5434906.6,6414166.83,0
0,10297.72,699293.69,688995.97,3606819.16,3475471.88,0
0,1139590.68,36156.0,0.0,486988.31,1626579.0,0
1,136034.34,0.0,0.0,1021489.12,1157523.46,0
0,46352.45,0.0,0.0,3266447.67,3312800.11,0
1,26293.61,149937.44,123643.83,89971.35,116264.96,0
1,115636.16,0.0,0.0,4579405.54,5468517.15,0
1,115343.68,20432.0,0.0,171467.82,1062967.56,0
1,619910.04,146802.0,0.0,113727.6,733637.64,0
1,149170.54,19923.0,0.0,1015696.75,1164867.3,0
1,449409.73,0.0,0.0,808170.17,1257579.9,0
0,560670.7,0.0,0.0,1414631.94,2318358.45,0
1,107431.01,25056.0,0.0,2827575.15,2935006.16,0
0,302372.18,0.0,0.0,1830397.37,2375301.54,0
1,255848.82,0.0,0.0,1047031.05,1302879.87,0
0,516292.03,0.0,0.0,4218710.95,4735002.98,0
1,183251.6,0.0,0.0,275219.81,458471.41,0
1,454606.13,0.0,0.0,1129062.46,1583668.59,0
1,21268.76,10904.0,0.0,3065079.49,3086348.25,0
0,908348.08,265532.72,0.0,4746236.23,5654584.31,0
0,476954.19,94.0,0.0,0.0,476954.19,0
1,209288.57,0.0,0.0,5861930.95,6071219.51,0
1,268583.29,0.0,0.0,411818.6,680401.9,0
0,619054.04,0.0,0.0,1252730.68,1871784.72,0
1,183634.34,113960.0,0.0,0.0,183634.34,0
0,181510.77,52171.0,0.0,0.0,181510.77,0
1,108489.98,15800.27,0.0,280595.36,389085.35,0
1,294242.95,0.0,0.0,1803098.92,2097341.87,0
1,218956.49,3621.0,0.0,249686.9,468643.39,0
0,537224.76,0.0,0.0,745334.33,1282559.08,0
1,145833.56,0.0,0.0,1034424.55,1180258.11,0
0,1128834.87,0.0,0.0,1321688.62,2450523.5,0
1,192775.02,16915.0,0.0,452036.89,655808.62,0
1,171435.52,100922.0,0.0,0.0,171435.52,0
1,73942.7,0.0,0.0,148323.64,222266.33,0
0,244114.79,0.0,0.0,3330242.62,3574357.42,0
1,703144.94,0.0,0.0,2428624.15,3131769.09,0
1,79619.91,0.0,0.0,164336.82,243956.73,0
1,45844.32,51939.0,6094.68,1253504.03,1299348.35,0
1,184794.48,0.0,0.0,604503.85,789298.33,0
1,279668.52,0.0,0.0,1629281.23,1908949.75,0
1,10120.8,8185.0,0.0,6082795.78,6092916.57,0
1,86727.59,0.0,0.0,4353639.25,4440366.83,0
1,106525.9,0.0,0.0,581268.85,477012.14,0
0,1581869.88,0.0,0.0,2172365.5,2926613.59,0
0,295196.77,0.0,0.0,386191.9,681388.67,0
1,241953.98,5030.0,0.0,0.0,339313.29,0
1,162226.55,121128.0,0.0,681872.56,844099.11,0
1,299357.68,0.0,0.0,1644833.76,1944191.43,0
0,385755.27,40805.0,0.0,0.0,385755.27,0
1,33190.59,0.0,0.0,132554.47,165745.06,0
1,196278.39,0.0,0.0,1748644.08,1944922.48,0
1,230684.02,0.0,0.0,1779351.61,2010035.64,0
0,1324617.02,563.0,0.0,0.0,1324617.02,0
1,146412.86,189463.0,43050.14,928760.76,1919465.81,0
1,58852.12,0.0,0.0,1987325.17,2046177.29,0
0,310518.29,0.0,0.0,13844456.63,14154974.92,0
1,127016.53,0.0,0.0,1258378.23,1385394.76,0
1,235853.79,0.0,0.0,4477321.81,4713175.6,0
1,416522.79,0.0,0.0,4854589.41,5271112.2,0
1,139260.44,105999.0,0.0,0.0,139260.44,0
1,187454.44,29957.0,0.0,1183507.3,1312918.1,0
1,31193.82,20280.0,0.0,2811689.35,2842883.17,0
1,54152.37,0.0,0.0,90911.79,145064.16,0
1,51683.22,0.0,0.0,92092.01,143775.23,0
1,216479.04,822.0,0.0,0.0,216479.04,0
1,318260.87,0.0,0.0,5185679.59,5503940.46,0
1,95893.65,30907.0,0.0,0.0,95893.65,0
1,272068.01,68482.0,0.0,1327487.84,1599555.85,0
0,2397167.8,2447.0,0.0,246503.19,2643670.99,0
1,212651.59,210723.45,0.0,234194.16,446845.75,0
0,256483.69,480.0,0.0,0.0,256483.69,0
1,98052.97,0.0,0.0,1258742.62,1356795.59,0
1,350918.12,242833.7,0.0,772910.03,1123828.15,0
1,141379.04,0.0,0.0,577525.18,718904.22,0
1,132742.22,10901.0,0.0,14549.0,147291.22,0
0,160919.61,29721.0,0.0,3884713.78,4045633.39,0
0,255090.76,0.0,0.0,2374877.84,2629968.6,0
1,145241.96,11120.0,0.0,1260841.07,1406083.03,0
1,58071.21,29879.0,0.0,167130.52,225201.73,0
1,363035.76,70408.0,0.0,0.0,363035.76,0
0,100173.62,0.0,0.0,1173581.03,1273754.65,0
1,80342.01,15686.0,0.0,2111024.01,2191366.02,0
1,339227.16,0.0,0.0,960726.97,1299954.12,0
1,222587.23,14400.0,0.0,54865.23,277452.45,0
0,316877.85,316877.85,0.0,0.0,0.0,1
1,353249.49,77976.17,0.0,1568846.55,1922096.05,0
0,2984935.54,151.0,0.0,0.0,3039609.28,0
1,564904.37,64892.0,0.0,0.0,564904.37,0
1,38943.18,0.0,0.0,553511.91,592455.09,0
1,120186.13,78782.04,0.0,625814.96,746001.09,0
1,39477.2,0.0,0.0,3303738.47,3343215.67,0
1,36810.64,102026.0,65215.36,51241.4,88052.04,0
1,431629.52,16941.0,0.0,14370647.12,14802276.64,0
1,404093.7,0.0,0.0,1998796.9,2402890.59,0
1,19077.97,0.0,0.0,328191.29,347269.27,0
1,94939.82,109895.26,14955.44,1988671.9,2083611.72,0
0,92997.54,0.0,0.0,494102.29,587099.83,0
1,225665.64,69894.0,0.0,3919828.73,4145494.37,0
1,97598.75,353.0,0.0,24471709.25,24569308.0,0
1,282170.32,41751.0,0.0,292401.48,574571.81,0
1,187852.85,255.0,0.0,1597710.01,2249551.66,0
1,105342.08,0.0,0.0,500901.3,606243.38,0
1,6647.13,10347.0,3699.87,122239.0,65804.46,0
0,241368.08,4563.22,0.0,1394472.6,1635840.69,0
1,399779.33,0.0,0.0,724467.9,1124247.23,0
1,3529.19,32367.0,28837.81,0.0,3529.19,0
1,225768.91,0.0,0.0,334388.06,560156.97,0
1,146671.14,7180.0,0.0,0.0,146671.14,0
1,124387.33,0.0,0.0,565842.68,690230.0,0
1,201689.91,0.0,0.0,575480.07,777169.98,0
1,17063.23,0.0,0.0,866195.25,883258.48,0
0,355783.73,16180.0,0.0,0.0,355783.73,0
1,159742.49,97155.53,0.0,2213700.26,2373442.75,0
1,267517.85,0.0,0.0,321540.02,589057.87,0
0,75670.14,0.0,0.0,442029.04,517699.18,0
0,428084.93,30386.0,0.0,1563793.79,2186416.67,0
0,80288.77,0.0,0.0,6240577.28,7746890.87,0
1,46102.22,4288.02,0.0,72912.02,119014.24,0
1,195745.6,0.0,0.0,267366.68,463112.28,0
1,78569.95,0.0,0.0,287033.33,365603.28,0
1,358002.46,0.0,0.0,1232638.46,1590640.92,0
1,144393.57,106876.0,0.0,588971.08,733364.64,0
0,19991.07,20268.0,276.93,146917.99,166909.07,0
1,111612.82,0.0,0.0,364385.42,475998.24,0
0,649998.37,0.0,0.0,964324.0,1724387.43,0
1,489106.2,16718.0,0.0,0.0,489106.2,0
1,239004.04,910.0,0.0,0.0,239004.04,0
1,164353.55,53063.0,0.0,566873.56,731227.11,0
0,307100.75,9996.0,0.0,2943656.08,3250756.84,0
1,235726.12,5988.0,0.0,0.0,235726.12,0
0,708855.97,0.0,0.0,1066634.1,2109808.94,0
1,49828.04,0.0,0.0,5337516.23,5387344.27,0
0,322265.83,11270.0,0.0,0.0,322265.83,0
1,55619.67,33131.27,0.0,332015.23,387634.9,0
1,77489.7,10987.96,0.0,856796.48,934286.18,0
0,668083.91,22513.0,0.0,447196.98,2455385.38,0
0,453876.67,15017.0,0.0,68718.27,522594.94,0
1,133773.67,0.0,0.0,950604.92,1084378.59,0
1,93946.22,31940.0,0.0,74782.7,168728.92,0
1,224792.42,27403.0,0.0,0.0,224792.42,0
1,255179.48,832.0,0.0,871349.69,1271271.98,0
1,59855.97,0.0,0.0,593760.19,653616.16,0
1,173510.97,168264.0,0.0,3053893.36,3227404.32,0
1,403784.09,0.0,0.0,11778335.13,12229932.65,0
1,216689.15,0.0,0.0,622727.82,839416.98,0
1,141291.39,10925.0,0.0,3377048.66,3518340.05,0
1,27692.63,0.0,0.0,1230934.91,1258627.53,0
0,168395.82,0.0,0.0,409306.06,577701.88,0
1,24858.43,45214.0,20355.57,1044272.14,1069130.57,0
1,308009.85,0.0,0.0,3043466.5,3351476.35,0
1,130496.86,94015.0,0.0,380541.27,511038.13,0
1,2839.12,45370.0,42530.88,0.0,2839.12,0
1,192922.19,0.0,0.0,1964640.33,2157562.51,0
1,243683.43,0.0,0.0,3439549.03,3683232.46,0
0,1934810.16,0.0,0.0,2054050.81,3988860.97,0
1,31506.59,91983.0,60476.41,564411.06,595917.65,0
1,151343.6,0.0,0.0,3318067.09,3469410.69,0
1,194018.02,2973.0,0.0,125509.05,319527.08,0
1,314490.7,49994.0,0.0,1342320.25,1656810.95,0
0,1768116.37,0.0,0.0,8847800.13,10615916.5,0
1,284970.57,0.0,0.0,4928482.12,5177095.85,0
1,152940.74,13814.0,0.0,97259.33,250200.07,0
1,172234.68,1825.0,0.0,403024.65,575259.33,0
1,230975.83,7122.0,0.0,0.0,230975.83,0
0,503023.17,73638.26,0.0,11734270.42,12237293.59,0
1,210025.32,20928.0,0.0,0.0,210025.32,0
0,642727.9,0.0,0.0,1640447.41,2283175.31,0
1,328360.4,0.0,0.0,3036763.4,3365123.79,0
1,211626.04,150303.38,0.0,638056.09,849682.13,0
1,433544.6,0.0,0.0,437294.02,870838.62,0
1,73979.14,0.0,0.0,160839.78,234818.92,0
1,125336.85,55368.54,0.0,589718.05,715054.9,0
1,271342.36,21406.0,0.0,1323085.72,1848723.45,0
1,128284.93,0.0,0.0,2704298.37,2832583.3,0
1,576181.01,251578.35,0.0,2289282.73,2865463.74,0
1,227172.04,0.0,0.0,6003214.54,6230386.58,0
1,76804.78,3755.0,0.0,3445514.13,3522318.91,0
1,135612.93,60218.0,0.0,486636.84,622249.77,0
1,315998.7,176701.0,0.0,1923496.32,2239495.02,0
1,421251.33,682663.58,261412.26,444399.95,865651.28,0
1,26619.59,1582.0,0.0,165630.95,192250.54,0
1,49744.85,0.0,0.0,911678.65,961423.5,0
1,220710.1,0.0,0.0,583681.04,804391.14,0
1,160255.63,193027.6,32771.97,7657386.85,7817642.48,0
1,334970.48,37648.0,0.0,0.0,334970.48,0
1,90168.41,16841.0,0.0,33966.59,124135.0,0
0,314468.42,0.0,0.0,2685245.16,2999713.58,0
0,919085.97,0.0,0.0,1462520.54,2381606.51,0
1,41930.89,5076.0,0.0,226345.04,268275.93,0
1,31531.35,0.0,0.0,84675.29,116206.64,0
0,193304.59,0.0,0.0,1329315.27,1522619.86,0
1,110506.49,75330.75,0.0,689338.3,799844.79,0
0,1171275.46,105014.0,0.0,263455.48,1434730.95,0
1,234168.64,105758.0,0.0,0.0,234168.64,0
1,66947.22,0.0,0.0,1083102.92,1150050.14,0
1,23731.29,0.0,0.0,797088.97,171382.54,0
1,86269.12,29928.0,0.0,8650.39,94919.52,0
1,34468.32,0.0,0.0,431774.09,466242.41,0
1,80513.22,10546.0,0.0,0.0,80513.22,0
0,184000.92,0.0,0.0,5974470.92,6158471.84,0
1,87418.21,0.0,0.0,435220.37,522638.58,0
1,269668.6,0.0,0.0,130720.45,400389.05,0
1,153920.66,209833.96,55913.3,694534.43,848455.09,0
1,379999.05,41248.74,0.0,4081096.2,4461095.25,0
1,5839.0,1322.0,0.0,143984.11,149823.11,0
1,259767.71,29221.0,0.0,1259021.39,1518789.1,0
0,720669.63,454.0,0.0,1291801.73,2012471.36,0
1,241694.45,160760.0,0.0,275181.13,516875.58,0
1,125606.28,0.0,0.0,1323895.54,1449501.82,0
0,489656.87,64791.12,0.0,10658904.93,11148561.79,0
0,3839.46,579132.49,575293.03,3023722.07,3027561.53,0
1,170772.2,0.0,0.0,2179083.5,2349855.7,0
1,93714.56,0.0,0.0,1687844.67,1781559.22,0
1,232890.76,260080.23,27189.47,998051.26,1230942.02,0
1,29287.53,8217.0,0.0,49927.88,79215.41,0
1,126303.14,206579.0,80275.86,21291.21,241398.81,0
1,16811.85,0.0,0.0,3220799.18,3237611.03,0
1,203608.31,105415.0,0.0,6371097.65,6574705.96,0
1,4112.61,288247.0,284134.39,226415.37,230527.97,0
1,171341.69,10072.0,0.0,0.0,171341.69,0
0,288218.3,0.0,0.0,556934.67,845152.97,0
1,153322.18,18398.0,0.0,1137823.25,1291145.42,0
1,388257.53,0.0,0.0,865320.81,1253578.33,0
0,1125862.72,10317.0,0.0,3631065.46,5663765.64,0
1,392458.73,20965.0,0.0,0.0,392458.73,0
1,170003.37,19914.0,0.0,3985864.21,4155867.58,0
1,28861.91,289303.0,260441.09,12719.61,41581.52,0
1,144780.88,0.0,0.0,7546607.43,7691388.31,0
1,307733.76,29718.0,0.0,141958.45,449692.22,0
0,180596.98,0.0,0.0,1386439.05,1567036.03,0
1,123733.49,0.0,0.0,124986.21,248719.7,0
1,73251.63,0.0,0.0,6935419.41,7008671.04,0
1,61066.49,10891.0,0.0,295323.05,356389.54,0
1,98334.61,0.0,0.0,410769.7,509104.31,0
1,53441.46,647639.0,594197.54,444918.13,498359.59,0
1,240242.71,10076.0,0.0,378321.02,618563.73,0
1,129793.74,51010.18,0.0,1272371.03,1402164.77,0
0,2389620.07,0.0,0.0,15170270.84,17559890.9,0
1,89170.48,51086.0,0.0,1082277.83,1171448.32,0
1,119140.39,50985.0,0.0,15801898.62,15921039.01,0
1,244120.12,0.0,0.0,1251319.58,1495439.71,0
1,35667.35,0.0,0.0,69555.61,105222.96,0
0,613255.45,0.0,0.0,2842399.48,3455654.92,0
1,41266.43,37332.0,0.0,0.0,41266.43,0
0,212502.8,0.0,0.0,1267809.21,1480312.01,0
1,75959.33,0.0,0.0,83321.82,159281.15,0
1,133956.73,80667.0,0.0,161518.19,295474.93,0
0,1025217.42,27583.0,0.0,80661.91,1105879.33,0
1,31278.69,10342.0,0.0,757.54,32036.23,0
1,132429.87,50372.0,0.0,953136.58,1085566.45,0
1,119384.68,21442.0,0.0,253677.85,373062.53,0
1,406205.7,30164.0,0.0,0.0,406205.7,0
1,130797.2,136160.0,5362.8,5599.96,136397.16,0
1,189617.33,10909.0,0.0,1859622.03,2049239.35,0
1,398724.47,109987.0,0.0,894502.55,1293227.02,0
1,122072.61,109126.0,0.0,551701.44,673774.06,0
1,193736.57,192.0,0.0,59897.18,253633.74,0
1,188055.3,0.0,0.0,1387058.3,1575113.59,0
1,89288.14,0.0,0.0,133463.91,222752.04,0
1,143355.12,1045.0,0.0,4666082.62,4809437.75,0
1,240747.97,49674.0,0.0,1112514.03,1353262.01,0
1,49145.0,21408.0,0.0,2022820.51,2071965.51,0
1,190650.67,100130.0,0.0,184722.98,375373.65,0
1,112561.54,0.0,0.0,926342.65,1038904.18,0
1,378564.47,0.0,0.0,2668463.19,3047027.66,0
1,228438.22,154.0,0.0,2470743.14,2699181.36,0
0,296916.13,0.0,0.0,423650.32,720566.45,0
1,74286.83,0.0,0.0,146900.11,221186.95,0
1,78817.32,9489.0,0.0,0.0,78817.32,0
1,62452.91,104430.0,41977.09,72936.25,135389.16,0
1,112265.9,0.0,0.0,5521999.79,5634265.69,0
1,25927.57,16117.0,0.0,622082.05,648009.61,0
1,37494.88,1569.0,0.0,0.0,37494.88,0
1,99182.39,42432.0,0.0,37822.08,137004.47,0
1,186778.22,15049.0,0.0,29620.03,216398.25,0
0,1115698.49,0.0,0.0,2422161.48,3537859.97,0
0,56207.16,0.0,0.0,6033608.06,6089815.22,0
1,283447.75,0.0,0.0,14081501.71,14364949.46,0
1,334048.24,0.0,0.0,9138437.72,9472485.96,0
1,59823.86,0.0,0.0,3219563.67,5646361.08,0
0,904951.69,0.0,0.0,2069801.6,2974753.29,0
1,90992.88,5678.0,0.0,6454295.43,6545288.32,0
1,75602.47,22277.0,0.0,4828779.55,4904382.02,0
0,31035.32,0.0,0.0,21422145.82,21453181.14,0
1,400528.9,0.0,0.0,4084765.92,4485294.82,0
1,86310.94,174661.39,88350.45,539458.94,625769.87,0
1,99982.39,11442.0,0.0,50360.0,150342.39,0
1,99381.54,0.0,0.0,2159710.05,2259091.59,0
1,93950.59,0.0,0.0,1899205.87,1993156.47,0
1,124178.67,199898.17,75719.5,668742.64,792921.3,0
1,56757.1,5076.0,0.0,249504.9,0.0,0
0,1036751.16,0.0,0.0,6072012.84,7108764.0,0
1,21969.44,0.0,0.0,76628.53,98597.97,0
1,149286.43,94191.75,0.0,1908630.83,2057917.26,0
1,322046.04,17110.0,0.0,0.0,322046.04,0
0,380531.86,889.0,0.0,101573.92,482105.78,0
1,281621.44,0.0,0.0,635770.76,917392.2,0
0,3415433.04,20448.0,0.0,245415.64,3660848.67,0
1,521685.51,0.0,0.0,1213480.46,1735165.97,0
0,148124.56,96425.28,0.0,1987349.39,2135473.95,0
1,89802.64,0.0,0.0,1313354.74,1403157.38,0
1,378138.35,0.0,0.0,477921.79,856060.13,0
1,152102.88,0.0,0.0,3110643.6,3262746.48,0
0,827478.95,0.0,0.0,3426842.29,4254321.24,0
1,177646.93,15496.0,0.0,25336.82,202983.75,0
1,506595.47,0.0,0.0,1470775.44,1977370.91,0
1,120112.58,15865.0,0.0,49382.02,169494.6,0
1,305025.13,96284.0,0.0,348206.74,653231.87,0
1,27456.07,0.0,0.0,36152.06,63608.13,0
1,3163.67,104640.0,101476.33,745649.16,748812.84,0
0,149723.1,5545.0,0.0,103744.37,253467.47,0
1,732435.44,110764.0,0.0,6178.38,738613.81,0
1,134992.47,0.0,0.0,6188678.76,6323671.23,0
1,281482.08,128259.0,0.0,358685.61,640167.69,0
1,185987.31,0.0,0.0,917164.94,1103152.25,0
1,80508.51,9179.0,0.0,0.0,80508.51,0
1,192418.36,0.0,0.0,863811.79,1056230.15,0
1,6034.04,0.0,0.0,574459.5,580493.54,0
0,2721006.72,21954.0,0.0,0.0,2721006.72,0
1,10826.82,26709.0,15882.18,46021.6,56848.42,0
1,173669.23,0.0,0.0,6312941.92,6486611.14,0
0,992376.98,106046.0,0.0,944694.56,1937071.54,0
1,147842.0,19966.0,0.0,244019.57,667574.19,0
0,1361852.49,2839.0,0.0,86515.45,1448367.94,0
1,100664.06,0.0,0.0,3334451.51,3435115.57,0
0,443335.13,539.0,0.0,1080324.74,1138482.92,0
1,106652.17,606950.0,500297.83,488795.05,595447.21,0
1,108398.58,321.0,0.0,0.0,108398.58,0
1,129184.4,102325.0,0.0,77766.12,206950.52,0
1,281865.46,0.0,0.0,362180.52,644045.98,0
0,26472.04,15864.0,0.0,0.0,26472.04,0
1,50818.91,0.0,0.0,240054.61,290873.52,0
0,272441.64,39629.0,0.0,0.0,272441.64,0
1,238022.76,5145.0,0.0,0.0,238022.76,0
1,392294.13,131.0,0.0,1096518.03,1488812.16,0
1,12632.47,81803.0,69170.53,1483335.93,1495968.4,0
0,448262.75,186.0,0.0,0.0,448262.75,0
0,484015.4,0.0,0.0,1966904.21,2450919.61,0
1,74799.94,1300.0,0.0,208135.99,282935.93,0
1,131814.43,185944.0,54129.57,992765.38,1124579.8,0
1,210565.36,0.0,0.0,5643700.65,5854266.0,0
1,74347.37,0.0,0.0,255665.74,330013.11,0
0,598181.47,5673.77,0.0,5736853.71,8327549.94,0
1,10346.1,0.0,0.0,87838.22,98184.32,0
1,117852.24,2210.0,0.0,657614.36,775466.6,0
1,157527.97,20313.0,0.0,15346347.4,15503875.37,0
1,493087.02,10659.0,0.0,103642.73,596729.74,0
1,10425.01,111.0,0.0,3196598.39,3207023.39,0
0,33746.17,0.0,0.0,673090.92,706837.09,0
0,887943.13,0.0,0.0,1183777.84,2071720.97,0
1,78546.05,0.0,0.0,280776.4,359322.45,0
1,196689.39,50646.0,0.0,45940.89,242630.28,0
1,70630.7,72.0,0.0,48524.19,119154.89,0
1,23107.17,0.0,0.0,229082.54,252189.71,0
0,179889.03,0.0,0.0,537647.27,717536.29,0
1,20710.39,0.0,0.0,366082.85,386793.24,0
1,74320.59,0.0,0.0,0.0,74320.59,0
1,58052.93,0.0,0.0,488799.22,546852.16,0
1,412719.6,291.0,0.0,0.0,412719.6,0
1,100042.33,0.0,0.0,220005.56,320047.89,0
1,424467.44,0.0,0.0,716029.07,1140496.51,0
1,271521.2,0.0,0.0,619895.46,891416.66,0
1,121433.09,256684.84,135251.75,137216.04,258649.13,0
1,84061.6,9414.0,0.0,5600833.56,5684895.16,0
0,230034.58,0.0,0.0,3477898.96,3707933.54,0
1,9439.06,0.0,0.0,565645.66,726232.79,0
1,180081.62,0.0,0.0,5213344.69,5393426.31,0
0,591697.85,30625.0,0.0,0.0,591697.85,0
1,58149.94,0.0,0.0,135202.85,193352.79,0
1,12066.12,181.0,0.0,6235891.03,6247957.15,0
1,66648.69,0.0,0.0,4291173.63,4357822.32,0
1,64519.03,0.0,0.0,280182.34,344701.37,0
1,169830.91,0.0,0.0,1733740.18,1903571.09,0
1,150560.87,0.0,0.0,1235398.12,1385958.99,0
1,27001.23,373.0,0.0,13274.0,0.0,0
0,568443.94,0.0,0.0,6464077.32,7032521.26,0
1,207229.04,0.0,0.0,230768.23,437997.27,0
1,8376.73,20328.0,11951.27,0.0,8376.73,0
1,131164.16,10618.25,0.0,309288.66,440452.82,0
1,191562.1,122619.0,0.0,309981.19,501543.29,0
1,27452.33,51956.0,24503.67,1183435.85,1210888.18,0
1,75883.36,0.0,0.0,3983890.55,4059773.91,0
1,24491.06,0.0,0.0,808548.79,1049705.63,0
1,91238.58,0.0,0.0,4380742.69,4471981.26,0
1,124710.0,18232.0,0.0,242111.55,366821.55,0
1,190405.53,104785.0,0.0,90519.86,133290.13,0
1,204226.83,0.0,0.0,268020.09,472246.93,0
1,37342.3,0.0,0.0,228033.66,265375.96,0
1,48534.84,50100.0,1565.16,7139.67,55674.51,0
0,705788.13,0.0,0.0,2188554.01,2894342.15,0
1,120612.54,0.0,0.0,5824749.89,5945362.43,0
0,1485060.4,0.0,0.0,2085537.36,3570597.76,0
1,42586.54,0.0,0.0,919273.66,961860.21,0
1,88112.02,0.0,0.0,2483385.87,2571497.89,0
1,199934.5,267788.37,67853.87,224903.89,424838.38,0
1,208572.92,13820.0,0.0,0.0,208572.92,0
1,28778.3,20113.0,0.0,1635516.82,1664295.12,0
1,155747.07,30766.0,0.0,154463.39,310210.46,0
1,29136.85,58556.43,29419.57,646230.08,675366.93,0
1,184191.34,10652.0,0.0,88134.23,272325.57,0
0,553423.09,0.0,0.0,13210416.25,13763839.34,0
1,317570.17,0.0,0.0,3910018.35,4227588.52,0
0,80662.29,0.0,0.0,160129.17,240791.45,0
1,62125.3,4928.0,0.0,0.0,62125.3,0
1,129992.03,13175.0,0.0,0.0,129992.03,0
1,278391.33,30279.0,0.0,316644.22,595035.56,0
1,345779.39,40704.0,0.0,2631901.33,2977680.72,0
1,171110.29,0.0,0.0,1592997.16,1764107.45,0
1,263308.56,0.0,0.0,3266387.47,3529696.03,0
1,96255.96,0.0,0.0,159008.66,255264.62,0
0,350950.83,175832.0,0.0,1243425.45,1594376.28,0
0,211639.84,11589.0,0.0,93799.75,305439.59,0
1,24127.82,0.0,0.0,2270043.83,2294171.65,0
1,10832.66,0.0,0.0,20116.01,30948.67,0
0,49382.52,0.0,0.0,1062155.49,1111538.0,0
1,261864.6,894000.0,632135.4,176085.87,437950.47,0
1,111186.21,54222.43,0.0,1760861.53,1872047.74,0
1,97270.68,417.0,0.0,0.0,97270.68,0
1,202531.89,0.0,0.0,327509.27,530041.17,0
1,414884.6,10238.0,0.0,0.0,414884.6,0
1,156389.3,0.0,0.0,2124158.62,2280547.92,0
1,70162.77,343569.0,273406.23,1982177.52,2052340.29,0
1,204729.57,0.0,0.0,7321674.44,7526404.01,0
0,350430.07,117520.0,0.0,0.0,350430.07,0
1,115492.93,335889.0,220396.07,3099693.29,3215186.22,0
1,98506.78,149915.28,51408.5,680126.41,778633.19,0
0,1168760.59,0.0,0.0,2747250.02,3916010.6,0
1,333745.62,5531.0,0.0,4138028.28,4471773.89,0
1,65218.76,0.0,0.0,1253832.03,1319050.79,0
1,167461.63,26234.0,0.0,0.0,167461.63,0
1,113585.72,0.0,0.0,589941.56,703527.28,0
1,546647.13,106918.0,0.0,0.0,546647.13,0
1,55832.77,0.0,0.0,1288961.73,1344794.49,0
1,188803.93,0.0,0.0,554236.63,743040.56,0
1,229110.81,0.0,0.0,986746.45,1215857.25,0
1,322580.51,0.0,0.0,1499700.53,1822281.04,0
1,76871.02,0.0,0.0,2570377.05,2647248.07,0
1,36790.53,0.0,0.0,916464.23,953254.76,0
1,145895.8,15828.0,0.0,0.0,145895.8,0
1,267165.99,10168.0,0.0,390292.25,657458.24,0
1,3934.02,0.0,0.0,966395.96,970329.99,0
1,116050.43,0.0,0.0,131701.8,247752.24,0
0,1089476.4,0.0,0.0,1620395.92,2956183.79,0
1,153435.74,0.0,0.0,2701404.86,2854840.59,0
1,186273.25,0.0,0.0,330575.26,516848.51,0
1,212580.2,29738.0,0.0,142199.26,354779.47,0
1,132885.38,0.0,0.0,345642.78,409372.8,0
1,142759.9,0.0,0.0,367252.09,510011.99,0
0,1151022.99,0.0,0.0,1612592.14,2763615.13,0
1,173472.33,157977.0,0.0,0.0,173472.33,0
1,146994.99,0.0,0.0,2655161.41,2802156.4,0
1,117466.04,0.0,0.0,181751.93,299217.97,0
1,150540.45,0.0,0.0,314830.0,472312.52,0
1,224467.78,455220.0,230752.22,0.0,224467.78,0
1,65603.8,40318.0,0.0,113307.27,178911.07,0
1,309265.49,0.0,0.0,704406.72,1013672.22,0
1,115176.88,0.0,0.0,1138881.68,1254058.56,0
0,143077.71,19186.0,0.0,271873.49,414951.2,0
0,102250.84,0.0,0.0,7925365.9,8027616.74,0
1,181348.04,215.0,0.0,7027385.38,7208733.42,0
1,52340.6,46693.0,0.0,185154.23,237494.83,0
0,313986.33,0.0,0.0,5028749.32,5342735.65,0
1,99863.16,0.0,0.0,2040156.89,2140020.05,0
0,494591.53,37209.0,0.0,194701.57,689293.11,0
1,269532.45,188.0,0.0,0.0,269532.45,0
1,113929.14,0.0,0.0,662800.25,776729.39,0
1,85865.89,11156.0,0.0,253046.46,338912.35,0
1,234441.45,0.0,0.0,1794297.69,2028739.14,0
1,89169.26,0.0,0.0,1125709.21,1338242.97,0
1,109603.94,0.0,0.0,308432.2,418036.14,0
1,388188.2,0.0,0.0,644901.45,1033089.65,0
1,280794.83,11807.0,0.0,114800.58,395595.41,0
1,337047.88,0.0,0.0,2084097.32,2421145.2,0
1,46011.25,20102.0,0.0,0.0,46011.25,0
1,317968.68,5175.0,0.0,0.0,317968.68,0
1,71934.75,22040.0,0.0,6749603.53,6821538.28,0
1,20585.12,0.0,0.0,2360934.61,2381519.73,0
1,114886.7,0.0,0.0,170878.36,285765.06,0
0,740997.2,0.0,0.0,2089338.97,2830336.16,0
1,175843.11,0.0,0.0,619470.97,795314.08,0
1,8261.84,226329.0,218067.16,0.0,8261.84,0
1,54308.85,0.0,0.0,229455.9,283764.74,0
1,64989.55,475730.63,410741.08,155693.69,220683.24,0
1,142414.33,0.0,0.0,298713.85,441128.17,0
1,57675.28,0.0,0.0,378633.46,436308.74,0
1,264237.49,30629.0,0.0,194757.36,458994.85,0
1,317009.23,24253.0,0.0,206307.99,523317.23,0
1,343596.49,200184.74,0.0,511470.48,855066.97,0
1,96456.16,23692.0,0.0,0.0,96456.16,0
1,136875.24,0.0,0.0,2335536.67,2472411.91,0
1,497441.91,0.0,0.0,14189839.54,13978066.19,0
1,185830.94,0.0,0.0,499370.83,685201.77,0
1,70608.85,222695.12,152086.28,757119.76,827728.61,0
1,55951.21,10713.0,0.0,431184.63,487135.84,0
1,147324.26,106252.0,0.0,32076.44,324534.3,0
1,310525.91,12103.0,0.0,361487.64,672013.55,0
1,239581.0,0.0,0.0,98912.55,338493.55,0
0,309539.16,0.0,0.0,1310978.76,1620517.92,0
1,139059.89,46731.0,0.0,0.0,139059.89,0
1,187991.23,0.0,0.0,580978.33,768969.56,0
1,159021.12,0.0,0.0,384479.98,543501.1,0
1,34056.49,61289.0,27232.51,0.0,128223.72,0
1,287478.18,12575.0,0.0,99588.76,387066.94,0
0,2519162.07,0.0,0.0,5731961.66,8251123.73,0
1,150979.82,0.0,0.0,1630778.59,1781758.4,0
1,505024.61,67251.0,0.0,1569688.18,2074712.79,0
1,359873.7,64708.0,0.0,0.0,517981.54,0
1,329845.91,16011.0,0.0,195708.24,525554.16,0
1,55210.09,9630.0,0.0,783617.26,838827.35,0
1,101930.84,0.0,0.0,808709.88,910640.72,0
1,65338.08,0.0,0.0,294421.03,359759.11,0
1,324577.22,11661.0,0.0,1460550.91,1785128.13,0
1,347471.78,139337.0,0.0,307410.49,654882.27,0
1,615500.84,0.0,0.0,2892639.19,3508140.04,0
1,14346.85,104050.0,89703.15,6287930.87,6302277.72,0
0,158494.46,146965.21,0.0,584797.77,743292.23,0
1,62383.42,0.0,0.0,217973.57,280356.99,0
0,221729.88,0.0,0.0,401822.64,623552.53,0
1,171051.06,376.0,0.0,1419161.93,1590212.99,0
1,201203.26,0.0,0.0,1012257.42,1213460.67,0
0,1021387.36,0.0,0.0,1755933.69,2777321.05,0
1,139630.15,9066.0,0.0,230705.69,370335.84,0
1,194640.03,0.0,0.0,401940.41,596580.44,0
1,116268.18,1287.0,0.0,2399402.86,2515671.04,0
0,308694.47,0.0,0.0,2148536.24,2457230.71,0
1,49654.64,0.0,0.0,90537.58,140192.22,0
1,254557.5,21807.0,0.0,0.0,438338.04,0
1,331785.26,0.0,0.0,343811.96,675597.23,0
0,284487.09,0.0,0.0,3058620.67,3343107.76,0
1,108548.53,14098.0,0.0,0.0,108548.53,0
0,740805.34,43047.0,0.0,0.0,740805.34,0
1,223445.89,31122.0,0.0,31456.43,254902.32,0
1,261423.47,0.0,0.0,416425.53,677849.0,0
1,212468.43,0.0,0.0,14024198.59,14236667.02,0
1,180629.5,68462.0,0.0,2770241.63,2950871.13,0
1,58761.99,0.0,0.0,493905.86,552667.85,0
1,79486.71,0.0,0.0,204617.91,284104.63,0
1,89783.36,51263.0,0.0,1710986.53,1800769.89,0
1,59662.8,63074.07,3411.27,609658.17,669320.97,0
0,491368.53,0.0,0.0,1078322.31,1569690.84,0
1,404999.72,30035.0,0.0,0.0,404999.72,0
1,207520.41,0.0,0.0,406094.14,613614.55,0
1,318471.01,0.0,0.0,1375152.97,1693623.99,0
1,10216.2,83119.78,72903.58,1757073.84,1767290.04,0
1,127993.53,0.0,0.0,1113096.66,1241090.18,0
1,50201.08,28498.55,0.0,146753.35,196954.43,0
1,268790.19,425832.0,157041.81,0.0,268790.19,0
1,352705.09,0.0,0.0,1361032.82,1713737.91,0
0,903933.04,0.0,0.0,1157505.17,2061438.21,0
1,10834.43,144424.0,133589.57,0.0,10834.43,0
1,103612.43,0.0,0.0,127632.85,231245.29,0
1,109057.92,0.0,0.0,511914.78,620972.7,0
1,323.35,39891.0,39567.65,0.0,323.35,0
1,76661.7,0.0,0.0,575549.62,652211.32,0
1,101453.83,0.0,0.0,920676.98,1022130.81,0
1,29088.18,31520.0,2431.82,5890747.45,5919835.63,0
1,20121.89,102717.0,82595.11,2490380.83,2510502.71,0
1,179894.83,13810.0,0.0,2632607.15,2812501.98,0
1,56359.01,616.0,0.0,115801.74,172160.75,0
1,28482.7,0.0,0.0,8958182.97,8986665.67,0
0,412172.38,79804.0,0.0,412776.27,824948.65,0
1,313152.48,0.0,0.0,341096.71,654249.19,0
1,17907.73,116841.68,98933.95,21709.99,39617.72,0
1,72093.94,14587.0,0.0,0.0,72093.94,0
1,268366.47,268366.47,0.0,6454803.87,6723170.34,1
1,161314.87,10494.0,0.0,510560.44,671875.31,0
1,28916.95,70917.0,42000.05,2366271.63,2395188.58,0
1,99333.44,0.0,0.0,3639034.13,3738367.57,0
1,81895.53,250.0,0.0,0.0,81895.53,0
1,224343.26,14655.0,0.0,612359.71,836702.97,0
1,14187.31,0.0,0.0,142524.17,156711.48,0
0,398659.45,0.0,0.0,1830501.41,2772314.1,0
1,247248.23,41287.0,0.0,0.0,247248.23,0
1,32524.44,0.0,0.0,316562.88,349087.32,0
1,313885.37,172.0,0.0,362533.26,676418.62,0
1,75075.73,0.0,0.0,82482.81,157558.54,0
0,255856.28,0.0,0.0,411742.79,667599.07,0
1,538266.62,0.0,0.0,2610452.78,3148719.4,0
1,177410.9,17509.0,0.0,534909.91,712320.8,0
1,92692.6,0.0,0.0,949175.7,1043851.32,0
1,122328.24,23878.0,0.0,2910761.84,3033090.08,0
1,86242.49,0.0,0.0,1030693.96,1116936.46,0
1,45860.48,0.0,0.0,46185.88,92046.36,0
1,98613.86,0.0,0.0,2116129.04,2214742.89,0
1,148607.51,0.0,0.0,473462.73,622070.23,0
1,158736.4,237047.0,78310.6,385762.37,544498.77,0
1,440139.12,49590.0,0.0,732937.69,1173076.81,0
1,46661.84,0.0,0.0,303970.16,350632.0,0
1,157583.69,6.0,0.0,4323427.6,4481011.28,0
1,36391.52,0.0,0.0,571354.8,607746.33,0
1,372729.03,0.0,0.0,1872288.91,2245017.94,0
1,75481.79,0.0,0.0,1049316.45,1124798.24,0
1,88215.6,0.0,0.0,566246.8,654462.41,0
1,599652.45,0.0,0.0,794129.78,1393782.23,0
0,998110.47,998110.47,0.0,0.0,685216.5,1
0,28318.68,0.0,0.0,435141.33,463460.01,0
1,243331.03,21116.0,0.0,0.0,243331.03,0
1,75028.42,519.0,0.0,3885702.71,3960731.13,0
1,148412.04,640.0,0.0,0.0,148412.04,0
1,282313.9,0.0,0.0,1542013.37,1911934.59,0
1,52776.12,300.0,0.0,0.0,52776.12,0
1,47719.64,140.0,0.0,935160.82,982880.46,0
1,226728.13,0.0,0.0,447920.99,674649.11,0
1,325295.78,1302.0,0.0,3019.07,328314.84,0
0,328522.05,0.0,0.0,1079903.45,1408425.5,0
0,435426.79,0.0,0.0,1643448.9,2078875.69,0
1,129238.92,0.0,0.0,1632584.79,1761823.71,0
1,53004.13,61175.0,8170.87,324871.42,377875.55,0
1,273706.67,0.0,0.0,3500881.21,3774587.88,0
1,62267.06,15295.0,0.0,144381.25,206648.3,0
0,236557.58,0.0,0.0,2653402.59,2889960.16,0
1,178989.42,344361.0,165371.58,302633.43,481622.85,0
0,475429.88,0.0,0.0,4017176.72,4492606.6,0
1,86653.11,0.0,0.0,3418607.73,3505260.84,0
1,39654.92,0.0,0.0,960123.25,999778.17,0
1,39161.26,0.0,0.0,601220.48,640381.74,0
1,34579.0,0.0,0.0,286957.27,321536.27,0
0,472212.42,0.0,0.0,5737277.27,6209489.69,0
1,178999.1,0.0,0.0,6803932.71,7103242.97,0
1,170909.42,0.0,0.0,253684.02,424593.43,0
1,83972.96,0.0,0.0,136167.78,220140.74,0
1,283877.94,10970.0,0.0,1334236.67,1618114.61,0
1,9223.11,0.0,0.0,935807.14,945030.25,0
0,1091155.14,0.0,0.0,4080784.92,5171940.05,0
0,95842.66,0.0,0.0,3862170.74,3958013.4,0
1,339329.49,0.0,0.0,810991.91,1150321.4,0
0,509460.6,0.0,0.0,1134323.79,1254356.96,0
1,144973.74,0.0,0.0,618560.93,763534.67,0
1,90621.67,10681.0,0.0,0.0,90621.67,0
1,485217.58,129708.0,0.0,396301.17,881518.76,0
0,92737.31,0.0,0.0,2079368.25,2154853.1,0
1,236912.53,0.0,0.0,501005.39,737917.92,0
1,144695.29,55361.0,0.0,361.3,145056.59,0
0,969187.8,209.0,0.0,6745707.07,7714894.87,0
1,105162.81,0.0,0.0,1999256.18,2104418.99,0
1,237230.25,199216.0,0.0,0.0,237230.25,0
1,186085.91,0.0,0.0,551906.02,737991.93,0
1,192216.42,0.0,0.0,2717036.35,2909252.77,0
1,531077.05,73047.0,0.0,706505.56,1479011.5,0
0,318228.01,20099.0,0.0,999128.71,1317356.72,0
1,337774.73,0.0,0.0,3242915.8,3580690.54,0
1,175260.27,351444.0,176183.73,0.0,175260.27,0
1,52047.34,143.0,0.0,1677465.38,1729512.73,0
0,771874.7,0.0,0.0,955134.52,1727009.22,0
1,208672.49,107.0,0.0,0.0,208672.49,0
1,96443.24,159.0,0.0,111491.94,207935.18,0
0,470968.86,1252.0,0.0,0.0,470968.86,0
1,476431.91,0.0,0.0,2660340.5,3136772.4,0
1,92083.0,409906.4,317823.4,13139445.57,13231528.58,0
1,234307.57,3130.0,0.0,659.0,0.0,0
1,66669.15,0.0,0.0,9565465.58,9632134.74,0
1,391274.98,30546.0,0.0,0.0,391274.98,0
1,207327.92,0.0,0.0,437173.9,978969.11,0
1,250602.41,0.0,0.0,1679663.9,1930266.31,0
1,98715.6,966626.36,867910.76,4354146.98,4452862.59,0
1,608190.49,0.0,0.0,2011349.3,2619539.79,0
1,42007.01,0.0,0.0,80797.49,122804.5,0
1,456973.34,0.0,0.0,470219.6,927192.94,0
1,213647.19,22259.0,0.0,0.0,213647.19,0
0,163203.9,1195.0,0.0,237055.71,400259.62,0
1,309292.39,0.0,0.0,2140737.32,2450029.72,0
1,170496.58,0.0,0.0,254183.28,424679.85,0
1,65319.66,0.0,0.0,109670.52,174990.18,0
1,282437.61,72160.0,0.0,1229174.13,1511611.74,0
1,181071.49,41010.0,0.0,0.0,181071.49,0
1,26283.19,0.0,0.0,2756608.68,2782891.87,0
1,488557.44,102524.0,0.0,22520.25,511077.69,0
1,215634.21,0.0,0.0,2911233.48,3126867.7,0
1,119694.52,528.0,0.0,427213.02,546907.54,0
0,388559.25,0.0,0.0,686720.64,1075279.89,0
1,174679.6,21121.0,0.0,550564.17,668603.77,0
1,560332.48,107407.0,0.0,79903.0,266679.99,0
0,3043141.07,3043141.07,0.0,0.0,0.0,1
1,33409.57,2889.14,0.0,224737.64,258147.21,0
1,283074.74,0.0,0.0,4206574.18,4489648.92,0
1,103317.78,0.0,0.0,1017430.03,1120747.81,0
1,23219.48,248664.0,225444.52,5142417.0,5165636.48,0
1,64488.12,22135.0,0.0,12236870.63,12301358.75,0
1,42904.2,0.0,0.0,4771942.78,4814846.98,0
1,41776.86,0.0,0.0,612302.85,654079.72,0
1,54147.03,22376.0,0.0,1611485.54,1665632.57,0
0,641464.21,10099.0,0.0,359683.83,1001148.04,0
1,321009.75,0.0,0.0,801695.81,1122705.56,0
0,621876.23,0.0,0.0,5169875.14,5791751.37,0
1,95251.74,0.0,0.0,188209.54,283461.28,0
1,127925.69,0.0,0.0,258160.04,386085.73,0
1,72290.66,16282.0,0.0,1575596.72,1647887.38,0
1,30064.18,0.0,0.0,398181.5,428245.69,0
0,2362355.05,0.0,0.0,3265527.27,5627882.32,0
0,4632586.51,0.0,0.0,8885249.72,13517836.23,0
1,77933.82,929.0,0.0,5891.81,83825.62,0
1,51786.61,0.0,0.0,268615.59,23095.49,0
1,105184.81,162800.37,57615.56,238440.88,343625.68,0
0,857826.62,0.0,0.0,1242625.46,2100452.09,0
1,296845.25,34250.0,0.0,512483.67,691690.6,0
0,162687.74,0.0,0.0,171927.51,334615.25,0
1,420857.61,12654.0,0.0,0.0,420857.61,0
1,226015.33,0.0,0.0,469378.54,695393.87,0
0,296735.67,0.0,0.0,2416051.71,2712787.38,0
1,269547.06,29795.0,0.0,957913.69,1227460.74,0
0,774900.3,0.0,0.0,1602906.88,2377807.18,0
1,134157.43,57569.0,0.0,122399.55,256556.98,0
1,69074.57,10413.0,0.0,79777.31,148851.88,0
1,53459.78,30643.0,0.0,0.0,53459.78,0
1,37242.17,21430.0,0.0,307980.0,0.0,0
1,110851.59,137.0,0.0,0.0,110851.59,0
1,141066.64,0.0,0.0,2460059.33,2601125.97,0
1,40568.58,0.0,0.0,1391227.53,1431796.11,0
0,57596.5,0.0,0.0,18388076.49,18445672.99,0
1,53886.88,0.0,0.0,1594802.31,1648689.19,0
1,235667.9,10798.0,0.0,0.0,235667.9,0
1,407802.32,63075.0,0.0,0.0,407802.32,0
1,260764.63,157332.97,0.0,9007937.16,9175481.71,0
1,203543.75,0.0,0.0,6576565.91,6780109.66,0
1,375089.18,0.0,0.0,9813256.57,10188345.74,0
0,491108.13,0.0,0.0,5986416.76,6477524.89,0
1,27688.26,0.0,0.0,822155.31,849843.58,0
0,35303.0,9378.34,0.0,252431.48,287734.48,0
1,93831.61,0.0,0.0,1458091.86,1551923.47,0
1,224083.02,19821.0,0.0,0.0,224083.02,0
1,212886.07,0.0,0.0,3883597.0,4096483.07,0
1,56432.77,0.0,0.0,119699.03,176131.8,0
1,289627.07,222001.7,0.0,619838.73,909465.79,0
1,106495.61,0.0,0.0,490221.35,596716.95,0
1,49947.78,0.0,0.0,1532937.11,1582884.89,0
1,38597.87,0.0,0.0,244283.53,282881.4,0
1,20143.88,0.0,0.0,6200207.51,6220351.4,0
1,67072.91,0.0,0.0,315184.19,382257.1,0
1,380061.63,0.0,0.0,1247793.14,1961787.35,0
0,273100.49,395488.89,122388.39,2530551.97,2803652.46,0
1,246538.2,0.0,0.0,2115452.93,2271272.65,0
1,37795.94,0.0,0.0,103412.81,141208.74,0
0,212449.47,0.0,0.0,2742839.9,2955289.38,0
1,106088.4,8033.0,0.0,185475.19,291563.59,0
1,201802.86,10621.0,0.0,130607.13,332409.99,0
1,103799.0,0.0,0.0,161159.46,264958.47,0
1,76605.82,152352.0,75746.18,20551.66,97157.48,0
0,1349279.46,8713.0,0.0,0.0,1349279.46,0
1,571892.88,30521.0,0.0,0.0,571892.88,0
0,660512.23,103199.0,0.0,520510.44,1181022.67,0
0,100767.51,0.0,0.0,823238.12,924005.64,0
0,407311.84,0.0,0.0,5528556.67,5935868.5,0
1,120985.8,0.0,0.0,1590934.39,1942713.73,0
0,785315.45,0.0,0.0,2230835.57,3016151.02,0
1,109838.81,0.0,0.0,519594.59,629433.4,0
0,618946.22,0.0,0.0,5536094.25,6155040.48,0
1,33520.83,0.0,0.0,342698.34,376219.18,0
1,479465.77,0.0,0.0,499397.23,978863.0,0
0,461538.51,0.0,0.0,4748636.97,5210175.48,0
1,150860.04,0.0,0.0,1023596.87,2153834.07,0
1,136626.13,655131.48,518505.35,230606.89,367233.03,0
1,122550.2,43426.0,0.0,0.0,122550.2,0
1,177468.75,51030.0,0.0,0.0,377711.41,0
1,208569.1,204618.55,0.0,778228.99,986798.09,0
1,109681.35,0.0,0.0,412413.57,522094.92,0
1,140325.58,13011.0,0.0,0.0,213118.58,0
1,282696.2,20965.0,0.0,61371.01,151588.85,0
1,70131.09,50442.0,0.0,0.0,70131.09,0
1,168314.36,0.0,0.0,417921.2,586235.56,0
1,431213.73,113224.0,0.0,1583414.8,2014628.53,0
0,709578.96,0.0,0.0,2501725.73,3211304.69,0
1,162189.96,57393.19,0.0,331721.17,493911.12,0
1,3703.69,3.0,0.0,0.0,3703.69,0
1,70031.55,31224.0,0.0,0.0,70031.55,0
1,153610.25,0.0,0.0,3481859.99,3635470.24,0
1,82186.53,0.0,0.0,1120594.4,1202780.92,0
1,294432.83,13334.01,0.0,367110.66,661543.49,0
1,405512.47,0.0,0.0,6757974.09,7163486.57,0
1,234340.63,0.0,0.0,503760.59,738101.22,0
1,292087.82,23362.0,0.0,0.0,292087.82,0
1,64960.93,28780.0,0.0,437467.61,502428.54,0
0,185531.24,0.0,0.0,2316626.68,2502157.91,0
1,182087.21,29765.86,0.0,999587.91,1181675.12,0
1,87069.13,10112.0,0.0,0.0,87069.13,0
0,1275458.02,855.0,0.0,1651209.36,2926667.39,0
1,192037.59,5389.0,0.0,49776.05,241813.64,0
1,240637.15,0.0,0.0,263442.48,940934.09,0
1,136587.05,0.0,0.0,360614.88,497201.92,0
1,169478.65,0.0,0.0,175330.47,344809.12,0
1,64347.53,12178.0,0.0,0.0,64347.53,0
1,140093.37,95.0,0.0,0.0,140093.37,0
1,544842.52,0.0,0.0,1374120.8,1918963.32,0
1,142793.55,0.0,0.0,343596.79,512193.59,0
1,237872.42,0.0,0.0,1977842.02,2215714.44,0
1,1005886.15,0.0,0.0,1091694.21,2097580.37,0
1,144173.69,5047.0,0.0,0.0,144173.69,0
1,159749.01,810118.0,650368.99,2123729.77,2283478.78,0
1,38013.76,15791.0,0.0,0.0,38013.76,0
1,377927.83,0.0,0.0,2166877.64,2544805.47,0
1,297911.43,123184.0,0.0,57930.21,355841.64,0
1,181580.25,0.0,0.0,680027.66,861607.91,0
1,20853.28,0.0,0.0,42943.42,63796.7,0
1,185595.06,0.0,0.0,408599.71,594194.77,0
1,351535.65,65786.0,0.0,31087.27,382622.92,0
1,57442.22,0.0,0.0,1097263.14,1154705.36,0
1,11922.16,30074.0,18151.84,0.0,11922.16,0
1,170252.97,0.0,0.0,9331131.22,9501384.19,0
1,37794.93,0.0,0.0,663533.72,701328.66,0
1,241589.21,125293.55,0.0,920756.85,1165464.46,0
0,300200.6,15168.0,0.0,0.0,300200.6,0
1,19003.56,409319.0,390315.44,0.0,19003.56,0
1,137955.19,28687.0,0.0,0.0,137955.19,0
1,96002.02,285.0,0.0,0.0,96002.02,0
1,576101.07,0.0,0.0,591341.76,1167442.83,0
1,184619.91,276954.0,92334.09,138541.97,323161.89,0
1,384488.25,599770.0,215281.75,552083.02,936571.26,0
0,560625.53,102452.0,0.0,236468.93,797094.47,0
1,71245.08,0.0,0.0,735878.79,807123.87,0
1,119954.7,0.0,0.0,307737.16,427691.86,0
1,42488.17,0.0,0.0,2582356.97,2624845.15,0
1,93116.14,50715.0,0.0,0.0,93116.14,0
1,117170.62,0.0,0.0,4886081.89,5003252.51,0
1,342508.32,0.0,0.0,1171628.84,1514137.16,0
1,233700.74,35080.0,0.0,0.0,233700.74,0
1,365194.96,9446.0,0.0,776657.57,1141852.53,0
0,90584.21,0.0,0.0,945913.18,1036497.39,0
1,170929.95,0.0,0.0,471157.36,642087.31,0
1,502502.82,24903.0,0.0,4866457.37,5368960.19,0
1,173106.74,0.0,0.0,644186.16,817292.9,0
0,79485.96,0.0,0.0,203203.77,282689.74,0
1,47906.92,146798.09,98891.17,3754593.96,3802500.88,0
1,150337.06,28012.0,0.0,0.0,150337.06,0
1,158510.64,0.0,0.0,0.0,158510.64,0
1,111839.94,0.0,0.0,1122711.3,1408572.36,0
0,673395.88,53831.0,0.0,0.0,673395.88,0
1,32773.62,141.0,0.0,0.0,32773.62,0
1,169452.74,0.0,0.0,4920658.84,5090111.58,0
1,488482.66,20917.0,0.0,188205.98,676688.64,0
1,793886.87,793886.87,0.0,1841967.2,2635854.07,1
1,254451.61,10609.0,0.0,9424182.37,9678633.97,0
1,15620.61,201132.0,185511.39,4445989.78,4461610.39,0
1,109777.72,0.0,0.0,909763.62,1019541.34,0
1,189669.34,168794.44,0.0,0.0,189669.34,0
1,160932.0,48397.86,0.0,2798115.57,2959047.58,0
1,141641.06,35995.0,0.0,5663500.46,5805141.52,0
1,15407.15,0.0,0.0,4380550.22,4395957.37,0
1,225262.37,24845.0,0.0,780417.39,802924.93,0
1,139072.84,0.0,0.0,512380.99,929608.51,0
1,107579.86,0.0,0.0,3535092.69,3642672.56,0
1,67967.8,61396.86,0.0,10233419.46,10301387.26,0
0,229606.82,20527.0,0.0,365635.9,595242.72,0
1,207737.67,11241.0,0.0,23514.0,0.0,0
1,173958.6,164.0,0.0,212089.0,0.0,0
1,289054.5,0.0,0.0,1504157.78,1793212.28,0
0,196256.11,13309.0,0.0,0.0,196256.11,0
1,232718.13,21744.0,0.0,110916.01,343634.14,0
0,543879.68,0.0,0.0,977015.6,1520895.29,0
0,722266.54,10852.78,0.0,2520516.78,3242783.33,0
1,51711.16,25245.0,0.0,0.0,51711.16,0
1,91570.44,0.0,0.0,3244370.36,3335940.8,0
1,253702.26,0.0,0.0,453572.78,707275.04,0
1,543305.8,11079.0,0.0,407163.5,950469.3,0
1,250810.0,100080.0,0.0,0.0,250810.0,0
1,281734.77,24683.0,0.0,9711349.02,9993083.79,0
1,78010.62,12286.0,0.0,965773.62,1043784.25,0
1,303955.64,82522.0,0.0,0.0,512210.46,0
1,91672.24,0.0,0.0,1202937.46,1294609.71,0
1,104604.76,0.0,0.0,148013.44,252618.2,0
1,23819.36,13248.0,0.0,180262.74,204082.1,0
1,214230.63,289875.0,75644.37,0.0,214230.63,0
0,624013.85,0.0,0.0,783549.91,1407563.76,0
0,581399.39,96687.21,0.0,730494.02,1311893.4,0
0,3622133.64,0.0,0.0,4555820.64,8177954.27,0
0,337302.66,868.0,0.0,723390.04,1060692.7,0
1,137983.22,0.0,0.0,5247353.75,5385336.97,0
1,128116.97,20905.0,0.0,1330780.09,1458897.07,0
1,11430.29,0.0,0.0,204037.89,215468.18,0
1,86265.27,103954.0,17688.73,1508061.03,1594326.3,0
1,449323.8,22658.0,0.0,481378.22,930702.02,0
1,13740.15,45398.66,31658.51,1007839.62,1021579.77,0
1,10654.46,11185.0,530.54,962042.57,972697.03,0
1,319126.87,10281.0,0.0,0.0,319126.87,0
1,178824.98,23179.0,0.0,5049240.89,5228065.87,0
1,20557.37,39898.0,19340.63,10319.0,0.0,0
1,22617.14,400122.0,377504.86,16119.26,38736.39,0
1,19723.6,0.0,0.0,86743.88,106467.48,0
0,41669.63,59846.0,18176.37,145554.39,187224.02,0
1,325894.43,470.0,0.0,0.0,325894.43,0
1,230161.4,50551.0,0.0,0.0,230161.4,0
1,225305.07,31226.0,0.0,20477.64,245782.72,0
0,440962.89,0.0,0.0,1776208.16,2479233.42,0
0,683861.19,0.0,0.0,2114778.92,2798640.11,0
1,233804.65,23368.41,0.0,1901218.3,2135022.95,0
1,85024.81,0.0,0.0,818063.66,903088.48,0
0,811418.22,104051.0,0.0,233556.32,1044974.55,0
1,10061.76,0.0,0.0,4109006.23,4119067.99,0
1,322011.97,58140.0,0.0,0.0,322011.97,0
1,377285.77,0.0,0.0,1519819.31,2135841.13,0
1,33190.06,0.0,0.0,1545566.18,1578756.24,0
1,63051.72,0.0,0.0,16962709.44,17025761.17,0
1,110328.46,131571.0,21242.54,0.0,110328.46,0
1,263086.52,107846.0,0.0,2389966.43,2653052.95,0
1,342019.65,0.0,0.0,2744866.72,3086886.37,0
1,82358.77,0.0,0.0,1256087.19,1338445.96,0
1,62947.16,41153.35,0.0,9382917.91,9445865.07,0
1,97228.09,0.0,0.0,1095820.17,1193048.26,0
1,298246.58,0.0,0.0,1283507.79,1581754.37,0
1,31074.17,43030.0,11955.83,53838.25,84912.42,0
1,25504.9,0.0,0.0,2169060.2,2194565.1,0
0,91683.72,0.0,0.0,161891.49,253575.21,0
0,119069.65,0.0,0.0,728099.01,847168.66,0
1,231703.07,50446.0,0.0,0.0,231703.07,0
0,55297.43,20840.0,0.0,212726.11,268023.53,0
1,224756.65,0.0,0.0,375790.34,600546.99,0
1,314851.27,52681.0,0.0,59783.82,0.0,0
1,158627.85,0.0,0.0,477279.86,635907.71,0
1,135939.87,0.0,0.0,1226033.13,1361973.01,0
1,377278.9,158.0,0.0,0.0,377278.9,0
1,33473.88,417837.0,384363.12,130052.77,163526.65,0
1,141274.21,450146.0,308871.79,156841.51,298115.72,0
1,163480.24,0.0,0.0,895058.15,1058538.39,0
1,58543.06,4437.0,0.0,0.0,58543.06,0
1,56141.36,0.0,0.0,720280.8,776422.16,0
1,106604.94,10466.0,0.0,0.0,106604.94,0
1,238169.24,0.0,0.0,15502007.85,15824012.25,0
1,153145.22,0.0,0.0,1143078.48,1296223.7,0
1,232198.43,0.0,0.0,336650.26,568848.69,0
1,116424.16,298760.61,182336.46,153930.09,270354.24,0
1,73304.71,17709.0,0.0,138164.88,211469.6,0
0,1249592.94,22.0,0.0,2163.7,1251756.64,0
1,133764.97,196776.0,63011.03,62177.04,195942.01,0
0,237946.25,5019.0,0.0,72746.35,310692.6,0
1,153812.82,9405.0,0.0,198162.07,351974.88,0
1,11567.32,0.0,0.0,640338.62,651905.93,0
1,402438.91,1346.0,0.0,0.0,402438.91,0
1,165741.4,23671.0,0.0,314245.78,479987.18,0
1,368473.73,0.0,0.0,2405908.26,2774381.99,0
1,106413.19,50198.0,0.0,0.0,106413.19,0
1,237008.61,0.0,0.0,830802.4,1067811.01,0
1,352498.83,31169.31,0.0,3257420.05,3609918.88,0
1,39469.32,0.0,0.0,2962854.66,3002323.98,0
1,52346.56,73411.0,21064.44,61076.15,113422.72,0
0,2770.09,0.0,0.0,85330.83,88100.92,0
1,372504.79,5597.0,0.0,23589.23,396094.02,0
1,11547.82,63597.0,52049.18,0.0,11547.82,0
1,27900.79,186.0,0.0,801195.92,829096.71,0
0,77233.75,0.0,0.0,2639934.6,2717168.34,0
0,1110812.05,10781.0,0.0,0.0,1110812.05,0
0,159465.08,0.0,0.0,2642093.28,2801558.36,0
1,58088.96,123501.0,65412.04,12406164.3,12464253.26,0
1,88054.49,0.0,0.0,188831.95,276886.44,0
1,286076.79,0.0,0.0,444064.7,730141.49,0
0,1755140.91,0.0,0.0,10000000.0,11755140.91,0
1,59628.24,0.0,0.0,6365221.28,6368772.0,0
1,20151.12,0.0,0.0,1394962.83,1415113.95,0
1,38451.52,51137.0,12685.48,158645.83,197097.35,0
1,51490.82,0.0,0.0,142851.94,194342.77,0
1,21183.13,0.0,0.0,10182818.81,10204001.93,0
1,38269.92,15118.0,0.0,6559122.17,6597392.09,0
1,107386.19,0.0,0.0,848679.25,956065.45,0
1,96454.44,29794.0,0.0,736772.38,833226.82,0
0,135302.26,66885.0,0.0,24587.79,159890.04,0
1,144837.8,17159.0,0.0,606175.44,751013.24,0
0,85857.87,15817.0,0.0,547073.66,632931.53,0
1,377349.36,1449.0,0.0,94566.23,471915.59,0
1,97156.22,0.0,0.0,144409.58,241565.8,0
1,352414.5,217995.18,0.0,0.0,296933.31,0
0,270997.73,0.0,0.0,5565778.25,5836775.98,0
1,133720.05,0.0,0.0,4115553.68,4249273.73,0
1,128376.29,10756.0,0.0,3869839.54,3998215.83,0
1,114089.65,21028.0,0.0,5826618.47,5940708.12,0
0,606493.23,53015.0,0.0,0.0,606493.23,0
1,171139.13,0.0,0.0,1027412.5,1170121.74,0
1,233076.27,46503.0,0.0,13744550.58,13977626.85,0
1,81675.74,0.0,0.0,1633733.03,1715408.76,0
1,260741.53,112472.0,0.0,0.0,518541.93,0
1,192835.81,49788.0,0.0,112436.56,305272.37,0
0,543192.19,5063.0,0.0,234592.86,777785.05,0
1,91468.0,0.0,0.0,3544153.23,3635621.23,0
0,2904236.64,20655.0,0.0,0.0,2904236.64,0
1,10715.17,106896.0,96180.83,32627.56,281094.34,0
0,936404.53,6954.0,0.0,0.0,936404.53,0
0,67189.99,70826.0,3636.01,22701.79,89891.78,0
1,13958.02,12214.83,0.0,108106.22,122064.24,0
1,56784.61,0.0,0.0,639301.29,696085.9,0
1,96959.39,0.0,0.0,185556.04,282515.43,0
0,644715.95,0.0,0.0,3075045.29,3719761.24,0
0,944257.38,0.0,0.0,1294583.29,2238840.67,0
1,83583.33,0.0,0.0,539497.52,623080.84,0
0,2454564.1,0.0,0.0,2918893.96,5373458.06,0
1,105400.24,0.0,0.0,493011.15,598411.4,0
1,244370.37,275827.08,31456.71,288818.08,533188.45,0
1,89089.72,40941.0,0.0,0.0,89089.72,0
1,286876.13,694.0,0.0,933336.65,1220212.79,0
1,45951.37,0.0,0.0,1090270.78,1136222.15,0
0,566712.08,15885.0,0.0,11537577.61,12321005.76,0
1,130754.15,22118.0,0.0,4046002.45,4628857.24,0
1,108743.13,0.0,0.0,1145673.24,1254416.37,0
1,72860.9,0.0,0.0,246851.52,319712.43,0
1,353447.65,63032.63,0.0,1481150.5,1834598.15,0
1,145613.49,381202.32,235588.83,1612417.15,1758030.64,0
1,342189.63,11261.0,0.0,95874.86,438064.49,0
1,209921.94,98312.0,0.0,722547.63,932469.57,0
1,42972.65,3170.0,0.0,4471004.75,4513977.4,0
0,864605.89,0.0,0.0,1462057.72,2930314.67,0
0,1133109.94,50715.0,0.0,0.0,1256408.22,0
1,291722.47,0.0,0.0,334942.87,626665.34,0
1,231477.91,27941.0,0.0,0.0,231477.91,0
1,34394.63,20755.0,0.0,943979.63,978374.26,0
0,1286105.16,0.0,0.0,1931975.69,3218080.85,0
1,358965.52,52159.0,0.0,181467.41,540432.93,0
1,282121.3,0.0,0.0,497960.76,780082.06,0
1,264644.95,168.0,0.0,2156862.46,2421507.42,0
1,52973.07,0.0,0.0,288296.9,341269.96,0
1,154523.1,0.0,0.0,299959.06,454482.16,0
1,16811.87,103451.0,86639.13,0.0,16811.87,0
1,212375.88,12017.0,0.0,11313.36,223689.24,0
1,9600.84,301.0,0.0,156247.07,165847.92,0
1,208942.6,0.0,0.0,312905.96,521848.55,0
1,150128.34,444.0,0.0,46486.95,196615.28,0
0,1151457.68,0.0,0.0,1364003.75,2515461.44,0
1,188545.76,104749.0,0.0,0.0,188545.76,0
1,303859.53,398005.0,94145.47,746153.87,1050013.4,0
1,84972.67,0.0,0.0,90777.05,175749.73,0
1,36.24,0.0,0.0,2588911.99,2588948.22,0
1,121593.81,482.0,0.0,84033.74,180127.4,0
1,222425.31,880.0,0.0,600344.2,822769.51,0
1,52071.54,14025.0,0.0,1024615.15,1076686.69,0
1,154581.28,0.0,0.0,8282349.78,8436931.06,0
1,158846.14,0.0,0.0,280683.33,439529.47,0
0,1627487.63,0.0,0.0,7127359.82,8754847.46,0
1,58892.44,170.0,0.0,14455.23,73347.67,0
1,4260.09,53429.78,49169.69,926831.28,931091.37,0
1,437146.7,21269.0,0.0,235739.84,672886.54,0
1,195237.08,22109.0,0.0,416261.22,611498.31,0
1,274021.09,0.0,0.0,455027.32,729048.4,0
1,81202.7,0.0,0.0,1447809.14,1529011.84,0
1,6975.29,0.0,0.0,3691154.18,3698129.47,0
0,852664.18,0.0,0.0,6065381.89,6918046.08,0
1,48366.91,0.0,0.0,93099.56,141466.48,0
0,10000000.0,0.0,0.0,10126797.94,32771146.35,0
1,84179.04,0.0,0.0,272275.66,356454.7,0
1,109743.53,0.0,0.0,1988234.33,2097977.86,0
1,2286.52,0.0,0.0,10939011.92,10941298.44,0
1,23549.69,515.0,0.0,299411.98,514861.86,0
1,73190.92,213208.0,140017.08,1384775.8,1457966.72,0
0,297193.49,15184.0,0.0,10386528.75,10780596.35,0
1,10137.98,0.0,0.0,76270.15,86408.12,0
1,29933.13,125287.0,95353.87,41491.42,71424.55,0
1,379402.2,0.0,0.0,461788.73,841190.93,0
1,237700.53,0.0,0.0,1497827.68,1735528.22,0
1,24120.07,0.0,0.0,174412.0,198532.07,0
1,237533.18,0.0,0.0,239874.28,477407.46,0
1,281944.12,257426.52,0.0,983515.41,1265459.52,0
1,109267.78,0.0,0.0,593919.11,703186.89,0
0,9041591.14,34326.0,0.0,164622.74,9206213.88,0
1,344724.66,0.0,0.0,5930487.98,6275212.64,0
1,99925.13,0.0,0.0,19243272.33,19343197.46,0
1,217162.89,7023.0,0.0,0.0,217162.89,0
1,367224.02,393669.13,26445.1,467033.57,834257.6,0
1,1064.79,9460.0,8395.21,53857.28,54922.07,0
1,56713.9,0.0,0.0,318937.8,490448.65,0
1,190296.0,1133.0,0.0,0.0,190296.0,0
1,34092.43,0.0,0.0,39870.44,73962.87,0
0,801016.87,0.0,0.0,1167326.76,1968343.63,0
1,60916.56,0.0,0.0,342133.62,403050.18,0
1,307644.92,18341.0,0.0,1469717.76,1777362.68,0
0,1700573.89,11301.0,0.0,0.0,1700573.89,0
1,191107.09,213447.99,22340.89,54626407.18,54817514.28,0
0,330262.78,11389.0,0.0,51827.53,0.0,0
1,54971.16,0.0,0.0,725615.28,780586.44,0
1,296696.06,0.0,0.0,328517.63,625213.69,0
1,239227.53,0.0,0.0,1246950.88,1486178.41,0
1,410090.7,0.0,0.0,2617701.76,3172326.72,0
1,205512.62,16228.0,0.0,0.0,205512.62,0
1,88034.82,0.0,0.0,543318.42,631353.24,0
0,625249.36,0.0,0.0,2604846.67,3230096.03,0
0,171705.23,5555.0,0.0,72686.66,244391.88,0
1,177245.86,20973.0,0.0,28801.75,206047.6,0
1,131805.08,0.0,0.0,395421.5,527226.58,0
1,142567.57,58924.0,0.0,150343.8,292911.37,0
1,64993.84,30335.0,0.0,0.0,64993.84,0
0,1601880.63,0.0,0.0,5504340.94,7106221.57,0
1,179236.35,0.0,0.0,10402773.4,10582009.74,0
1,146022.53,0.0,0.0,1790659.73,1936682.26,0
1,270866.78,0.0,0.0,292109.71,252690.75,0
1,217872.8,187.0,0.0,1934.54,416891.94,0
1,361266.1,0.0,0.0,1278720.58,1639986.67,0
0,720090.36,108665.72,0.0,2254715.14,2974805.51,0
1,478465.13,0.0,0.0,1252827.75,1731292.89,0
0,731365.93,0.0,0.0,3507355.3,4238721.23,0
1,6647.75,0.0,0.0,43830.68,50478.44,0
0,184935.09,0.0,0.0,775872.16,960807.25,0
1,38213.94,0.0,0.0,703130.21,741344.15,0
1,231469.9,1060.0,0.0,0.0,231469.9,0
1,68125.19,763.72,0.0,457965.89,526091.08,0
1,121419.2,5028.0,0.0,21432.0,0.0,0
1,279091.55,202058.0,0.0,418320.96,697412.51,0
1,263947.26,20710.0,0.0,0.0,263947.26,0
1,381572.2,0.0,0.0,386287.79,767859.99,0
1,122815.77,22223.0,0.0,0.0,122815.77,0
1,46133.87,300248.76,254114.88,190656.39,236790.27,0
1,41421.82,0.0,0.0,1006329.62,1047751.44,0
0,489157.25,0.0,0.0,3627326.59,4116483.84,0
1,323928.43,56932.0,0.0,10932.88,334861.3,0
1,74241.11,37613.0,0.0,30370.63,104611.74,0
1,83271.13,30904.0,0.0,0.0,83271.13,0
0,347897.39,0.0,0.0,355437.72,703335.11,0
1,121084.13,0.0,0.0,13250077.16,13371161.29,0
1,200926.68,0.0,0.0,1103558.99,1304485.67,0
1,533352.79,177156.0,0.0,1647977.28,2181330.06,0
1,176101.95,12051.0,0.0,1135099.44,1311201.39,0
0,411803.11,0.0,0.0,1367076.25,1778879.36,0
1,191037.99,16633.95,0.0,7286893.65,7477931.64,0
1,189081.32,101402.0,0.0,0.0,189081.32,0
1,19179.83,0.0,0.0,593033.81,612213.63,0
1,189597.86,0.0,0.0,1275065.13,1464662.99,0
1,162975.64,0.0,0.0,322553.8,280759.73,0
1,90769.75,0.0,0.0,641329.52,732099.26,0
1,219081.7,52187.0,0.0,1731543.97,1950625.68,0
1,144462.63,56565.0,0.0,89072.0,0.0,0
1,75268.26,0.0,0.0,98384.44,173652.7,0
1,220329.11,112978.0,0.0,576092.64,796421.75,0
1,617434.83,28834.0,0.0,1981907.26,2599342.1,0
0,954091.24,0.0,0.0,1110252.04,2064343.28,0
1,273584.18,557488.89,283904.71,969554.48,1243138.66,0
1,34022.14,0.0,0.0,1483671.96,1517694.1,0
0,4426968.46,17799.0,0.0,0.0,4426968.46,0
1,164496.65,0.0,0.0,3370486.19,3534982.83,0
1,497179.61,0.0,0.0,1960054.72,2457234.33,0
1,173346.65,51991.0,0.0,107774.7,281121.35,0
1,93625.3,0.0,0.0,1044742.38,1138367.68,0
1,130719.79,0.0,0.0,3188971.52,3319691.3,0
1,7138.97,0.0,0.0,194973.42,202112.39,0
1,5239.98,0.0,0.0,1694342.95,1699582.93,0
1,77867.94,0.0,0.0,1977492.32,2055360.25,0
1,43775.73,0.0,0.0,3254280.6,3440296.25,0
1,523362.87,49467.0,0.0,0.0,874975.87,0
1,80154.43,379914.55,299760.12,1099643.09,1179797.52,0
1,264114.22,0.0,0.0,1265266.77,1529380.99,0
1,90652.21,0.0,0.0,520007.65,610659.86,0
1,2879.26,0.0,0.0,3421937.89,3424817.15,0
1,86586.64,0.0,0.0,1105811.59,1192398.23,0
0,660636.97,41046.0,0.0,3300355.7,3960992.67,0
1,130669.82,107550.0,0.0,102367.09,233036.91,0
0,179829.3,0.0,0.0,4173398.57,4353227.87,0
1,386107.37,104551.0,0.0,0.0,386107.37,0
1,511116.09,20505.0,0.0,0.0,511116.09,0
1,98020.89,11768.0,0.0,0.0,98020.89,0
1,153263.5,0.0,0.0,218122.09,371385.59,0
0,199654.61,85852.07,0.0,717781.46,917436.07,0
1,63086.41,70102.0,7015.59,0.0,63086.41,0
1,7277.23,0.0,0.0,1755818.45,1763095.69,0
1,523981.42,302230.0,0.0,1423488.51,1947469.94,0
1,96616.5,285303.0,188686.5,0.0,96616.5,0
1,40740.7,102820.0,62079.3,1274147.49,1314888.19,0
1,195972.49,5004.0,0.0,0.0,195972.49,0
1,181761.19,13481.94,0.0,8323959.19,8505720.38,0
1,346047.97,10648.0,0.0,0.0,346047.97,0
0,7935289.46,0.0,0.0,13245324.4,21180613.86,0
1,118037.86,0.0,0.0,3608828.07,3726865.93,0
1,26452.97,0.0,0.0,192048.85,218501.82,0
1,307069.54,3925.0,0.0,457978.28,765047.83,0
1,351827.22,0.0,0.0,772480.28,1124307.5,0
1,279546.09,218808.95,0.0,10158145.66,10437691.74,0
1,132553.35,143040.0,10486.65,279.37,132832.73,0
1,99836.62,6709.0,0.0,1998715.24,2098551.86,0
1,9322.78,0.0,0.0,24892.26,34215.05,0
1,262841.25,0.0,0.0,2412338.29,2675179.54,0
1,575710.63,0.0,0.0,624418.73,1200129.36,0
1,47294.36,0.0,0.0,3049151.84,3096446.2,0
1,74298.98,21004.0,0.0,0.0,74298.98,0
0,472665.22,0.0,0.0,1620183.76,2092848.98,0
0,81606.93,0.0,0.0,10194947.94,10276554.87,0
1,252766.93,94578.0,0.0,0.0,252766.93,0
1,50904.02,0.0,0.0,436392.13,487296.15,0
1,175901.92,0.0,0.0,351225.5,527127.42,0
1,193062.11,114299.0,0.0,0.0,248761.92,0
1,135639.79,201899.0,66259.21,0.0,135639.79,0
1,404758.81,0.0,0.0,580170.23,984929.03,0
1,56632.23,10896.0,0.0,58926.2,250288.9,0
1,81508.84,33824.0,0.0,532793.1,614301.93,0
1,258218.65,0.0,0.0,8068195.94,8326414.59,0
1,232861.82,0.0,0.0,517159.39,526159.26,0
1,148951.46,0.0,0.0,2406350.01,2555301.47,0
1,290640.53,0.0,0.0,1177940.85,1468581.38,0
1,499697.64,162.0,0.0,6130976.39,6630674.03,0
1,341180.69,396642.0,55461.31,0.0,341180.69,0
1,65122.44,49813.0,0.0,0.0,12999.58,0
1,171757.83,10683.0,0.0,0.0,171757.83,0
0,1753357.92,2312.0,0.0,0.0,1753357.92,0
1,94139.47,0.0,0.0,548960.14,643099.61,0
1,35334.52,292982.47,257647.96,342106.39,377440.91,0
1,149055.84,0.0,0.0,1970346.84,2119402.68,0
0,165472.73,80523.0,0.0,302301.01,467773.74,0
0,1825682.27,0.0,0.0,2441647.04,3791280.72,0
0,721816.7,21450.0,0.0,40916.95,762733.65,0
0,1030767.74,7927.0,0.0,3745338.3,4776106.04,0
1,215466.45,83951.68,0.0,1583261.29,1798727.74,0
1,329968.44,399163.0,69194.56,5553.81,335522.25,0
1,150085.84,119270.63,0.0,247232.71,397318.55,0
0,960601.91,61662.0,0.0,796392.54,1756994.46,0
0,86673.92,0.0,0.0,1122491.07,1209164.99,0
1,17788.64,194962.36,177173.72,26034.33,43822.96,0
1,305145.4,0.0,0.0,5318526.74,5623672.15,0
1,488087.14,73758.0,0.0,315918.78,804005.92,0
1,264150.37,5633.81,0.0,2372541.34,2636691.71,0
1,160204.98,0.0,0.0,770565.43,930770.41,0
0,6143648.68,322735.0,0.0,0.0,6143648.68,0
1,470202.32,522685.19,52482.87,708831.29,1179033.61,0
1,308490.26,0.0,0.0,5362599.93,5671090.19,0
0,1527172.86,84789.0,0.0,0.0,1527172.86,0
1,1660.73,0.0,0.0,805006.49,806667.22,0
1,314765.29,5033.0,0.0,0.0,314765.29,0
1,119834.5,0.0,0.0,754016.99,845407.52,0
1,181240.91,0.0,0.0,1139128.9,1320369.81,0
1,42680.78,0.0,0.0,2190593.8,2233274.58,0
1,96430.59,5220.0,0.0,0.0,96430.59,0
1,133015.53,0.0,0.0,2060031.72,2193047.25,0
1,277181.11,0.0,0.0,1453524.24,1730705.36,0
1,123539.48,0.0,0.0,504164.72,627704.2,0
1,408812.62,7172.68,0.0,2509552.45,2918365.06,0
0,1657012.87,5321.0,0.0,500157.18,2157170.05,0
1,69155.5,0.0,0.0,650528.59,939291.76,0
1,188582.11,0.0,0.0,240642.25,429224.36,0
1,112821.86,181089.29,68267.43,125783.74,238605.61,0
1,1169.18,1646.0,476.82,850933.27,852102.44,0
1,195429.45,0.0,0.0,276303.87,471733.32,0
1,239807.44,0.0,0.0,2212684.02,2452491.46,0
1,156321.76,0.0,0.0,1265868.5,1422190.26,0
0,80676.41,8702.0,0.0,0.0,80676.41,0
1,236367.4,0.0,0.0,377445.23,1180032.06,0
0,100732.66,6078.0,0.0,1105675.58,1206408.25,0
1,108924.65,0.0,0.0,310046.33,418970.98,0
1,282752.23,3540.49,0.0,2114377.12,2397129.35,0
1,375582.56,0.0,0.0,740191.95,1115774.51,0
1,126538.79,0.0,0.0,1716304.4,1842843.19,0
1,80977.3,21957.0,0.0,290571.86,371549.16,0
0,221429.11,174888.81,0.0,1794426.83,2015855.94,0
1,281422.51,0.0,0.0,3938069.23,4219491.74,0
1,124873.94,53043.0,0.0,346187.48,471061.42,0
1,208009.12,0.0,0.0,2678201.0,2886210.12,0
0,135982.63,0.0,0.0,1061157.11,1197139.75,0
1,403386.91,60211.0,0.0,85625.78,489012.69,0
1,143805.64,0.0,0.0,4821108.18,4843006.4,0
1,6485.11,0.0,0.0,1058067.23,1064552.34,0
1,172307.42,29094.0,0.0,295366.14,467673.56,0
1,296369.56,0.0,0.0,2271354.97,2567724.53,0
1,213272.5,50927.0,0.0,3241549.89,3454822.39,0
1,81671.76,104699.0,23027.24,59887.82,141559.58,0
1,133926.46,51889.6,0.0,742511.94,876438.41,0
1,31674.73,772982.61,741307.88,230112.62,261787.35,0
0,866063.82,101543.0,0.0,131581.6,997645.42,0
0,1996853.59,0.0,0.0,9886490.66,11883344.24,0
1,35428.78,1331.0,0.0,1205957.2,2554318.1,0
1,3666.81,246611.0,242944.19,142058.15,145724.96,0
1,164199.22,0.0,0.0,3950157.57,4114356.79,0
1,50859.4,0.0,0.0,131048.11,181907.52,0
0,1070364.09,0.0,0.0,2676886.61,3747250.7,0
1,438580.48,0.0,0.0,4199120.09,4637700.57,0
0,1726527.68,313537.84,0.0,3038731.74,4765259.42,0
0,2664417.4,302985.0,0.0,2288399.72,4952817.12,0
0,98750.82,0.0,0.0,1716234.05,1814984.87,0
1,148912.05,0.0,0.0,3844837.59,3993749.64,0
0,68920.14,0.0,0.0,188298.65,257218.78,0
0,69057.34,19959.0,0.0,144093.2,213150.54,0
1,105440.54,192.0,0.0,1213132.37,1318572.91,0
1,81473.69,37072.0,0.0,0.0,81473.69,0
1,205252.54,26261.0,0.0,571756.92,777009.46,0
1,100086.14,18.0,0.0,0.0,100086.14,0
1,63407.0,0.0,0.0,290829.05,354236.06,0
1,241557.84,0.0,0.0,4663315.07,4904872.9,0
1,46008.97,14477.0,0.0,29586.17,75595.14,0
1,66864.68,1102.0,0.0,1425255.44,2503632.78,0
1,103352.73,60984.59,0.0,1504355.38,1607708.11,0
0,177505.84,47125.0,0.0,1906.19,179412.03,0
1,221889.67,0.0,0.0,361377.41,583267.08,0
1,247679.25,10227.0,0.0,10913748.81,11161428.06,0
1,498372.29,6001.0,0.0,6392373.6,6890745.9,0
1,193403.81,0.0,0.0,13130990.71,13324394.52,0
0,393244.74,0.0,0.0,1124274.78,1517519.52,0
0,237643.68,0.0,0.0,357179.41,511451.48,0
1,69110.91,21354.0,0.0,1261922.77,1331033.68,0
1,149966.04,667774.0,517807.96,236648.7,386614.74,0
1,294726.17,620620.0,325893.83,1096047.67,1390773.84,0
1,326440.9,36454.0,0.0,264284.37,216577.65,0
1,103935.19,0.0,0.0,912190.53,1016125.72,0
1,170889.28,0.0,0.0,609369.56,780258.84,0
1,9440.03,0.0,0.0,110137.95,119577.98,0
0,3002345.43,0.0,0.0,28843787.67,31846133.1,0
1,88007.59,14787.0,0.0,2716166.76,2804174.34,0
1,69008.48,15399.0,0.0,0.0,69008.48,0
0,3634823.38,11431.0,0.0,0.0,3634823.38,0
0,1931947.49,0.0,0.0,5489245.44,7421192.94,0
1,293356.38,54827.0,0.0,0.0,293356.38,0
0,830729.42,0.0,0.0,7239264.1,8069993.51,0
1,418115.33,9151.0,0.0,813640.15,1231755.48,0
1,369022.86,3852.0,0.0,0.0,369022.86,0
1,105542.91,540593.0,435050.09,234896.76,340439.67,0
1,201421.21,874.0,0.0,361371.69,562792.89,0
1,235978.6,0.0,0.0,855196.41,1091175.01,0
0,1269014.29,0.0,0.0,4365044.34,5634058.63,0
1,267214.09,30206.0,0.0,53887.26,321101.35,0
1,47854.07,2789.0,0.0,6454282.89,6502136.95,0
0,5413703.06,0.0,0.0,10019668.75,15433371.8,0
1,332816.46,5100.0,0.0,2314511.36,2647327.82,0
1,19015.38,0.0,0.0,3381313.23,3400328.61,0
0,416191.56,42.0,0.0,258259.41,674450.97,0
1,323046.37,0.0,0.0,331829.68,654876.05,0
1,105959.31,0.0,0.0,340682.49,446641.8,0
1,242796.9,0.0,0.0,386350.16,629147.06,0
1,437898.5,250593.0,0.0,610151.44,1048049.94,0
1,62466.58,0.0,0.0,370882.4,0.0,0
1,268794.45,9240.42,0.0,3714134.88,3982929.34,0
1,113216.48,168332.46,55115.98,1030719.52,1143936.0,0
1,101622.75,0.0,0.0,233244.18,334866.93,0
0,2678815.21,0.0,0.0,3353247.31,6032062.51,0
0,1056306.6,30312.0,0.0,231202.55,1287509.15,0
1,33819.3,0.0,0.0,481949.24,515768.53,0
1,207137.2,0.0,0.0,312776.89,519914.09,0
0,475462.38,0.0,0.0,559945.21,1035407.59,0
1,372921.91,10330.0,0.0,0.0,372921.91,0
0,4178209.97,92.0,0.0,4234027.98,8412237.95,0
1,232076.72,941.0,0.0,506969.88,739046.6,0
1,158411.12,0.0,0.0,1510344.61,1668755.74,0
1,58428.99,0.0,0.0,399859.43,458288.42,0
1,246710.39,0.0,0.0,1710609.97,1957320.36,0
1,108962.88,0.0,0.0,730059.02,876380.46,0
0,76211.83,52171.0,0.0,398559.06,474770.9,0
0,2267443.24,0.0,0.0,7352906.06,9620349.31,0
1,4569.09,50417.0,45847.91,1411396.46,1415965.56,0
0,22860.92,0.0,0.0,560496.8,583357.72,0
1,80812.04,147.0,0.0,0.0,80812.04,0
1,241444.75,0.0,0.0,2037568.64,2279013.38,0
0,987611.39,0.0,0.0,3837125.99,4824737.39,0
1,224689.94,0.0,0.0,3332240.22,3556930.16,0
1,303514.2,10119.0,0.0,8468445.14,8771959.35,0
1,313557.74,32318.0,0.0,68286.51,381844.26,0
1,241978.35,0.0,0.0,1131078.49,1373056.84,0
1,137820.77,17988.0,0.0,423309.15,561129.92,0
1,25408.23,15830.0,0.0,26503.26,51911.48,0
1,73375.9,0.0,0.0,136521.71,209897.61,0
1,213166.28,41200.0,0.0,194609.03,407775.32,0
1,57786.52,2071.0,0.0,892562.26,950348.77,0
1,32156.72,34992.0,2835.28,8194225.87,8226382.59,0
1,219669.08,0.0,0.0,2908190.84,3127859.92,0
1,156188.73,0.0,0.0,419808.69,575997.42,0
1,13716.21,38645.0,24928.79,0.0,13716.21,0
0,1286025.69,18604.0,0.0,3540481.85,4826507.55,0
1,363817.86,0.0,0.0,9185729.71,9549547.57,0
1,112548.57,0.0,0.0,646946.39,759494.96,0
0,181383.1,21834.0,0.0,0.0,181383.1,0
1,292048.92,0.0,0.0,4071088.7,4363137.62,0
1,310091.47,0.0,0.0,1944470.54,2254562.01,0
1,36627.41,435.0,0.0,0.0,36627.41,0
1,192133.88,10728.0,0.0,0.0,192133.88,0
1,90412.61,0.0,0.0,266348.85,356761.46,0
1,254949.08,40303.0,0.0,2052968.78,2307917.86,0
0,686313.05,4382.0,0.0,10.58,686323.64,0
1,266290.0,188.0,0.0,3947521.89,4213811.89,0
1,165327.54,0.0,0.0,871897.21,1630142.53,0
0,334800.12,0.0,0.0,1274033.54,1608833.66,0
1,377754.29,731.0,0.0,4893092.91,5270847.21,0
1,178151.52,0.0,0.0,1179714.05,1357865.57,0
1,344601.91,0.0,0.0,1219344.24,1563946.14,0
1,66616.97,0.0,0.0,546204.84,421494.48,0
1,51108.89,0.0,0.0,1299521.81,1350630.71,0
0,1000582.09,35103.0,0.0,745717.93,1746300.02,0
1,80621.47,0.0,0.0,3660603.43,3741224.89,0
1,49929.23,0.0,0.0,1822033.38,1871962.61,0
1,477215.64,1002.0,0.0,907319.96,1384535.6,0
1,117102.49,0.0,0.0,1226123.64,1343226.13,0
1,484939.79,0.0,0.0,691107.78,1176047.57,0
1,263075.3,60837.0,0.0,0.0,173028.7,0
1,507522.57,0.0,0.0,2164432.81,2671955.38,0
1,45044.88,24203.0,0.0,366982.59,745018.09,0
1,103629.57,0.0,0.0,258106.3,668952.88,0
1,215786.12,0.0,0.0,1074799.1,1167061.26,0
0,570606.39,0.0,0.0,972985.87,1543592.26,0
0,330393.98,119348.0,0.0,196254.58,526648.56,0
0,671926.71,0.0,0.0,14552425.94,15224352.64,0
1,22504.55,30939.0,8434.45,3477112.69,3499617.24,0
0,1491428.09,0.0,0.0,2162936.08,3654364.17,0
1,144090.97,0.0,0.0,1962002.55,2106093.52,0
1,160231.28,0.0,0.0,1795541.07,1955772.35,0
1,568790.99,8626.0,0.0,0.0,568790.99,0
0,1598415.19,54918.0,0.0,803858.94,2402274.13,0
1,327835.69,1085.0,0.0,357954.77,685790.47,0
1,128366.66,4106.0,0.0,924857.99,1053224.66,0
1,111951.55,6434.0,0.0,30499.0,0.0,0
1,305483.19,50391.0,0.0,9415282.7,9720765.89,0
1,150869.13,0.0,0.0,3709816.07,5599053.69,0
1,148393.47,0.0,0.0,792270.36,1213448.05,0
1,93506.26,0.0,0.0,331066.31,424572.57,0
0,2116764.34,0.0,0.0,15501630.68,17618395.02,0
1,63804.69,19879.0,0.0,322098.67,385903.36,0
1,55089.51,51592.0,0.0,6408761.77,6465874.08,0
1,73049.13,25226.0,0.0,327804.92,400854.05,0
1,322603.88,0.0,0.0,672906.7,995510.58,0
1,27593.81,0.0,0.0,32872.76,60466.57,0
1,61801.5,50076.0,0.0,1649344.61,1711146.11,0
1,60523.31,0.0,0.0,5049842.3,5110365.61,0
1,25323.46,159495.0,134171.54,428953.27,454276.73,0
0,183799.43,0.0,0.0,690028.96,873828.39,0
1,6514.92,71632.0,65117.08,0.0,6514.92,0
1,252343.93,0.0,0.0,1360399.58,1612743.52,0
0,1048963.24,0.0,0.0,1635254.3,2684217.54,0
1,66058.0,0.0,0.0,2039063.01,2105121.01,0
1,79138.16,51208.0,0.0,79904.74,159042.89,0
1,81901.48,27570.0,0.0,0.0,81901.48,0
0,47693.82,50853.0,3159.18,508524.9,556218.71,0
1,134529.18,101531.0,0.0,0.0,134529.18,0
1,278052.44,136.0,0.0,176893.68,454946.12,0
1,7203.81,0.0,0.0,531919.75,539123.57,0
1,272910.01,0.0,0.0,859577.19,1775555.0,0
0,436926.62,0.0,0.0,1270937.13,1707863.75,0
1,100722.81,2141.0,0.0,0.0,100722.81,0
1,82814.54,26858.0,0.0,401989.74,484804.28,0
1,83055.76,10863.0,0.0,217135.81,300191.57,0
1,94972.13,52217.0,0.0,1242157.91,1337130.05,0
1,145287.37,10084.0,0.0,611777.52,757064.88,0
1,81978.82,0.0,0.0,6284465.74,6366444.56,0
1,67698.78,0.0,0.0,141426.06,209124.84,0
0,503094.98,0.0,0.0,981127.17,1484222.15,0
0,29425663.23,0.0,0.0,31577192.98,79611711.5,0
0,768343.45,0.0,0.0,948341.65,1716685.1,0
1,374826.97,60320.0,0.0,0.0,374826.97,0
0,1101740.37,0.0,0.0,6404959.18,7750477.9,0
1,176938.07,31907.0,0.0,386612.27,563550.34,0
1,120352.24,0.0,0.0,9906479.29,10026831.53,0
0,649718.3,12362.0,0.0,0.0,649718.3,0
1,210796.24,13221.0,0.0,457517.48,668313.72,0
1,67236.23,22012.0,0.0,5775.0,73011.23,0
1,83204.7,382305.41,299100.71,901337.57,984542.27,0
1,75191.83,0.0,0.0,385526.8,943713.31,0
1,219563.5,102651.0,0.0,238561.32,458124.82,0
0,4466567.84,771.0,0.0,926477.88,5393045.72,0
1,175568.42,9628.0,0.0,0.0,175568.42,0
0,546903.07,240851.0,0.0,0.0,546903.07,0
1,60189.11,0.0,0.0,724309.82,784498.93,0
1,174967.75,42852.0,0.0,215022.18,389989.93,0
0,453630.83,247392.52,0.0,1459647.43,1913278.25,0
0,2438743.11,2773.0,0.0,562646.72,3001389.84,0
1,209522.97,0.0,0.0,808388.93,1017911.89,0
1,66095.51,0.0,0.0,266321.76,332417.27,0
1,185010.57,0.0,0.0,965689.76,2515123.09,0
1,40131.03,90917.97,50786.94,145229.62,185360.64,0
1,333864.91,51388.0,0.0,1047097.31,1380962.23,0
1,129841.84,393428.0,263586.16,0.0,129841.84,0
1,268911.4,0.0,0.0,575298.95,844210.35,0
1,92838.29,0.0,0.0,482129.2,574967.49,0
1,348293.57,0.0,0.0,372936.47,721230.05,0
1,251289.06,102729.0,0.0,263020.21,514309.27,0
1,200143.65,0.0,0.0,4113971.31,4569677.01,0
1,34176.21,0.0,0.0,542893.88,577070.09,0
1,152533.29,15589.0,0.0,2075590.92,2228124.21,0
1,111190.2,0.0,0.0,409604.62,520794.82,0
0,1697611.08,0.0,0.0,9680391.19,11378002.27,0
1,45302.3,0.0,0.0,1322098.71,1367401.01,0
1,8362.93,70064.0,61701.07,0.0,8362.93,0
0,1246801.36,0.0,0.0,4919833.31,6166634.67,0
1,113562.85,0.0,0.0,190094.73,303657.58,0
1,56290.97,0.0,0.0,4645527.78,4701818.75,0
0,4262331.84,0.0,0.0,4365545.88,8627877.73,0
1,562502.31,0.0,0.0,1690881.99,2253384.3,0
0,1202040.76,0.0,0.0,7104186.62,8306227.37,0
1,147344.33,0.0,0.0,1137183.3,1284527.64,0
1,79971.24,26850.0,0.0,0.0,79971.24,0
1,145616.22,34683.0,0.0,121193.3,266809.52,0
1,347574.98,583.0,0.0,11876734.16,12224309.13,0
1,348109.23,0.0,0.0,2286843.48,2634952.71,0
1,92413.32,13141.69,0.0,1281980.01,1374393.33,0
0,539602.62,0.0,0.0,1797965.52,2337568.13,0
1,424731.74,1409.0,0.0,101215.34,525947.08,0
1,144360.06,10633.0,0.0,197207.38,341567.44,0
0,906581.09,44695.71,0.0,948466.19,1855047.28,0
1,184407.59,0.0,0.0,4505455.27,4689862.86,0
1,103236.49,0.0,0.0,952469.64,1055706.13,0
1,173488.29,0.0,0.0,7994938.36,8168426.65,0
1,181143.37,0.0,0.0,406363.25,587506.61,0
1,105899.75,20715.0,0.0,1152121.49,1258021.24,0
1,181091.79,0.0,0.0,2575395.57,2756487.36,0
1,183541.36,155095.09,0.0,193869.6,377410.95,0
1,155287.61,0.0,0.0,578366.85,733654.46,0
1,75234.34,0.0,0.0,3331771.73,3407006.07,0
1,280267.65,0.0,0.0,978778.15,1259045.81,0
0,565426.45,0.0,0.0,16674635.04,17114387.28,0
1,274068.77,20944.0,0.0,0.0,274068.77,0
1,199568.87,0.0,0.0,392088.02,591656.89,0
1,20343.63,20011.0,0.0,0.0,20343.63,0
1,127004.66,111350.81,0.0,138742.3,265746.96,0
1,73609.93,0.0,0.0,949938.26,1023548.19,0
0,888892.21,857.0,0.0,0.0,888892.21,0
0,941071.17,83306.0,0.0,3725480.01,4619616.03,0
1,453338.38,609502.0,156163.62,1143479.02,1596817.4,0
1,95094.63,0.0,0.0,2453707.37,2548802.0,0
1,257343.08,0.0,0.0,2530224.59,2787567.67,0
1,79579.42,161074.0,81494.58,228539.24,308118.66,0
1,80060.12,0.0,0.0,1328611.59,1408671.72,0
1,114112.05,21652.0,0.0,1162053.05,1276165.1,0
1,21641.59,10866.0,0.0,34218.43,55860.01,0
1,349773.18,27321.0,0.0,5698.78,355471.96,0
1,137526.56,0.0,0.0,204393.76,341920.32,0
1,22974.94,19973.0,0.0,317392.27,340367.21,0
0,109348.91,0.0,0.0,1266970.48,1376319.39,0
1,79191.93,0.0,0.0,387494.05,466685.98,0
1,251284.44,46320.0,0.0,48474.04,299758.48,0
1,196711.52,51960.0,0.0,0.0,196711.52,0
1,109547.96,51097.0,0.0,0.0,109547.96,0
1,72075.0,0.0,0.0,665588.24,737663.24,0
1,339035.84,0.0,0.0,1093931.94,1432967.79,0
0,160351.71,11575.0,0.0,1121880.52,1282232.23,0
1,189960.44,0.0,0.0,307676.45,497636.89,0
1,110384.98,0.0,0.0,2032575.66,2142960.64,0
1,25948.45,74255.04,48306.59,110417.35,136365.81,0
0,279208.07,22934.0,0.0,0.0,279208.07,0
1,96931.1,0.0,0.0,754632.69,851563.8,0
1,66682.34,0.0,0.0,1082948.6,1149630.94,0
1,134907.82,42748.0,0.0,363630.81,498538.63,0
0,2519774.2,22008.0,0.0,941147.38,3460921.58,0
1,289336.39,0.0,0.0,1147717.01,1437053.4,0
1,167124.44,0.0,0.0,19672241.29,19839365.73,0
1,156741.26,0.0,0.0,244840.55,401581.81,0
1,235848.46,0.0,0.0,991938.65,1227787.11,0
1,31332.28,71782.0,40449.72,330458.93,361791.2,0
1,392878.55,0.0,0.0,2872002.76,3264881.3,0
1,2660.95,0.0,0.0,727033.59,606007.64,0
1,1300.95,264417.42,263116.47,0.0,1300.95,0
1,128315.47,0.0,0.0,829929.47,769503.58,0
1,137984.69,16075.0,0.0,16276.34,154261.02,0
1,45654.89,40994.0,0.0,0.0,45654.89,0
1,267383.9,40230.0,0.0,0.0,313511.14,0
1,180744.16,82530.0,0.0,116934.81,297678.97,0
1,228697.74,0.0,0.0,273819.77,502517.51,0
1,244915.73,107029.0,0.0,3455024.09,3699939.82,0
1,87646.89,0.0,0.0,3597931.72,3685578.61,0
0,851143.77,0.0,0.0,1578978.54,2430122.31,0
1,87801.87,11558.0,0.0,501881.83,589683.7,0
1,382104.74,0.0,0.0,2076361.63,2458466.37,0
0,161960.39,30227.0,0.0,0.0,161960.39,0
0,438622.2,64230.0,0.0,211037.81,649660.01,0
0,655239.99,17958.0,0.0,0.0,655239.99,0
1,341560.71,0.0,0.0,2004091.86,2345652.57,0
1,67025.47,0.0,0.0,4636372.46,4703397.93,0
0,615640.5,318024.0,0.0,0.0,615640.5,0
0,315886.27,0.0,0.0,769938.43,1085824.7,0
1,348604.73,50521.0,0.0,36499.24,385103.98,0
1,186842.04,0.0,0.0,20587143.54,20773985.58,0
1,399002.66,0.0,0.0,753642.29,1152644.96,0
1,227981.71,0.0,0.0,1083970.87,1311952.58,0
1,360970.97,140916.0,0.0,3023739.76,3228405.72,0
1,143701.84,688829.0,545127.16,1041575.99,842854.59,0
0,789024.78,15358.0,0.0,81676.0,366202.07,0
0,2435794.46,32.0,0.0,13576.88,2449371.34,0
0,4488607.81,0.0,0.0,21679685.67,26168293.48,0
1,360670.63,166294.0,0.0,1943.0,362613.63,0
1,183021.48,122282.0,0.0,41476.1,224497.58,0
0,88802.14,0.0,0.0,2518494.9,2607297.03,0
1,121974.34,0.0,0.0,325935.43,447909.77,0
0,74181.72,17026.0,0.0,8281659.94,8355841.66,0
1,66756.09,16656.0,0.0,2205318.22,2272074.31,0
1,41117.13,69190.97,28073.84,112688.65,153805.77,0
0,219710.01,0.0,0.0,7773524.47,7993234.48,0
1,122760.21,0.0,0.0,11007939.2,11130699.4,0
1,454874.08,310168.69,0.0,1760386.45,2351794.83,0
0,1717353.35,0.0,0.0,2326062.6,4043415.95,0
1,203918.51,50257.0,0.0,477374.79,681293.31,0
1,185079.61,167310.0,0.0,0.0,185079.61,0
0,1220646.68,0.0,0.0,1940422.56,3161069.24,0
0,195761.38,0.0,0.0,365278.72,561040.1,0
1,138088.94,0.0,0.0,10629938.74,10768027.68,0
1,354528.22,0.0,0.0,5591817.49,5946345.7,0
1,63420.67,10771.0,0.0,1067079.79,1130500.47,0
0,278276.99,108050.0,0.0,45160.48,323437.47,0
1,333983.51,0.0,0.0,1346190.91,1680174.42,0
0,1421790.35,20030.0,0.0,542839.76,1964630.11,0
1,172664.87,14627.87,0.0,649399.55,822064.42,0
1,38475.32,0.0,0.0,317022.75,355498.07,0
1,48572.85,0.0,0.0,440673.94,489246.79,0
1,100702.85,14869.0,0.0,3854547.02,3955249.86,0
1,148751.74,24619.0,0.0,864162.24,1012913.97,0
1,43651.32,0.0,0.0,1385562.41,1429213.73,0
1,153350.6,0.0,0.0,1540497.73,1693848.33,0
1,218988.07,0.0,0.0,647993.35,866981.42,0
1,121634.18,0.0,0.0,732051.48,853685.66,0
1,101912.92,0.0,0.0,5670259.12,6173531.62,0
1,76855.34,0.0,0.0,851330.56,928185.9,0
1,107046.61,0.0,0.0,587641.36,694687.98,0
1,143460.07,0.0,0.0,672834.79,816294.85,0
0,1022629.27,0.0,0.0,6690442.6,7713071.87,0
1,5974.29,0.0,0.0,2713303.15,2806402.1,0
0,1131175.2,0.0,0.0,6411639.56,7542814.76,0
1,118312.6,0.0,0.0,24472311.97,24590624.57,0
1,103516.68,32037.0,0.0,0.0,107434.8,0
0,1151734.08,0.0,0.0,2274571.78,3426305.86,0
1,166000.01,46848.0,0.0,0.0,166000.01,0
0,113284.44,0.0,0.0,129206.53,242490.96,0
1,59020.55,0.0,0.0,663344.6,722365.15,0
1,244729.77,212.0,0.0,193375.19,438104.96,0
1,20225.97,0.0,0.0,24220.83,44446.8,0
1,364000.27,998286.83,634286.57,1863334.5,2227334.77,0
1,142890.7,7944.54,0.0,8580915.93,8723806.63,0
0,947665.99,0.0,0.0,4954967.28,5902633.28,0
1,432472.81,51337.0,0.0,0.0,432472.81,0
1,316715.4,9198.0,0.0,43109.56,359824.96,0
1,184449.5,0.0,0.0,1149486.27,1333935.77,0
1,147195.66,115.0,0.0,1610603.21,1897261.29,0
1,500540.38,161545.0,0.0,1008313.65,1508854.04,0
1,79253.6,0.0,0.0,129751.98,209005.58,0
1,68820.44,0.0,0.0,716580.28,785400.73,0
1,98301.63,106663.0,8361.37,0.0,98301.63,0
0,613309.8,19859.0,0.0,42496.36,655806.16,0
0,413653.92,0.0,0.0,688559.41,1102213.33,0
1,448901.56,0.0,0.0,770588.56,1219490.12,0
0,1087827.5,0.0,0.0,1532537.87,2620365.36,0
0,1306702.73,0.0,0.0,2178932.58,3485635.31,0
1,165716.48,0.0,0.0,1096427.28,1262143.76,0
1,73592.48,0.0,0.0,116280.62,189873.1,0
1,229764.96,0.0,0.0,3032204.19,3261969.15,0
1,248340.92,0.0,0.0,4292925.2,4541266.12,0
1,79348.66,12497.0,0.0,1142523.87,1221872.53,0
1,152919.75,623057.0,470137.25,366205.36,519125.11,0
1,117555.94,810158.0,692602.06,925843.55,1043399.49,0
1,95111.73,0.0,0.0,1278016.23,1373127.96,0
1,59690.47,0.0,0.0,421643.41,481333.88,0
0,151765.52,29777.0,0.0,1808672.19,1960437.71,0
1,8738.81,0.0,0.0,4865022.22,4873761.03,0
0,69324.14,0.0,0.0,93429.63,162753.78,0
1,31029.7,65125.0,34095.3,9476619.54,9507649.24,0
1,262723.57,0.0,0.0,498868.31,2063227.46,0
1,137633.99,0.0,0.0,3093863.79,3231497.78,0
1,226096.08,352904.14,126808.06,499004.09,725100.18,0
1,842.59,0.0,0.0,2355809.86,2356652.44,0
0,653983.93,653983.93,0.0,0.0,0.0,1
1,98910.7,435472.87,336562.16,157721.62,256632.33,0
1,103726.0,12037.0,0.0,25942.98,129668.98,0
1,128832.44,0.0,0.0,3374834.08,3023083.91,0
1,95749.48,0.0,0.0,645985.28,741734.75,0
1,319536.33,0.0,0.0,3495071.77,3814608.1,0
1,157027.22,0.0,0.0,319848.1,476875.32,0
1,268959.97,12376.0,0.0,115109.92,384069.89,0
1,27977.92,0.0,0.0,845524.56,873502.47,0
1,560384.74,0.0,0.0,1221429.17,1781813.91,0
0,553783.46,5111.0,0.0,234047.6,787831.07,0
1,219715.87,0.0,0.0,1167510.09,1387225.96,0
1,18090.23,20011.0,1920.77,4293805.16,6283054.39,0
1,68680.95,0.0,0.0,795481.28,864162.24,0
1,222607.71,0.0,0.0,13385181.14,13607788.84,0
1,383513.7,0.0,0.0,2022170.59,2405684.29,0
1,210635.65,16773.0,0.0,628873.37,766799.35,0
1,53533.29,177.0,0.0,0.0,53533.29,0
1,71395.82,298557.18,227161.36,1346516.58,1417912.4,0
1,11120.35,64879.0,53758.65,0.0,11120.35,0
1,256825.57,71250.0,0.0,632357.16,889182.73,0
1,420215.28,93.0,0.0,0.0,420215.28,0
1,40763.45,17145.0,0.0,0.0,40763.45,0
1,314225.31,0.0,0.0,1699911.32,2014136.63,0
1,168887.8,0.0,0.0,14192535.64,14361423.44,0
1,210623.06,0.0,0.0,430054.95,640678.01,0
1,289461.48,30391.0,0.0,7409408.74,7824844.1,0
1,64119.82,569.0,0.0,1000714.83,1064834.65,0
0,51435.76,0.0,0.0,1839624.83,1891060.58,0
1,23429.1,0.0,0.0,116593.39,140022.49,0
1,492244.36,0.0,0.0,5902662.18,6394906.54,0
1,135597.4,0.0,0.0,1182466.25,1318063.65,0
1,84361.95,0.0,0.0,508202.05,592564.01,0
1,205676.47,20470.0,0.0,0.0,205676.47,0
1,115088.06,0.0,0.0,217952.46,333040.52,0
1,236031.74,14590.64,0.0,674690.63,910722.38,0
1,255650.02,0.0,0.0,526179.98,781830.0,0
1,112351.29,0.0,0.0,869815.82,982167.11,0
0,294867.56,0.0,0.0,531814.44,826682.0,0
1,81459.96,0.0,0.0,826104.31,907564.27,0
0,152820.62,0.0,0.0,228888.21,381708.83,0
1,146576.53,0.0,0.0,349751.54,496328.07,0
1,343044.35,0.0,0.0,1604286.41,1947330.76,0
1,155194.74,34922.0,0.0,1925756.28,2080951.02,0
1,130878.67,10649.62,0.0,487616.37,618495.04,0
0,216180.42,0.0,0.0,1100447.94,1316628.36,0
1,308167.63,256979.0,0.0,3971.58,312139.21,0
1,32106.78,0.0,0.0,1192290.85,1224397.63,0
0,1434962.48,0.0,0.0,2074628.12,3509590.6,0
0,260462.81,8923.0,0.0,1217578.35,1478041.16,0
1,28506.34,0.0,0.0,5855313.31,5883819.66,0
1,94201.76,0.0,0.0,14114381.25,14208583.01,0
1,20017.53,216874.98,196857.46,439584.98,459602.51,0
1,248786.88,0.0,0.0,336787.44,585574.33,0
1,19429.32,11773.0,0.0,6594552.44,6613981.76,0
1,373167.12,466.0,0.0,1172274.44,1545441.56,0
1,214193.48,0.0,0.0,264551.8,478745.28,0
1,28552.37,0.0,0.0,761662.42,790214.79,0
1,115481.25,139.0,0.0,0.0,115481.25,0
1,23871.04,0.0,0.0,702289.11,726160.16,0
0,2203713.26,152586.0,0.0,74514.39,2278227.65,0
1,376347.12,6561.0,0.0,285097.87,661444.99,0
1,77249.29,300840.0,223590.71,269265.72,346515.02,0
1,241389.98,0.0,0.0,675431.86,916821.84,0
1,204520.14,46356.0,0.0,519005.96,723526.1,0
0,2140316.07,71.0,0.0,59718.17,2838892.83,0
1,181040.81,0.0,0.0,696068.94,877109.75,0
1,27749.49,0.0,0.0,167572.89,195322.38,0
1,153756.16,112027.97,0.0,159046.92,312803.08,0
0,124480.95,0.0,0.0,1411366.04,1535846.99,0
1,128411.2,19284.99,0.0,129626.99,258038.19,0
1,287118.2,10896.0,0.0,533853.35,820971.55,0
1,404173.92,570978.86,166804.94,2288511.04,2692684.96,0
0,1504449.39,0.0,0.0,2716092.79,4220542.18,0
0,275992.97,2293.0,0.0,6305224.15,6581217.12,0
1,448881.05,0.0,0.0,901708.51,1350589.56,0
1,189396.47,25357.0,0.0,12353.82,201750.3,0
1,72600.8,99103.0,26502.2,30536.93,103137.73,0
0,787593.92,1225.0,0.0,4298.49,791892.41,0
1,79022.36,10813.0,0.0,0.0,195416.67,0
1,310556.0,86589.0,0.0,0.0,310556.0,0
1,133757.65,26.0,0.0,36014715.17,36358202.47,0
1,120035.23,0.0,0.0,269448.08,389483.31,0
1,345067.41,52460.0,0.0,143042.5,488109.91,0
1,39339.72,0.0,0.0,1293459.0,1332798.72,0
1,254554.92,10302.0,0.0,1120097.33,1374652.25,0
1,247645.29,10531.0,0.0,0.0,247645.29,0
0,427304.83,159288.11,0.0,2032117.38,2459422.21,0
1,140423.82,5464.0,0.0,67609.5,208033.32,0
1,249748.58,702378.0,452629.42,249439.16,499187.74,0
0,759065.61,31727.0,0.0,520069.93,1279135.54,0
0,3404468.31,0.0,0.0,32733610.2,36138078.5,0
1,40201.43,2051.0,0.0,759001.41,799202.84,0
1,109345.67,215.0,0.0,718987.6,828333.26,0
1,259515.01,0.0,0.0,887914.07,1147429.08,0
1,204800.67,51615.0,0.0,9953.0,0.0,0
1,504810.34,6371.0,0.0,4125404.91,4630215.24,0
1,5815.01,0.0,0.0,554365.5,560180.51,0
1,25343.41,3058.0,0.0,0.0,25343.41,0
1,264016.72,0.0,0.0,283630.24,547646.96,0
1,205088.34,225308.0,20219.66,0.0,205088.34,0
1,337850.79,457886.0,120035.21,39700.0,377550.79,0
1,165914.96,0.0,0.0,3669655.68,3835570.63,0
1,169392.81,0.0,0.0,2813020.89,2982413.7,0
0,79437.64,52598.0,0.0,0.0,79437.64,0
0,639800.01,0.0,0.0,844126.91,1483926.92,0
1,355382.98,40262.0,0.0,1682990.31,2038373.28,0
1,13268.44,2123.0,0.0,162040.61,175309.05,0
0,536654.78,0.0,0.0,859833.87,1396488.65,0
1,95043.08,58868.0,0.0,5209370.5,5304413.59,0
1,189300.83,0.0,0.0,236478.28,425779.11,0
1,160389.53,0.0,0.0,508849.61,669239.14,0
0,340850.61,0.0,0.0,702620.27,1043470.88,0
1,149665.33,30.0,0.0,0.0,149665.33,0
1,281591.8,0.0,0.0,8343272.5,8624864.3,0
1,582199.6,16689.0,0.0,728589.4,1310789.0,0
1,270748.79,0.0,0.0,859243.98,0.0,0
1,25014.73,103696.0,78681.27,769183.65,794198.37,0
0,321501.94,0.0,0.0,2028390.44,2349892.38,0
0,358862.68,11338.0,0.0,0.0,358862.68,0
1,206649.99,0.0,0.0,2292345.95,2498995.93,0
1,316934.34,22324.0,0.0,67930.31,384864.65,0
1,96777.28,136056.14,39278.86,1253178.2,1349955.48,0
1,81243.97,127723.0,46479.03,155676.07,236920.04,0
1,431025.13,0.0,0.0,1032626.33,1463651.46,0
1,201900.66,19857.0,0.0,0.0,201900.66,0
1,175651.51,13683.0,0.0,1140169.61,1315821.11,0
1,59723.45,0.0,0.0,830996.2,890719.65,0
1,318392.21,0.0,0.0,3067931.19,3386323.4,0
1,122736.94,0.0,0.0,462424.28,585161.22,0
1,55335.96,0.0,0.0,2146389.26,2201725.22,0
1,196991.05,0.0,0.0,1619104.63,1816095.68,0
1,68337.7,0.0,0.0,1750510.33,1818848.02,0
1,125413.63,13943.0,0.0,2202.84,127616.47,0
0,937173.04,10304.0,0.0,0.0,937173.04,0
1,58504.05,19369.0,0.0,236183.84,294687.89,0
1,351281.92,222031.33,0.0,977021.69,1328303.61,0
1,11440.15,0.0,0.0,51492.0,128750.9,0
1,528469.83,0.0,0.0,2332781.04,2861250.87,0
1,636884.24,119.0,0.0,47260.76,684145.0,0
1,254559.86,8766.0,0.0,2072453.22,2327013.08,0
1,98776.4,0.0,0.0,530461.69,629238.09,0
1,1281113.84,1281113.84,0.0,0.0,1281113.84,1
1,28787.61,252647.0,223859.39,990965.53,1739082.59,0
1,301393.18,715863.0,414469.82,2267421.0,2568814.18,0
1,381134.32,50328.0,0.0,0.0,381134.32,0
1,325795.99,139267.0,0.0,135921.44,461717.43,0
1,139202.73,41197.0,0.0,1044307.03,1183509.76,0
1,246371.25,1473.0,0.0,4304209.14,4556626.82,0
1,39814.65,241179.0,201364.35,57633.48,97448.13,0
1,60955.16,0.0,0.0,83268.09,144223.24,0
1,162033.69,18410.0,0.0,0.0,162033.69,0
1,87217.07,0.0,0.0,412701.06,906606.14,0
1,121075.37,202286.0,81210.63,263198.49,384273.86,0
1,198472.1,0.0,0.0,2441585.66,2640057.76,0
1,86669.58,0.0,0.0,2603918.33,2690587.91,0
1,19387.74,0.0,0.0,1952636.31,1972024.05,0
1,149232.0,0.0,0.0,215293.95,364525.95,0
1,234738.03,35983.0,0.0,1291049.06,1659747.3,0
0,55017.67,0.0,0.0,257221.3,312238.97,0
1,28054.22,0.0,0.0,1073249.34,1101303.56,0
1,330871.17,53787.0,0.0,397294.71,728165.87,0
1,68698.73,52133.0,0.0,2323870.01,2392568.74,0
1,131907.5,6643.0,0.0,0.0,131907.5,0
1,28930.33,10380.0,0.0,1272424.81,1301355.15,0
1,18004.5,14742.0,0.0,65532.54,83537.04,0
0,607807.13,73246.0,0.0,0.0,607807.13,0
1,106447.52,205173.0,98725.48,124747.89,231195.41,0
1,276737.74,14631.0,0.0,1270393.41,1547131.15,0
0,764014.1,0.0,0.0,2364427.63,3128441.73,0
1,240975.24,0.0,0.0,577536.63,818511.87,0
1,7965.29,0.0,0.0,326235.12,334200.42,0
0,966018.42,643.0,0.0,568586.38,1534604.8,0
1,290189.54,0.0,0.0,543927.5,834117.04,0
1,205145.41,0.0,0.0,263243.67,468389.08,0
1,89376.07,662.0,0.0,73979.55,163355.62,0
1,28196.16,0.0,0.0,253057.68,196000.9,0
1,332791.1,5903.0,0.0,755380.06,1088171.15,0
1,88812.44,212564.0,123751.56,3276089.32,3364901.76,0
1,466848.09,74082.0,0.0,28708.74,495556.83,0
1,81185.07,0.0,0.0,3921340.42,4002525.49,0
0,60066.42,0.0,0.0,512631.29,572697.71,0
0,902998.13,0.0,0.0,17580872.5,18583563.4,0
1,27128.31,295.0,0.0,176222.12,203350.43,0
1,290101.05,6944.0,0.0,0.0,624774.83,0
1,259424.82,0.0,0.0,327533.03,586957.85,0
1,243170.67,42830.31,0.0,333518.4,576689.07,0
1,89553.69,0.0,0.0,132631.94,222185.64,0
1,95563.62,0.0,0.0,1195258.81,1290822.43,0
1,52169.65,14637.0,0.0,31534.97,83704.62,0
1,98044.4,0.0,0.0,10328576.71,10426621.11,0
1,111400.37,0.0,0.0,2791521.55,2902921.91,0
0,566476.54,37313.0,0.0,2025018.44,2591494.98,0
1,196960.91,4538.0,0.0,792055.65,989016.55,0
1,567600.88,0.0,0.0,2743686.38,3311287.26,0
1,208308.66,71914.0,0.0,0.0,208308.66,0
1,164571.53,22202.0,0.0,0.0,164571.53,0
1,177678.52,0.0,0.0,1210696.45,1519748.5,0
1,140105.2,0.0,0.0,14339160.88,14479266.08,0
1,116624.3,0.0,0.0,370022.73,486647.03,0
1,39438.38,14840.63,0.0,625329.67,664768.05,0
1,99658.35,0.0,0.0,203547.47,303205.82,0
1,20066.15,0.0,0.0,62261.92,82328.07,0
0,703981.75,0.0,0.0,5552996.1,6256977.85,0
1,83528.08,0.0,0.0,122547.58,206075.66,0
1,134388.23,0.0,0.0,4721175.45,4855563.68,0
1,53409.51,0.0,0.0,1077056.5,1130466.01,0
0,799181.71,0.0,0.0,909168.09,1708349.79,0
1,194024.32,20632.0,0.0,47082.02,241106.35,0
1,65828.35,11167.0,0.0,2451.34,68279.69,0
0,445346.02,4044.0,0.0,1298692.21,1744038.22,0
1,431308.91,7607.0,0.0,0.0,431308.91,0
0,443140.98,108273.59,0.0,0.0,443140.98,0
1,22170.95,102655.0,80484.05,0.0,22170.95,0
1,129395.11,0.0,0.0,705465.3,834860.41,0
1,105889.48,0.0,0.0,9269.0,2795244.97,0
1,110620.08,0.0,0.0,978759.69,1089379.77,0
1,76950.4,0.0,0.0,3701804.7,3778755.1,0
1,89675.81,0.0,0.0,1259418.76,1349094.57,0
1,178509.52,0.0,0.0,991085.92,1169595.44,0
1,340728.74,31397.0,0.0,866144.85,1206873.6,0
0,295252.61,0.0,0.0,2025939.61,2321192.22,0
1,58665.8,0.0,0.0,5162518.01,5221183.8,0
1,185484.87,0.0,0.0,5705852.62,5891337.49,0
1,283362.2,82561.0,0.0,1952527.92,2235890.12,0
1,314480.51,49517.0,0.0,411126.16,725606.67,0
1,149089.86,0.0,0.0,9056683.99,9205773.85,0
1,163403.38,0.0,0.0,14173512.37,14336915.74,0
1,3884.57,0.0,0.0,2673049.27,2676933.85,0
1,165273.72,0.0,0.0,845314.56,1010588.27,0
0,457280.42,278450.0,0.0,385815.13,843095.55,0
1,17533.16,90816.0,73282.84,0.0,17533.16,0
1,230324.14,10122.0,0.0,1945331.54,2175655.68,0
0,213177.13,0.0,0.0,293237.63,506414.76,0
1,59596.32,40652.0,0.0,4016843.24,4076439.56,0
1,122121.96,101867.0,0.0,0.0,122121.96,0
1,126083.66,12262.0,0.0,0.0,126083.66,0
1,164660.64,21656.0,0.0,313967.78,478628.42,0
1,12190.29,0.0,0.0,6715466.88,6727657.18,0
0,2073712.19,4161.0,0.0,270760.41,2344472.6,0
1,3045.92,0.0,0.0,121424.09,124470.01,0
1,22655.76,1053.0,0.0,369692.97,392348.73,0
1,241737.59,0.0,0.0,4216563.06,4458300.65,0
1,63188.79,0.0,0.0,223206.47,286395.26,0
1,300614.1,51814.0,0.0,0.0,300614.1,0
1,528237.21,154801.54,0.0,0.0,528237.21,0
1,238194.78,91157.0,0.0,164926.44,403121.22,0
0,461646.82,0.0,0.0,1322567.09,1784213.91,0
0,1727330.2,0.0,0.0,4429168.41,6156498.6,0
1,71726.76,191769.0,120042.24,0.0,71726.76,0
0,439473.46,0.0,0.0,472383.33,911856.78,0
1,72173.17,0.0,0.0,815169.33,887342.5,0
1,150670.66,0.0,0.0,962831.57,1113502.22,0
1,262841.76,0.0,0.0,831218.76,873124.95,0
1,271834.37,21204.0,0.0,2087373.83,2359208.2,0
1,591812.81,11430.0,0.0,1997309.45,2589122.25,0
1,185927.71,0.0,0.0,3588411.03,4299270.34,0
1,111154.48,58309.0,0.0,1912601.28,2023755.75,0
1,142239.42,425.0,0.0,451440.51,593679.93,0
0,221746.81,19896.0,0.0,4606020.55,4827767.36,0
0,480295.86,39290.0,0.0,0.0,480295.86,0
1,165226.92,1036.0,0.0,255623.81,304539.25,0
1,151029.27,0.0,0.0,1381001.13,1532030.4,0
1,164388.42,29846.0,0.0,92034.96,256423.39,0
1,5708.85,256084.24,250375.39,224385.96,230094.82,0
0,492787.58,75576.56,0.0,2880048.88,3372836.45,0
1,10234.95,0.0,0.0,164352.0,174586.95,0
0,558468.65,59872.0,0.0,0.0,558468.65,0
1,229527.12,1998.0,0.0,557017.79,786544.92,0
0,226525.13,601.0,0.0,1650818.05,1877343.18,0
1,142799.54,148035.0,5235.46,0.0,142799.54,0
1,211494.7,22552.0,0.0,8272768.31,8484263.01,0
1,200538.87,52224.0,0.0,114466.48,315005.34,0
1,85163.76,50646.0,0.0,0.0,85163.76,0
1,156379.8,486.0,0.0,251072.72,407452.53,0
1,377454.63,5075.0,0.0,13764.69,230317.64,0
1,133510.06,36581.0,0.0,94641.29,228151.35,0
1,109512.48,0.0,0.0,544097.57,653610.05,0
1,96577.65,4567.0,0.0,0.0,96577.65,0
1,5729.06,31596.0,25866.94,3069.09,8798.15,0
1,111569.52,74907.0,0.0,46037.08,157606.61,0
0,415330.28,0.0,0.0,1521377.51,1936707.79,0
1,66250.22,34.0,0.0,0.0,66250.22,0
0,3313.35,0.0,0.0,1692680.26,1695993.61,0
0,122391.0,0.0,0.0,575580.92,697971.91,0
1,79161.14,0.0,0.0,180197.76,259358.9,0
1,149270.8,0.0,0.0,368878.37,518149.17,0
0,477093.88,0.0,0.0,1647992.17,2125086.05,0
1,596106.14,60273.0,0.0,2786550.6,3382656.74,0
1,168228.55,0.0,0.0,838413.79,1006642.34,0
1,5756.33,324487.0,318730.67,0.0,5756.33,0
1,322178.39,10400.0,0.0,700550.02,1022728.41,0
0,232818.87,122800.57,0.0,329667.36,562486.23,0
1,299014.79,112903.35,0.0,961494.4,1260509.19,0
0,881659.01,0.0,0.0,4410336.14,5291995.15,0
1,52054.29,0.0,0.0,119168.16,171222.45,0
1,129763.24,37247.0,0.0,1695370.75,1825133.98,0
1,26032.52,0.0,0.0,4434295.47,4460328.0,0
0,223770.52,11180.0,0.0,52272.87,276043.39,0
1,115682.1,0.0,0.0,14404580.91,14520263.01,0
1,143880.0,0.0,0.0,1358960.68,1502840.68,0
0,157916.49,108200.74,0.0,5106989.93,5264906.42,0
1,261107.66,20817.0,0.0,115107.23,376214.89,0
1,85750.46,0.0,0.0,390928.34,476678.8,0
1,121828.29,0.0,0.0,205156.33,326984.62,0
1,30311.42,0.0,0.0,62830.0,0.0,0
1,151547.97,0.0,0.0,1293959.97,1445507.94,0
1,166605.68,0.0,0.0,486458.95,653064.63,0
1,107449.84,0.0,0.0,4622670.95,4730120.78,0
1,149389.75,23844.0,0.0,4572.99,153962.74,0
1,79018.09,108965.0,29946.91,0.0,79018.09,0
0,476361.02,402601.0,0.0,448193.1,924554.12,0
1,209577.99,169433.0,0.0,0.0,209577.99,0
1,179509.36,0.0,0.0,4428228.86,4607738.22,0
1,118385.2,0.0,0.0,3076912.44,3195297.64,0
1,136218.86,20975.0,0.0,693135.78,829354.64,0
0,457244.03,3774.0,0.0,0.0,457244.03,0
0,974099.84,0.0,0.0,3552442.64,4526542.49,0
1,52650.6,0.0,0.0,137996.28,190646.87,0
1,89907.27,0.0,0.0,5466391.39,5556298.66,0
0,1113.87,118949.89,117836.02,19161.0,20274.87,0
1,277475.43,0.0,0.0,309057.45,586532.88,0
1,63588.87,0.0,0.0,248591.65,312180.52,0
0,1477416.23,0.0,0.0,1589754.55,3067170.79,0
1,90673.51,38578.0,0.0,311611.44,402284.95,0
0,139414.36,0.0,0.0,232024.13,371438.49,0
1,240879.66,49658.0,0.0,0.0,240879.66,0
1,40540.68,170.0,0.0,0.0,40540.68,0
1,310787.19,85067.0,0.0,2046589.94,2357377.12,0
0,516364.55,44642.0,0.0,25713.26,542077.8,0
1,208023.71,16435.0,0.0,1095350.69,1303374.4,0
1,371834.9,44029.0,0.0,0.0,371834.9,0
1,163878.4,0.0,0.0,1884137.24,2048015.64,0
0,169636.8,119116.46,0.0,595312.01,764948.81,0
0,1099590.93,0.0,0.0,10508814.28,11608405.21,0
1,221800.46,60527.0,0.0,2555674.06,2777474.53,0
1,458490.5,0.0,0.0,4576519.3,5035009.81,0
0,229076.39,0.0,0.0,1837343.04,2313560.35,0
0,320847.32,0.0,0.0,734818.1,1055665.42,0
1,287277.84,161621.0,0.0,844380.27,1131658.11,0
1,6284.08,0.0,0.0,6319607.82,6325891.89,0
1,232553.74,0.0,0.0,240995.38,473549.13,0
1,237340.39,0.0,0.0,2325031.2,2562371.59,0
1,67681.35,0.0,0.0,410110.61,477791.96,0
1,83056.26,176858.0,93801.74,745.21,83801.47,0
1,35286.08,104802.0,69515.92,0.0,35286.08,0
0,3435868.32,40821.0,0.0,271507.6,3707375.91,0
1,306709.27,30432.0,0.0,484307.81,791017.07,0
1,28447.57,8025.0,0.0,0.0,28447.57,0
1,91553.47,0.0,0.0,1104144.68,1195698.15,0
1,26615.07,236318.16,209703.09,422234.64,448849.71,0
1,16111.94,0.0,0.0,195051.87,211163.82,0
1,179102.61,0.0,0.0,1444147.72,1869494.84,0
0,299399.43,0.0,0.0,6103136.77,6402536.2,0
1,38124.74,54371.0,16246.26,498766.46,536891.2,0
1,158070.49,20024.0,0.0,127371.6,285442.08,0
1,28864.57,248329.0,219464.43,2543151.99,2572016.56,0
1,137595.85,157970.0,20374.15,281720.56,1250540.04,0
1,5170.12,0.0,0.0,12649945.59,12655115.72,0
0,766006.72,106759.0,0.0,2866191.31,3632198.04,0
1,13673.99,0.0,0.0,953497.65,967171.63,0
1,76470.96,0.0,0.0,212310.15,288781.11,0
1,202384.76,0.0,0.0,823795.84,1026180.6,0
1,209020.59,0.0,0.0,537534.02,746554.61,0
1,43288.13,37124.0,0.0,1502615.83,1545903.96,0
1,230318.96,106112.0,0.0,0.0,230318.96,0
1,235875.76,30884.0,0.0,0.0,235875.76,0
1,157740.88,108.0,0.0,23634.42,271119.24,0
1,48201.85,0.0,0.0,351688.7,399890.55,0
0,591265.51,0.0,0.0,860720.56,1618172.33,0
1,177678.06,11287.0,0.0,0.0,177678.06,0
1,28331.52,6012.0,0.0,0.0,159341.06,0
1,31080.0,0.0,0.0,431374.01,462454.01,0
1,119786.2,0.0,0.0,195264.9,315051.09,0
1,415797.96,0.0,0.0,1327689.29,1743487.25,0
1,150738.71,272092.31,121353.61,4293071.68,4443810.39,0
1,285604.74,0.0,0.0,2720990.74,3006595.49,0
0,21345.18,684816.17,663470.99,695454.28,716799.46,0
0,1241103.34,0.0,0.0,1302621.32,2543724.66,0
1,62955.04,0.0,0.0,992094.36,1055049.4,0
1,30746.32,43164.0,12417.68,708915.39,739661.71,0
0,522465.77,0.0,0.0,1332728.46,1855194.23,0
1,132000.65,0.0,0.0,1690586.26,1822586.92,0
1,11618.17,205809.0,194190.83,41859.23,53477.4,0
0,1129731.5,46483.0,0.0,0.0,1129731.5,0
1,98618.28,499988.0,401369.72,840198.65,938816.94,0
1,375246.87,21579.0,0.0,0.0,375246.87,0
0,65608.99,30656.0,0.0,0.0,65608.99,0
1,48480.99,93863.0,45382.01,5437424.54,6123416.77,0
0,432379.57,41718.0,0.0,35365.68,467745.25,0
1,67262.15,0.0,0.0,3675979.08,3743241.23,0
1,252083.13,678.0,0.0,230507.4,482590.53,0
1,494466.67,40008.0,0.0,2080367.18,2700464.5,0
1,312171.66,1826.0,0.0,0.0,312171.66,0
1,250213.85,0.0,0.0,1649988.73,1900202.58,0
1,105510.4,0.0,0.0,221139.0,326649.39,0
1,26852.41,163.0,0.0,43705.62,70558.03,0
1,359706.97,0.0,0.0,6299500.08,6563850.58,0
1,119284.21,1084.0,0.0,0.0,119284.21,0
0,1884588.37,0.0,0.0,6429972.62,8314560.99,0
0,2079788.94,29970.0,0.0,4448.65,2084237.59,0
1,175870.19,49904.78,0.0,450234.81,626105.0,0
1,57405.72,9083.0,0.0,45231.04,102636.76,0
1,270157.33,0.0,0.0,855193.71,1125351.04,0
1,180599.91,41499.0,0.0,872119.67,1052719.59,0
1,27817.54,11104.0,0.0,196513.02,224330.57,0
1,80660.15,1068.0,0.0,206099.0,286759.16,0
1,109329.96,10449.0,0.0,0.0,552912.3,0
1,389422.2,5048.85,0.0,2162120.17,2551542.37,0
0,343952.44,0.0,0.0,3225669.19,3569621.64,0
0,701843.53,0.0,0.0,16978022.66,23291392.16,0
1,185052.85,40069.0,0.0,256492.62,441545.47,0
1,193076.24,0.0,0.0,1322773.86,1515850.1,0
1,208054.9,0.0,0.0,492059.7,700114.6,0
1,390488.5,0.0,0.0,1078527.13,1469015.63,0
0,797833.76,0.0,0.0,1566321.86,2364155.63,0
1,333620.79,0.0,0.0,3961126.34,4294747.13,0
1,149674.45,10481.0,0.0,0.0,149674.45,0
0,730523.81,0.0,0.0,1532617.22,2263141.03,0
1,220270.84,0.0,0.0,3225749.22,3446020.07,0
1,241748.42,245811.6,4063.18,1419046.79,1660795.2,0
1,12897.37,47826.0,34928.63,2570647.07,2583544.44,0
1,218785.78,0.0,0.0,8476246.86,8695032.64,0
0,392810.46,89354.21,0.0,3655404.04,4048214.51,0
1,204930.79,5893.0,0.0,13066.83,217997.62,0
1,90015.38,1053.0,0.0,615451.54,705466.93,0
1,42958.9,237000.0,194041.1,0.0,42958.9,0
0,72311.84,0.0,0.0,91508.19,163820.03,0
1,451491.87,293772.0,0.0,0.0,452596.64,0
0,1560697.78,819.0,0.0,274266.74,1834964.52,0
1,402151.91,31478.0,0.0,1049452.74,1451604.64,0
1,508321.08,80999.33,0.0,2854162.92,3657905.27,0
1,361400.53,0.0,0.0,680073.0,1153916.91,0
1,311354.01,0.0,0.0,3539247.36,3850601.37,0
1,94424.93,25159.0,0.0,156447.0,0.0,0
0,806134.34,182139.0,0.0,84995.04,891129.38,0
0,2162674.04,0.0,0.0,6542215.02,8704889.06,0
1,208885.82,0.0,0.0,2272879.6,2481765.42,0
1,147328.0,31011.0,0.0,492170.1,639498.1,0
0,306155.82,0.0,0.0,1337878.78,1644034.6,0
0,43060.81,0.0,0.0,457382.69,500443.5,0
1,97247.05,32853.0,0.0,0.0,97247.05,0
1,33263.88,229136.0,195872.12,534945.65,568209.53,0
1,333856.42,0.0,0.0,632947.07,966803.49,0
1,629396.03,0.0,0.0,1585074.41,2214470.44,0
1,93577.49,0.0,0.0,139218.61,569300.9,0
1,496536.74,163471.0,0.0,19922.53,516459.27,0
1,1476248.65,1476248.65,0.0,212179.0,1688427.66,1
1,86864.75,20675.0,0.0,0.0,86864.75,0
1,294947.87,0.0,0.0,319346.16,614294.03,0
0,2462477.22,38478.24,0.0,3050134.08,6001425.27,0
1,184931.67,0.0,0.0,305676.95,490608.62,0
1,511852.23,0.0,0.0,772189.44,1284041.67,0
1,280957.32,51424.0,0.0,340066.54,621023.85,0
1,88138.71,0.0,0.0,158389.29,246528.0,0
1,60560.5,2120.0,0.0,68587.35,129147.85,0
1,60085.57,11120.0,0.0,117890.85,177976.43,0
1,143881.3,89137.0,0.0,0.0,143881.3,0
1,246882.39,181.0,0.0,0.0,246882.39,0
0,8719.11,158695.0,149975.89,9918403.36,9927122.47,0
1,216801.69,11748.0,0.0,391332.78,608134.47,0
0,877666.87,0.0,0.0,2686457.17,3564124.04,0
1,59812.77,0.0,0.0,1561157.0,1620969.77,0
0,211056.41,0.0,0.0,4387889.9,4598946.31,0
0,1179080.68,15434.0,0.0,34363.33,1213444.01,0
1,104554.58,0.0,0.0,170714.76,275269.34,0
0,224561.64,0.0,0.0,583738.52,808300.16,0
1,91385.77,83397.29,0.0,190924.59,282310.36,0
0,1619977.22,117402.0,0.0,442045.91,2062023.13,0
1,223479.13,479.0,0.0,1703213.98,1926693.11,0
1,70855.38,0.0,0.0,10759726.59,10830581.97,0
1,55732.3,55455.0,0.0,150210.28,205942.59,0
0,1172834.02,109650.0,0.0,0.0,1172834.02,0
1,15590.41,37668.0,22077.59,282625.82,298216.23,0
1,180481.18,82854.0,0.0,1827844.89,2008326.08,0
1,172218.14,18575.19,0.0,1563473.79,1735691.93,0
1,290048.04,392.0,0.0,13132.0,4921058.1,0
0,3274891.24,0.0,0.0,3795552.62,7070443.86,0
0,95789.98,1316.7,0.0,310361.49,406151.47,0
1,399041.09,0.0,0.0,872383.69,1271424.79,0
1,32079.72,0.0,0.0,2368938.07,2401017.79,0
0,260943.76,20455.0,0.0,226299.62,487243.38,0
1,313390.36,20647.0,0.0,936120.12,1249510.48,0
1,23078.81,99463.0,76384.19,297744.46,320823.28,0
1,37803.02,210139.09,172336.07,297492.95,335295.97,0
1,276526.68,308.0,0.0,24356.78,300883.46,0
1,154578.17,0.0,0.0,933135.38,1087713.56,0
0,21807.84,58864.38,37056.53,3823001.87,3844809.71,0
1,67582.1,0.0,0.0,818519.54,886101.63,0
0,216957.09,151.0,0.0,0.0,216957.09,0
1,193307.91,27729.0,0.0,205533.0,329352.45,0
1,82982.99,15485.0,0.0,9991648.87,10074631.86,0
1,249922.11,13948.0,0.0,50755.44,300677.55,0
0,1332523.0,0.0,0.0,4216241.82,5548764.82,0
1,343979.39,0.0,0.0,620743.91,964723.3,0
1,174755.2,259776.0,85020.8,1018870.23,1249597.61,0
1,575194.24,0.0,0.0,7076954.17,7652148.41,0
1,28949.27,0.0,0.0,725193.72,754142.99,0
1,254198.8,349066.0,94867.2,169499.08,423697.89,0
0,334928.53,0.0,0.0,4429023.54,4763952.08,0
1,45583.07,22367.0,0.0,10904710.3,10950293.37,0
0,423281.89,862560.0,439278.11,22731.63,446013.52,0
1,266106.01,0.0,0.0,444981.52,711087.53,0
0,81202.61,4152.15,0.0,148249.53,229452.15,0
1,188682.4,508292.42,319610.02,1195146.2,1383828.6,0
1,84298.79,0.0,0.0,178560.63,262859.42,0
1,44239.37,0.0,0.0,464586.32,508825.7,0
1,138340.25,0.0,0.0,1193456.18,1331796.43,0
1,25826.92,21422.0,0.0,34325.0,60151.92,0
1,203331.66,0.0,0.0,435946.03,639277.7,0
1,81635.47,6585.0,0.0,28502.53,341333.19,0
0,1383744.87,0.0,0.0,3311133.76,4694878.64,0
0,1159850.34,0.0,0.0,8328613.25,9488463.59,0
1,240827.97,0.0,0.0,570310.62,811138.59,0
0,1351369.13,0.0,0.0,1538496.78,2889865.91,0
1,174818.38,0.0,0.0,491398.08,666216.47,0
1,113593.29,0.0,0.0,1347703.8,1461297.09,0
1,25401.41,0.0,0.0,339999.07,365400.48,0
0,1519890.47,0.0,0.0,19549594.32,21069484.79,0
1,134686.55,0.0,0.0,3275188.48,3409875.04,0
1,324487.46,130958.0,0.0,130228.16,454715.61,0
1,370887.04,1400.0,0.0,9566352.18,9937239.22,0
1,395551.92,5000.0,0.0,0.0,395551.92,0
0,1088685.3,30394.0,0.0,0.0,1088685.3,0
1,73279.98,21164.0,0.0,33177.0,521752.64,0
1,18181.84,10621.0,0.0,74788.84,92970.67,0
0,433386.83,0.0,0.0,1761331.65,2241044.27,0
1,78136.92,22216.0,0.0,695927.97,774064.89,0
1,85298.26,203247.0,117948.74,38851.2,124149.45,0
1,88123.92,0.0,0.0,183718.82,271842.73,0
1,314916.59,17790.86,0.0,1346033.98,1660950.57,0
1,550412.45,0.0,0.0,2574190.52,3124602.97,0
1,343964.96,19816.0,0.0,381699.21,725664.18,0
0,346467.35,0.0,0.0,10842142.56,11188609.91,0
1,94832.09,12595.0,0.0,0.0,94832.09,0
0,334391.66,0.0,0.0,1862655.97,2197047.63,0
1,28203.19,22490.0,0.0,0.0,28203.19,0
1,210729.33,0.0,0.0,634342.56,845071.89,0
1,71782.05,33405.78,0.0,1666513.01,1738295.06,0
1,7032.56,0.0,0.0,2730962.42,2737994.98,0
1,5966.05,41864.0,35897.95,133610.68,139576.73,0
1,62825.54,10248.0,0.0,0.0,62825.54,0
1,468545.09,0.0,0.0,924233.27,1392778.36,0
1,128201.62,424.0,0.0,0.0,128201.62,0
1,97374.64,148.0,0.0,11547.68,108922.32,0
1,115611.23,0.0,0.0,180935.4,296546.64,0
1,54075.32,2003.0,0.0,888375.14,942450.46,0
0,51347.58,204960.0,153612.42,258157.74,309505.32,0
1,37061.42,0.0,0.0,254882.2,291943.62,0
1,416439.23,5261.0,0.0,0.0,416439.23,0
0,201360.83,34238.0,0.0,0.0,201360.83,0
0,2955149.3,946.0,0.0,424868.18,3380017.48,0
1,253609.32,0.0,0.0,616543.04,870152.36,0
1,299954.89,21533.0,0.0,0.0,299954.89,0
1,365373.5,0.0,0.0,433822.23,799195.73,0
1,107038.69,23306.0,0.0,0.0,107038.69,0
0,162561.36,0.0,0.0,4347715.39,4510276.74,0
0,110574.46,0.0,0.0,457535.07,568109.53,0
1,191667.9,0.0,0.0,311140.41,502808.3,0
1,226722.66,0.0,0.0,2978307.68,3205030.33,0
1,162653.19,254.0,0.0,2518347.94,2681001.13,0
1,116432.03,641.0,0.0,0.0,123147.22,0
1,121262.95,0.0,0.0,1404889.75,1526152.7,0
1,57911.54,0.0,0.0,993191.73,1051103.27,0
1,45687.86,0.0,0.0,278621.51,324309.37,0
1,21367.85,0.0,0.0,31199.93,52567.78,0
1,147205.12,835177.0,687971.88,0.0,147205.12,0
1,114630.8,10738.0,0.0,216502.79,458806.79,0
0,1860583.06,0.0,0.0,18597939.91,20458522.97,0
1,4058.36,61.0,0.0,0.0,4058.36,0
1,279151.39,0.0,0.0,1330835.12,1609986.51,0
1,36440.39,0.0,0.0,1297006.19,1333446.59,0
0,483395.76,0.0,0.0,3252473.54,3735869.31,0
1,55991.26,0.0,0.0,931598.22,987589.48,0
1,182068.9,31198.0,0.0,382264.52,564333.43,0
1,20476.29,2509.64,0.0,29870.0,0.0,0
0,463303.37,8038.0,0.0,0.0,463303.37,0
1,247266.55,0.0,0.0,1392362.42,1639628.96,0
0,347516.73,0.0,0.0,590618.54,938135.26,0
1,7.03,0.0,0.0,370256.11,370263.14,0
1,387703.54,58586.0,0.0,0.0,387703.54,0
1,275992.8,24951.0,0.0,6432148.79,6708141.58,0
1,273720.87,79728.0,0.0,419642.96,693363.83,0
0,893408.37,0.0,0.0,1331049.82,2224458.18,0
1,231062.04,19135.0,0.0,2873731.32,3104793.36,0
1,345372.47,0.0,0.0,453234.9,798607.37,0
1,280511.43,143502.0,0.0,78573.93,359085.36,0
1,163938.92,0.0,0.0,470994.37,634933.29,0
1,97973.26,0.0,0.0,914865.45,1012838.71,0
1,12735.81,30369.0,17633.19,409829.82,422565.64,0
1,442749.27,24760.0,0.0,0.0,442749.27,0
1,183138.2,0.0,0.0,967139.4,1150277.6,0
1,267439.83,0.0,0.0,351859.9,619299.73,0
1,213389.24,40959.0,0.0,0.0,213389.24,0
0,120582.86,120582.86,0.0,0.0,0.0,1
1,80433.69,21944.0,0.0,0.0,264432.74,0
1,89630.04,20561.0,0.0,0.0,89630.04,0
1,211251.91,260903.89,49651.98,1650980.65,1862232.56,0
1,229655.04,20893.0,0.0,564430.36,794085.4,0
1,568157.38,6014.0,0.0,6336.18,574493.56,0
1,226184.75,0.0,0.0,688432.38,646312.67,0
0,590628.85,0.0,0.0,610785.99,1201414.84,0
1,327606.13,99819.0,0.0,3474173.79,3801779.92,0
0,2499980.08,0.0,0.0,10294145.96,12794126.04,0
1,10625.66,0.0,0.0,270871.57,409104.92,0
1,79950.09,23275.0,0.0,0.0,79950.09,0
1,292720.39,0.0,0.0,897575.5,1190295.89,0
0,178072.74,0.0,0.0,3654625.43,3832698.18,0
0,325827.78,0.0,0.0,5927040.25,6252868.03,0
1,101845.57,0.0,0.0,258166.4,25808.35,0
1,7483.61,34520.0,27036.39,0.0,7483.61,0
1,171004.9,0.0,0.0,792671.67,953196.29,0
1,145351.64,0.0,0.0,444088.19,589439.83,0
1,133330.71,0.0,0.0,3196077.68,3329408.39,0
1,549335.25,9474.0,0.0,386026.02,846156.31,0
0,231592.51,31741.0,0.0,0.0,107388.65,0
1,323979.86,0.0,0.0,1548631.35,1872611.21,0
1,22656.51,5095.0,0.0,0.0,22656.51,0
1,245372.86,39908.0,0.0,0.0,245372.86,0
1,171174.16,0.0,0.0,6886555.61,7057729.77,0
1,174597.18,6990.0,0.0,0.0,174597.18,0
1,444883.51,0.0,0.0,12740225.79,13185109.3,0
1,412394.78,3021.0,0.0,134855.41,547250.19,0
1,221157.31,145499.0,0.0,615390.57,836547.88,0
0,521177.94,0.0,0.0,950729.65,1471907.59,0
0,974873.98,50990.0,0.0,0.0,974873.98,0
1,236413.02,0.0,0.0,1980040.43,2216453.45,0
1,30014.0,1233.0,0.0,707296.94,737310.93,0
1,57643.55,11869.0,0.0,7623503.12,7681146.67,0
1,210868.62,0.0,0.0,339390.84,550259.45,0
0,20308.53,463440.0,443131.47,0.0,20308.53,0
0,2400824.48,0.0,0.0,7111185.88,9512010.36,0
0,254175.31,86722.34,0.0,550335.52,804510.84,0
1,61446.12,45866.0,0.0,519614.42,581060.54,0
1,200204.59,0.0,0.0,2749353.27,2949557.86,0
1,34259.16,231782.47,197523.32,145941.6,180200.75,0
0,252485.99,93063.41,0.0,1920831.56,2173317.55,0
1,142957.72,0.0,0.0,6949535.41,7092493.13,0
0,777784.12,0.0,0.0,868858.81,1865809.49,0
1,22526.75,41404.0,18877.25,2124105.4,2146632.16,0
1,389085.66,6082.0,0.0,0.0,389085.66,0
1,87635.55,0.0,0.0,1191698.48,1279334.03,0
1,76581.86,107.0,0.0,2331428.83,2408010.69,0
1,226757.34,156871.0,0.0,11271.0,238028.34,0
0,564131.0,0.0,0.0,587308.87,1151439.88,0
0,1344150.6,0.0,0.0,1996284.86,3340435.46,0
1,137480.63,255843.0,118362.37,103084.58,240565.2,0
1,113270.04,3026.0,0.0,0.0,113270.04,0
1,269176.42,0.0,0.0,1774594.4,2043770.83,0
1,290370.34,159962.0,0.0,1277175.33,1567545.67,0
1,393497.12,0.0,0.0,458969.08,852466.2,0
0,288186.18,0.0,0.0,1833994.69,2122180.87,0
1,240226.5,0.0,0.0,2858970.57,3099197.07,0
1,225006.93,0.0,0.0,2004626.26,1986399.21,0
1,53504.73,841.0,0.0,76754.3,130259.03,0
1,18845.5,13344.0,0.0,0.0,18845.5,0
1,192637.42,3997.0,0.0,121623.16,314260.58,0
1,162643.94,0.0,0.0,422814.44,585458.38,0
1,210777.34,16038.0,0.0,0.0,338149.87,0
0,428729.0,0.0,0.0,979414.31,1408143.3,0
1,52769.85,0.0,0.0,920216.9,972986.75,0
1,163288.17,0.0,0.0,314236.72,1844341.81,0
0,520114.79,0.0,0.0,4164616.26,4684731.05,0
1,205572.1,0.0,0.0,2319481.34,2525053.45,0
1,136773.13,11612.0,0.0,5547783.61,5684556.74,0
1,203899.17,115603.0,0.0,0.0,203899.17,0
1,112888.04,1944.0,0.0,690933.1,803821.14,0
0,1610014.65,396396.0,0.0,6904751.05,8514765.71,0
1,63558.13,24468.0,0.0,1290601.49,1354159.62,0
1,157429.2,3469.0,0.0,2802202.88,2959632.08,0
1,177729.7,168990.91,0.0,704946.91,968375.18,0
1,143302.04,25806.0,0.0,142542.79,285844.83,0
0,677822.87,166507.0,0.0,6954947.43,7632770.3,0
0,2241703.56,996495.0,0.0,2418919.66,4660623.22,0
0,1354775.17,0.0,0.0,1597926.41,2952701.58,0
1,153513.79,21448.0,0.0,0.0,153513.79,0
1,164695.71,0.0,0.0,587733.45,752429.16,0
1,190336.7,0.0,0.0,826052.0,1016388.71,0
1,15279.16,152551.82,137272.66,527679.43,542958.59,0
0,1545856.25,108331.0,0.0,468407.47,2014263.72,0
0,973165.85,80987.0,0.0,159762.98,1132928.83,0
1,283180.19,202637.0,0.0,0.0,283180.19,0
0,431062.97,134391.05,0.0,5254682.74,5685745.7,0
1,53229.37,0.0,0.0,535760.37,588989.74,0
1,119441.75,1965.0,0.0,136384.82,255826.57,0
1,16689.6,0.0,0.0,166276.06,182965.66,0
1,267406.0,44142.0,0.0,202343.65,469749.65,0
0,2470358.23,0.0,0.0,4612012.9,7082371.13,0
1,187930.33,0.0,0.0,235438.31,423368.64,0
1,351876.37,0.0,0.0,1543534.07,2022357.57,0
1,44731.91,7726.0,0.0,55951.51,100683.42,0
0,13409.16,0.0,0.0,50857.14,64266.3,0
1,363649.07,0.0,0.0,3766298.91,4129947.98,0
1,87003.07,0.0,0.0,7558306.75,7645309.82,0
0,935790.41,935790.41,0.0,0.0,0.0,1
1,423999.51,257767.0,0.0,7589422.55,8013422.07,0
1,32254.62,90495.0,58240.38,422015.28,454269.9,0
0,1572628.5,51157.0,0.0,16698.34,1589326.84,0
1,227291.88,187776.0,0.0,4933.42,232225.3,0
0,1537157.6,0.0,0.0,3355136.2,4892293.8,0
1,200174.22,0.0,0.0,1873674.81,2073849.03,0
1,504640.15,0.0,0.0,6752237.98,7256878.13,0
1,254772.02,0.0,0.0,714015.09,968787.11,0
0,725141.9,0.0,0.0,842731.55,1567873.45,0
0,255889.29,0.0,0.0,955909.37,1211798.66,0
1,525110.11,0.0,0.0,2572324.84,3097434.95,0
1,133985.32,0.0,0.0,1607331.78,1741317.1,0
1,289085.0,0.0,0.0,23895534.12,24345585.72,0
1,292815.93,715.0,0.0,533140.9,825956.83,0
1,37991.21,51260.0,13268.79,0.0,37991.21,0
0,229044.56,0.0,0.0,504582.86,733627.42,0
0,43596.75,178208.22,134611.46,4166942.57,4210539.33,0
1,157699.07,0.0,0.0,7585919.54,7743618.61,0
1,185954.19,135099.68,0.0,391288.29,577242.48,0
1,190689.07,0.0,0.0,1663838.88,1854527.94,0
1,201306.73,3667.0,0.0,7178839.56,7380146.28,0
1,104707.01,0.0,0.0,3348706.09,3453413.09,0
1,13045.06,0.0,0.0,247626.67,260671.73,0
1,519978.26,133138.8,0.0,1153868.23,1673846.49,0
1,223875.53,0.0,0.0,248118.05,471993.58,0
1,159433.13,0.0,0.0,245381.34,404814.46,0
1,71774.39,0.0,0.0,3139388.09,3211162.48,0
1,248250.64,0.0,0.0,809143.86,1057394.5,0
0,620844.47,0.0,0.0,2090570.54,2711415.02,0
1,237864.74,575731.0,337866.26,1397945.07,1635809.81,0
1,414186.41,0.0,0.0,704228.88,1118415.29,0
1,187083.56,0.0,0.0,1021557.33,922240.21,0
1,34738.04,1167.0,0.0,20037.19,54775.23,0
0,687267.51,0.0,0.0,2384330.93,3071598.45,0
1,30605.15,0.0,0.0,35129.43,65734.58,0
0,711678.66,0.0,0.0,9467241.83,10178920.49,0
1,282671.93,32351.0,0.0,270155.32,552827.25,0
1,84375.82,7059.0,0.0,370713.2,455089.02,0
1,152287.62,64290.0,0.0,184624.19,336911.81,0
1,319846.36,13080.0,0.0,81954.0,401800.36,0
0,2731591.46,0.0,0.0,47996480.08,50728071.54,0
1,74567.1,0.0,0.0,7686283.16,7760850.27,0
0,121.46,23465.0,23343.54,93360.28,93481.74,0
1,125696.81,0.0,0.0,197984.36,612931.02,0
1,180650.99,15049.0,0.0,1479481.2,1660132.19,0
0,614351.85,1848.56,0.0,1355630.93,1969982.78,0
1,277304.35,0.0,0.0,5177249.48,5454553.83,0
0,147803.52,0.0,0.0,150044.84,297848.36,0
1,163521.29,17012.0,0.0,0.0,163521.29,0
1,232420.95,0.0,0.0,421929.14,654350.09,0
1,102469.57,0.0,0.0,328575.23,431044.8,0
1,44997.6,22908.0,0.0,0.0,44997.6,0
1,237513.11,0.0,0.0,734504.47,972017.58,0
1,156812.49,0.0,0.0,264441.84,911722.71,0
1,113965.02,0.0,0.0,6458451.54,6572416.56,0
1,269058.0,0.0,0.0,452469.55,721527.55,0
1,13317.03,5722.0,0.0,68028.53,81345.57,0
1,27307.15,14968.0,0.0,0.0,60154.94,0
1,398361.75,0.0,0.0,1931260.66,2329622.41,0
1,36683.74,52019.0,15335.26,2337905.34,2374589.08,0
1,30677.74,20779.0,0.0,22764.69,53442.44,0
1,1200702.71,1200702.71,0.0,370244.35,1570947.06,1
1,99405.98,2068.0,0.0,1558085.74,1657491.71,0
1,6302.66,0.0,0.0,9204772.34,9211075.0,0
1,63977.14,20009.0,0.0,9128229.09,9192206.23,0
1,256129.59,786.0,0.0,3016755.56,3272885.15,0
1,165781.86,244884.0,79102.14,3560416.27,3726198.13,0
1,119269.97,10279.0,0.0,1561506.8,1680776.77,0
1,262734.96,0.0,0.0,1811327.28,2074062.25,0
0,658532.35,0.0,0.0,9068385.08,9726917.43,0
1,196527.56,0.0,0.0,846564.9,1043092.46,0
0,9191.04,0.0,0.0,2206651.5,2215842.54,0
1,109497.16,10814.0,0.0,2498964.78,2608461.94,0
1,91281.45,0.0,0.0,21203809.55,21293707.27,0
0,944952.46,51822.2,0.0,10259779.2,11204731.67,0
1,168457.01,0.0,0.0,639593.2,808050.22,0
1,199243.83,0.0,0.0,2397987.06,2597230.89,0
1,595729.84,0.0,0.0,4722144.88,5781388.58,0
1,87169.09,41799.0,0.0,0.0,87169.09,0
0,775736.63,0.0,0.0,2294441.35,3070177.98,0
0,1907805.43,146.0,0.0,373003.26,2280808.68,0
1,315983.12,0.0,0.0,1673366.46,1989349.58,0
0,2625719.55,21001.0,0.0,125458.79,2751178.35,0
1,175817.58,382891.0,207073.42,458406.64,634224.21,0
1,124334.17,419868.0,295533.83,31662.3,155996.47,0
1,200069.83,0.0,0.0,307590.14,507659.97,0
1,552404.91,415.0,0.0,10340.0,484884.33,0
1,165197.07,0.0,0.0,277910.77,443107.84,0
1,437991.9,2669.0,0.0,6517.0,1050570.75,0
1,112107.38,60485.0,0.0,45113.94,157221.32,0
0,340791.46,0.0,0.0,736466.38,1077257.85,0
1,60729.56,0.0,0.0,444264.93,504994.49,0
1,138220.07,0.0,0.0,1980625.57,2118845.64,0
1,297315.06,0.0,0.0,2761405.42,3058720.48,0
1,140344.79,0.0,0.0,308627.67,448972.46,0
1,210456.79,0.0,0.0,936864.71,1147321.5,0
1,119158.96,0.0,0.0,729465.69,848624.65,0
1,191603.41,0.0,0.0,12350412.53,12542015.94,0
1,245775.86,13656.0,0.0,0.0,245775.86,0
1,138074.01,67266.0,0.0,2351110.93,2489184.94,0
1,35923.95,0.0,0.0,1759360.4,1795284.35,0
1,142592.34,0.0,0.0,958548.88,1101141.21,0
0,3145323.3,0.0,0.0,4483211.57,7628534.88,0
0,500185.88,12839.0,0.0,289695.49,789881.36,0
0,1096713.42,0.0,0.0,2656529.38,3753242.8,0
1,115635.63,5176.0,0.0,678815.29,794450.92,0
1,379394.31,949.0,0.0,0.0,159004.08,0
0,776931.61,0.0,0.0,1870377.72,2647309.33,0
1,446271.17,0.0,0.0,1865926.39,2312197.56,0
1,137510.29,29273.0,0.0,339892.03,477402.32,0
0,1091217.79,12217.0,0.0,199383.83,914843.06,0
0,113679.78,0.0,0.0,1782433.62,1896113.41,0
1,83920.21,54282.0,0.0,1783152.8,1867073.01,0
1,357001.45,31806.0,0.0,13635.75,370637.2,0
0,699424.81,0.0,0.0,4575545.87,5274970.68,0
1,65271.98,0.0,0.0,910945.65,976217.63,0
0,149639.66,14433.0,0.0,1490912.25,1640551.91,0
1,7886.32,0.0,0.0,116257.99,124144.32,0
1,113147.84,0.0,0.0,296846.6,409994.43,0
1,99924.86,0.0,0.0,1779753.73,1879678.59,0
0,1017807.54,107299.0,0.0,0.0,1017807.54,0
1,187954.57,186.0,0.0,1020293.83,1208248.4,0
0,553655.35,0.0,0.0,1891060.08,2197187.32,0
1,251304.1,627985.27,376681.16,286568.18,537872.29,0
1,451770.05,0.0,0.0,3912185.34,4363955.39,0
0,184736.67,0.0,0.0,1732272.72,1917009.4,0
0,347327.2,25117.0,0.0,491246.83,838574.03,0
1,298542.26,5587.0,0.0,19766.49,318308.75,0
1,275239.79,494.0,0.0,0.0,275239.79,0
1,72597.01,0.0,0.0,453890.41,526487.42,0
1,274999.34,42879.0,0.0,150919.53,425918.87,0
1,126452.8,0.0,0.0,2722452.88,2848905.68,0
1,2411.57,136.0,0.0,2948519.85,2950931.41,0
1,40445.78,2086.0,0.0,0.0,40445.78,0
1,51775.21,11591.0,0.0,0.0,51775.21,0
1,118210.85,30583.0,0.0,5916132.84,6034343.7,0
1,556689.74,0.0,0.0,1497705.59,2054395.33,0
1,530354.58,530354.58,0.0,4728783.51,5259138.09,1
1,109448.51,0.0,0.0,400222.1,509670.62,0
1,2233.39,0.0,0.0,924011.15,926244.54,0
1,106665.86,3250.0,0.0,675440.65,782106.52,0
0,2205959.34,47440.0,0.0,29739.15,2235698.49,0
1,76992.62,0.0,0.0,2368002.1,2444994.71,0
1,170267.68,124.0,0.0,3500972.48,3671240.15,0
1,95406.01,0.0,0.0,133021.07,228427.08,0
1,355861.72,3781.0,0.0,881578.12,1237439.84,0
1,163623.26,164109.0,485.74,1082055.52,1245678.77,0
1,420721.91,0.0,0.0,6747412.11,7168134.02,0
1,236126.46,0.0,0.0,416269.63,652396.08,0
1,209437.4,11264.0,0.0,10737048.61,10946486.01,0
1,119019.09,16348.0,0.0,746578.84,865597.93,0
1,102869.68,150466.0,47596.32,546881.02,649750.71,0
1,129972.25,0.0,0.0,423345.07,553317.32,0
1,326385.39,12647.0,0.0,836982.8,1163368.19,0
1,73680.45,113899.0,40218.55,193349.8,267030.24,0
1,127247.73,171.0,0.0,0.0,127247.73,0
1,401758.33,166774.0,0.0,79213.23,567818.83,0
1,56522.49,0.0,0.0,4261305.62,4317828.11,0
1,199633.66,0.0,0.0,789462.96,989096.63,0
1,217761.19,0.0,0.0,235435.82,453197.01,0
1,375666.67,21149.0,0.0,1236741.16,1612407.84,0
1,10428.29,40609.0,30180.71,0.0,10428.29,0
0,249574.58,0.0,0.0,1058325.2,1538212.66,0
1,152436.39,0.0,0.0,1042829.06,1195265.45,0
1,169605.12,82825.0,0.0,0.0,169605.12,0
1,165518.16,0.0,0.0,193858.24,466862.39,0
0,358135.5,37132.47,0.0,655991.28,1014126.78,0
0,789617.41,130590.0,0.0,0.0,789617.41,0
1,44273.69,9796.0,0.0,307602.68,351876.36,0
1,158543.87,72334.0,0.0,0.0,158543.87,0
1,46921.69,21700.0,0.0,7026328.56,7073250.24,0
1,302163.91,0.0,0.0,1522398.66,1824562.57,0
0,1449603.03,3031.0,0.0,1056226.39,2505829.42,0
0,507663.38,0.0,0.0,1589902.56,2097565.94,0
0,44036.56,0.0,0.0,152158.74,196195.3,0
0,273779.72,5500.0,0.0,893703.96,1167483.68,0
1,108461.93,57590.0,0.0,215625.56,324087.49,0
1,16242.78,839.0,0.0,2760206.52,2776449.3,0
1,58045.91,217370.75,159324.84,453177.06,511222.97,0
0,261741.88,0.0,0.0,481451.74,743193.62,0
0,328163.23,152427.0,0.0,428116.36,756279.59,0
1,5903.34,0.0,0.0,58894.94,64798.28,0
1,181000.51,1224618.45,1043617.94,199274.94,0.0,0
0,543041.76,11351.0,0.0,3750.53,546792.29,0
1,32960.55,1025.0,0.0,0.0,32960.55,0
0,208196.31,49657.0,0.0,0.0,208196.31,0
1,99015.12,19989.0,0.0,5130863.35,5229878.48,0
1,51486.15,70991.0,19504.85,4219.64,55705.79,0
1,45821.26,0.0,0.0,83677.9,129499.16,0
1,171945.18,24823.0,0.0,297521.84,469467.02,0
0,649622.99,0.0,0.0,1490927.83,2140550.81,0
1,39906.45,0.0,0.0,76093.12,115999.57,0
1,260214.67,0.0,0.0,2294131.8,2554346.47,0
1,306113.25,0.0,0.0,5389164.46,5695277.71,0
1,155609.31,40034.0,0.0,112259.07,267868.37,0
1,205898.09,22686.0,0.0,532319.21,738217.31,0
1,131249.19,0.0,0.0,134486.27,265735.46,0
0,687418.87,37578.0,0.0,0.0,196438.14,0
0,124798.29,0.0,0.0,327767.83,452566.12,0
0,163696.25,0.0,0.0,961564.97,1125261.21,0
1,173579.07,0.0,0.0,234789.1,475747.74,0
1,236007.72,0.0,0.0,8794223.05,9458581.11,0
1,66152.13,0.0,0.0,263563.04,329715.17,0
1,278779.55,129638.01,0.0,669451.25,948230.8,0
1,11532.22,2463.0,0.0,5035.09,16567.3,0
1,85794.36,0.0,0.0,96122.43,181916.79,0
1,6730.57,0.0,0.0,353723.74,360454.3,0
1,605293.11,0.0,0.0,13499762.01,14105055.12,0
1,9733.37,10517.0,783.63,0.0,9733.37,0
0,138416.79,11674.0,0.0,134545.37,272962.16,0
0,189595.18,2534.0,0.0,420783.98,610379.16,0
0,417562.71,0.0,0.0,2608650.11,3026212.81,0
1,95233.2,49486.0,0.0,0.0,95233.2,0
0,405201.92,0.0,0.0,425427.29,830629.21,0
1,155984.01,0.0,0.0,365735.34,521719.35,0
1,52261.13,49787.0,0.0,1140907.0,1193168.12,0
1,92769.69,234604.0,141834.31,57902.3,150671.99,0
1,67711.19,0.0,0.0,11027345.74,11095056.93,0
1,59996.84,0.0,0.0,155107.09,215103.93,0
1,329787.97,464976.64,135188.67,404300.64,734088.62,0
1,71969.7,24817.0,0.0,61413.95,133383.66,0
1,52290.6,75881.01,23590.41,2994522.02,3046812.62,0
1,323732.94,20169.0,0.0,589652.91,913385.86,0
1,147093.04,32707.0,0.0,364067.32,511160.37,0
1,494167.42,0.0,0.0,4267665.8,4761833.22,0
0,315050.68,0.0,0.0,1135689.6,1450740.28,0
1,351727.73,0.0,0.0,681309.68,1033037.41,0
0,195788.62,9564.88,0.0,1381417.92,1577206.54,0
1,112760.08,178.0,0.0,2079205.43,2191965.5,0
1,224822.77,40123.65,0.0,309327.5,323374.58,0
1,386115.17,0.0,0.0,1237783.25,1623898.42,0
1,196683.48,21036.0,0.0,196603.29,393286.77,0
1,202828.36,39132.0,0.0,275873.82,478702.19,0
1,19261.09,248756.0,229494.91,108377.78,127638.87,0
1,40435.01,8017.0,0.0,956225.27,996660.28,0
1,92870.97,0.0,0.0,93474.94,186345.91,0
1,35532.86,0.0,0.0,88499.51,124032.37,0
1,604355.3,282497.0,0.0,0.0,604355.3,0
1,478592.4,0.0,0.0,1218636.82,6214174.81,0
1,258366.76,266.0,0.0,2914858.9,3173225.67,0
1,240247.91,27033.0,0.0,26449.39,266697.3,0
1,71638.16,0.0,0.0,5135918.26,5314480.39,0
1,202142.21,64735.0,0.0,155348.57,357490.77,0
1,272414.93,33242.99,0.0,1058286.8,1330701.73,0
1,99248.02,0.0,0.0,267701.2,366949.22,0
1,341175.86,80558.0,0.0,0.0,341175.86,0
1,123205.68,199349.0,76143.32,33443.24,156648.92,0
1,300733.44,174835.0,0.0,322596.51,623329.95,0
1,85167.18,49786.0,0.0,355939.13,441106.31,0
1,79964.46,0.0,0.0,11967390.02,12047354.48,0
1,105754.31,3053.48,0.0,238682.95,344437.26,0
1,43961.16,59104.0,15142.84,0.0,43961.16,0
1,186502.04,0.0,0.0,413359.99,599862.03,0
0,395894.78,0.0,0.0,1729184.37,2125079.15,0
1,29854.34,0.0,0.0,259033.56,288887.9,0
1,365665.64,0.0,0.0,2883034.26,3248699.9,0
1,184840.09,0.0,0.0,283363.48,468203.57,0
1,144530.87,0.0,0.0,912056.8,1056587.67,0
1,76372.0,20769.0,0.0,0.0,76372.0,0
0,261919.5,90348.0,0.0,0.0,261919.5,0
0,69327.82,195833.0,126505.18,908388.52,977716.35,0
1,106413.39,258.0,0.0,0.0,106413.39,0
1,107683.47,0.0,0.0,437225.86,544909.33,0
1,304462.21,149213.0,0.0,0.0,304462.21,0
1,176204.25,42077.0,0.0,0.0,176204.25,0
1,131999.09,0.0,0.0,3279480.08,3411479.18,0
1,467246.64,700.0,0.0,342368.87,809615.51,0
1,27060.83,0.0,0.0,186034.71,213095.54,0
1,433.17,69135.02,68701.85,379405.62,379838.79,0
0,575086.35,816.0,0.0,2499724.14,3074810.49,0
0,1014979.75,90273.0,0.0,108873.82,1123853.57,0
0,7515.54,1012.0,0.0,940835.1,948350.63,0
1,176839.75,0.0,0.0,1507625.5,1684465.25,0
1,836554.83,309394.0,0.0,1211451.8,2048006.63,0
0,1501939.72,0.0,0.0,4246852.36,5748792.08,0
1,401874.64,260.0,0.0,0.0,401874.64,0
1,30916.04,20432.0,0.0,86014.0,0.0,0
0,1077791.39,61092.0,0.0,1745750.19,2823541.58,0
1,150843.69,0.0,0.0,1852315.89,2003159.58,0
1,93041.03,0.0,0.0,1086433.34,1136874.61,0
1,156492.34,0.0,0.0,17029330.48,17185822.83,0
1,40641.26,0.0,0.0,216946.72,257587.98,0
1,310807.42,31260.0,0.0,0.0,310807.42,0
1,208927.41,0.0,0.0,598055.16,806982.57,0
0,344434.31,0.0,0.0,1442253.06,1786687.38,0
1,179665.71,11113.0,0.0,387339.36,323085.5,0
1,275904.84,5195.0,0.0,390185.97,435894.3,0
1,190683.28,0.0,0.0,351111.79,0.0,0
1,51491.83,0.0,0.0,129643.19,181135.03,0
1,36876.44,11399.0,0.0,106507.09,143383.53,0
1,459167.96,0.0,0.0,1015734.49,1474902.45,0
1,218387.33,55845.0,0.0,173801.9,392189.23,0
0,881382.02,24848.0,0.0,0.0,1023042.15,0
1,578557.96,200668.0,0.0,0.0,578557.96,0
1,447846.69,31295.0,0.0,0.0,447846.69,0
0,291647.02,635879.0,344231.98,184567.09,476214.11,0
1,202860.81,0.0,0.0,1381180.4,1584041.21,0
1,304876.76,20292.05,0.0,7020065.42,7862249.78,0
1,68183.61,0.0,0.0,1058296.45,1126480.06,0
1,118850.05,0.0,0.0,392668.08,1666040.64,0
0,149725.91,0.0,0.0,165151.16,314877.07,0
0,452938.56,0.0,0.0,1242432.19,1695370.75,0
1,66566.58,0.0,0.0,627512.75,694079.33,0
1,287775.57,0.0,0.0,7080681.62,7368457.2,0
1,334184.49,19865.0,0.0,707330.19,1383439.39,0
0,499572.63,3217.0,0.0,1300869.04,1800441.67,0
1,39202.72,22436.0,0.0,0.0,39202.72,0
1,46053.85,0.0,0.0,86307.76,132361.6,0
0,304075.37,0.0,0.0,416620.8,720696.17,0
0,581819.76,0.0,0.0,4493477.04,5075296.8,0
1,321244.4,6232.0,0.0,997053.14,1318297.55,0
1,118488.04,207266.0,88777.96,961035.43,1079523.47,0
1,222914.97,162288.68,0.0,45662.02,268576.99,0
1,125132.69,0.0,0.0,8224626.0,8349758.68,0
1,151101.1,10954.0,0.0,0.0,151101.1,0
1,173095.72,0.0,0.0,510384.9,683480.62,0
1,425882.5,98480.0,0.0,389163.08,815045.58,0
1,8887.28,52121.0,43233.72,537581.45,546468.74,0
1,473508.88,1027.0,0.0,1362680.29,1836189.17,0
1,177337.21,39876.0,0.0,6675.67,184012.88,0
0,80037.87,10165.0,0.0,170106.19,250144.06,0
1,120646.59,15150.79,0.0,510023.7,630670.29,0
1,103885.18,0.0,0.0,12693117.64,12797002.81,0
0,193710.62,14881.0,0.0,0.0,193710.62,0
1,245416.16,189928.88,0.0,123368.34,368784.51,0
0,516373.32,0.0,0.0,1056946.38,1573319.7,0
1,94695.34,0.0,0.0,740024.19,834719.54,0
1,417402.62,5733.0,0.0,38452.42,641819.88,0
1,204064.02,0.0,0.0,1128855.0,1332919.02,0
1,121773.9,0.0,0.0,5303505.8,5425279.7,0
1,197022.39,0.0,0.0,4510272.38,4707294.76,0
1,144106.66,24642.0,0.0,1183557.69,1327664.35,0
1,106003.99,0.0,0.0,410563.16,864568.79,0
1,72089.29,0.0,0.0,2426046.51,2498135.8,0
1,25691.66,0.0,0.0,1772383.54,1798075.2,0
1,72593.93,219.0,0.0,0.0,72593.93,0
0,1623240.76,10829.0,0.0,0.0,1623240.76,0
1,360978.47,34924.0,0.0,13809.9,374788.37,0
1,315913.79,51778.0,0.0,508738.83,1233410.04,0
1,226481.77,224771.0,0.0,2363990.81,2590472.58,0
1,238929.48,0.0,0.0,655722.64,894652.11,0
0,2003424.07,4867.0,0.0,4286348.17,6289772.24,0
1,46635.74,0.0,0.0,2382371.1,2429006.84,0
1,236299.12,45570.0,0.0,3118538.78,3354837.9,0
1,223768.69,0.0,0.0,945134.16,1219713.04,0
1,209866.22,0.0,0.0,1504811.91,1714678.13,0
1,96083.9,291057.0,194973.1,90788.5,186872.4,0
1,136481.92,0.0,0.0,540588.59,677070.5,0
1,594118.88,0.0,0.0,1494858.45,2088977.33,0
1,389535.56,0.0,0.0,135760405.15,136149940.7,0
0,43283.73,9060.0,0.0,82150.95,125434.68,0
0,537793.96,63401.25,0.0,1230116.15,1767910.11,0
1,120054.96,970.0,0.0,9295306.96,9415361.92,0
1,52683.51,504.0,0.0,743574.91,796258.42,0
1,87696.85,0.0,0.0,430739.01,518435.86,0
1,154083.52,20570.0,0.0,924708.76,1078792.28,0
1,141521.08,287541.0,146019.92,0.0,141521.08,0
0,88552.87,0.0,0.0,947099.51,1035652.38,0
0,150564.42,0.0,0.0,695763.09,846327.51,0
0,1641722.96,174246.0,0.0,0.0,1641722.96,0
0,2040656.15,0.0,0.0,2947829.3,4988485.45,0
1,443155.06,149043.0,0.0,0.0,443155.06,0
1,184562.11,146.0,0.0,161156.69,345718.8,0
1,80925.63,0.0,0.0,8858649.42,8939575.04,0
1,274599.95,90189.0,0.0,0.0,210129.09,0
0,370019.15,0.0,0.0,474443.49,844462.64,0
0,173820.55,206506.0,32685.45,0.0,173820.55,0
1,131329.02,25713.0,0.0,498856.78,630185.8,0
1,106560.45,115707.0,9146.55,0.0,106560.45,0
1,263183.88,0.0,0.0,3950634.61,4213818.5,0
1,299750.92,0.0,0.0,314053.96,897811.27,0
1,32372.41,0.0,0.0,748414.43,780786.84,0
1,278525.96,38367.0,0.0,1016385.54,1294911.5,0
1,385713.15,10341.0,0.0,864755.28,947400.05,0
1,260133.65,0.0,0.0,662978.21,923111.86,0
0,430559.67,0.0,0.0,7042216.59,7472776.26,0
1,4212.68,0.0,0.0,540019.81,544232.49,0
1,147400.8,12333.0,0.0,210297.53,357698.34,0
1,69641.86,0.0,0.0,106673.0,176314.86,0
1,50467.29,116.0,0.0,0.0,50467.29,0
1,4240.68,0.0,0.0,15934411.47,15938652.15,0
1,439266.87,10222.0,0.0,0.0,439266.87,0
0,717829.63,0.0,0.0,1247258.2,1965087.83,0
1,64292.8,7134.0,0.0,126050.13,190342.93,0
1,125339.6,78.0,0.0,1493476.6,1618816.2,0
0,348843.39,0.0,0.0,1716116.31,2064959.69,0
1,9903.76,0.0,0.0,261773.64,271677.4,0
1,156879.14,0.0,0.0,571507.98,728387.12,0
1,236357.39,468.0,0.0,18228241.64,18464599.03,0
0,8648827.28,45828.0,0.0,0.0,8648827.28,0
1,62748.19,0.0,0.0,413559.07,476307.26,0
1,110832.97,57232.97,0.0,515120.72,625953.68,0
0,434554.79,0.0,0.0,1115442.99,1549997.78,0
1,96022.42,29802.0,0.0,78710.57,174732.99,0
0,1430812.72,10423.0,0.0,12555867.06,13986679.78,0
0,410551.99,0.0,0.0,586030.72,996582.72,0
1,162084.1,0.0,0.0,1299593.09,1461677.19,0
1,426629.22,0.0,0.0,1065758.82,1492388.04,0
1,173384.21,0.0,0.0,4122730.22,4296114.43,0
1,67443.34,4170.0,0.0,3002237.43,3069680.77,0
1,469515.97,0.0,0.0,3341082.33,3810598.31,0
1,153082.36,0.0,0.0,1397280.45,1550362.81,0
0,712925.0,0.0,0.0,984261.82,1697186.83,0
1,246060.66,191056.0,0.0,2394020.57,2640081.24,0
1,77163.99,0.0,0.0,1455141.73,1532305.72,0
1,294606.77,0.0,0.0,7038466.0,7333072.77,0
1,288438.55,0.0,0.0,496522.47,784961.02,0
0,349826.04,0.0,0.0,415988.16,765814.2,0
0,2640986.06,94099.78,0.0,15173859.31,17814845.37,0
1,158949.96,19567.0,0.0,260293.42,419243.39,0
1,284528.29,0.0,0.0,323553.59,608081.88,0
1,116356.04,16610.0,0.0,3754466.04,3870822.08,0
1,70030.09,0.0,0.0,4301500.86,4371530.96,0
1,17556.86,75714.0,58157.14,2870.39,20427.25,0
1,273968.23,0.0,0.0,3735771.0,4009739.23,0
1,300229.64,0.0,0.0,536752.9,836982.54,0
0,889082.61,0.0,0.0,1574178.03,2463260.64,0
0,481297.96,8040.0,0.0,0.0,338570.64,0
0,275415.79,0.0,0.0,351317.75,626733.55,0
1,445980.12,201771.0,0.0,236923.03,682903.14,0
1,249868.62,70151.0,0.0,5092555.62,5342424.25,0
1,92791.8,0.0,0.0,1040879.38,1133671.18,0
1,349461.88,32361.0,0.0,0.0,349461.88,0
1,76874.41,10716.89,0.0,125967.24,202841.66,0
1,424795.36,21320.0,0.0,0.0,424795.36,0
1,46026.5,53054.0,7027.5,114858.29,160884.79,0
1,151891.34,0.0,0.0,2600787.68,2752679.02,0
1,373933.79,0.0,0.0,1023152.43,1397086.21,0
1,416696.95,9958.0,0.0,910725.24,1327422.19,0
1,73281.77,0.0,0.0,169519.1,242800.87,0
1,155305.96,20371.0,0.0,15449.11,170755.07,0
1,124850.93,24211.0,0.0,0.0,124850.93,0
0,2208942.63,0.0,0.0,2946800.05,5313922.9,0
1,46883.81,0.0,0.0,1916775.66,1963659.48,0
1,60840.21,21949.59,0.0,79732.43,140572.64,0
1,69904.73,105346.0,35441.27,16260.0,86164.73,0
1,87993.25,42073.0,0.0,508663.74,596656.98,0
0,1822600.39,450674.0,0.0,2393240.33,4215840.72,0
0,2574390.63,69186.67,0.0,3123535.37,5697926.01,0
1,32231.46,0.0,0.0,309779.78,342011.24,0
1,89254.44,0.0,0.0,3658533.96,3747788.4,0
1,17484.73,0.0,0.0,515408.65,351368.06,0
1,123274.02,0.0,0.0,460805.43,584079.46,0
0,1148669.38,0.0,0.0,4760812.41,5909481.78,0
1,236059.41,0.0,0.0,389125.06,588942.86,0
0,52099.62,0.0,0.0,3075706.34,3127805.95,0
1,301094.97,293412.85,0.0,845074.9,690114.09,0
1,108346.63,82067.23,0.0,1419745.18,1528091.81,0
1,40908.75,836.0,0.0,749369.67,790278.42,0
1,92366.55,0.0,0.0,1955219.88,2047586.43,0
1,171289.65,0.0,0.0,320376.71,491666.36,0
1,397437.23,21515.0,0.0,0.0,397437.23,0
1,614534.98,0.0,0.0,999414.48,1613949.46,0
1,377965.62,75291.0,0.0,248976.62,626942.25,0
0,2521289.87,4315.0,0.0,1513350.83,4034640.69,0
0,390359.63,0.0,0.0,1565729.74,1956089.38,0
1,42065.12,0.0,0.0,529854.02,571919.15,0
0,351411.25,23013.0,0.0,95652.02,447063.27,0
1,32904.93,0.0,0.0,50550.12,83455.05,0
1,237600.45,3124.21,0.0,6677752.93,6915353.38,0
1,219114.06,0.0,0.0,1440872.72,1659986.78,0
1,123995.48,54012.0,0.0,260676.26,384671.74,0
1,37101.17,36531.0,0.0,0.0,37101.17,0
1,122523.55,0.0,0.0,8021967.87,8144491.42,0
1,87408.95,21634.0,0.0,4058645.01,4146053.97,0
0,439243.06,0.0,0.0,534758.27,974001.33,0
1,264498.72,345713.16,81214.44,4189194.53,4453693.25,0
1,460980.93,0.0,0.0,2074704.81,3523165.79,0
0,205364.52,0.0,0.0,1787711.28,1993075.8,0
1,271683.23,0.0,0.0,1200719.96,2511455.7,0
1,385945.64,30752.0,0.0,0.0,385945.64,0
1,335144.46,0.0,0.0,1750749.56,2085894.03,0
1,59769.58,108249.0,48479.42,1277154.54,1336924.12,0
1,56998.07,0.0,0.0,27320481.89,27377479.96,0
1,265977.4,0.0,0.0,360180.91,626158.31,0
0,4836948.45,0.0,0.0,7972204.94,12809153.39,0
1,166732.65,28351.64,0.0,1335540.32,1502272.97,0
1,318896.69,106344.0,0.0,77527.87,396424.56,0
1,58781.3,367861.39,309080.09,21428.85,80210.15,0
1,121957.62,60758.0,0.0,48295.85,170253.48,0
1,124750.38,102650.0,0.0,0.0,124750.38,0
1,409957.24,0.0,0.0,495600.86,905558.1,0
1,304136.56,26434.0,0.0,1008698.32,1312834.88,0
1,55252.25,0.0,0.0,235587.02,290839.27,0
0,212747.92,0.0,0.0,904124.05,1116871.97,0
1,8108.6,0.0,0.0,1732152.88,1740261.48,0
0,234509.71,31612.0,0.0,17233.69,251743.4,0
1,123812.34,830649.15,706836.81,614560.85,636806.71,0
1,105902.26,0.0,0.0,985908.16,1091810.43,0
1,147269.07,0.0,0.0,287932.27,435201.34,0
1,336245.28,0.0,0.0,1650201.88,1986447.15,0
0,498829.5,9457.54,0.0,923120.93,1421950.43,0
1,153795.22,0.0,0.0,298830.08,452625.3,0
0,475231.64,0.0,0.0,670642.7,1145874.34,0
1,38118.56,0.0,0.0,646940.03,983410.2,0
1,38111.57,20856.0,0.0,720102.7,758214.27,0
0,72138.93,10439.0,0.0,95350.47,167489.41,0
1,73183.87,0.0,0.0,308093.43,381277.3,0
0,584455.86,0.0,0.0,9320870.6,9905326.46,0
1,317461.53,29710.0,0.0,0.0,317461.53,0
1,305829.27,0.0,0.0,1613746.64,2067136.49,0
0,175088.66,0.0,0.0,541518.16,716606.83,0
1,307316.15,0.0,0.0,482507.34,789823.49,0
0,258010.87,0.0,0.0,4139920.17,4397931.03,0
1,45264.31,0.0,0.0,354108.19,399372.51,0
1,174513.37,0.0,0.0,1127767.85,1302281.23,0
0,1481874.3,30654.0,0.0,0.0,1481874.3,0
1,262818.91,9064.0,0.0,1181275.32,1444094.23,0
0,716178.43,0.0,0.0,730630.19,1446808.62,0
1,282726.8,0.0,0.0,653041.6,935768.4,0
1,424321.96,585048.65,160726.69,3514051.91,3938373.87,0
1,204134.88,43324.15,0.0,2407238.27,2611373.15,0
1,72704.88,25216.0,0.0,108448.78,181153.66,0
0,1488429.62,0.0,0.0,5127731.36,6616160.98,0
1,333082.44,0.0,0.0,1565049.74,1898132.18,0
0,1955252.16,194505.1,0.0,12102259.48,14057511.64,0
1,177946.24,0.0,0.0,224591.98,402538.21,0
0,163303.68,0.0,0.0,1800210.61,1963514.29,0
1,133147.1,0.0,0.0,365931.54,499078.64,0
1,18013.62,120176.0,102162.38,6451512.05,6469525.67,0
1,488316.15,0.0,0.0,524111.72,1012427.87,0
0,266981.96,0.0,0.0,512918.18,779900.14,0
1,123533.38,0.0,0.0,292040.33,415573.71,0
0,320922.67,87674.0,0.0,0.0,516945.7,0
1,181374.44,0.0,0.0,611447.11,1306430.84,0
0,562929.0,29509.0,0.0,267932.0,767192.6,0
0,1596440.5,0.0,0.0,10648203.25,12244643.74,0
1,8446.62,0.0,0.0,28203.26,36649.87,0
1,115651.4,0.0,0.0,126338.6,241990.0,0
1,105350.55,0.0,0.0,1498289.8,1603640.35,0
0,39912.1,0.0,0.0,1251312.15,1642931.08,0
1,40926.73,21217.0,0.0,11250658.41,11291585.15,0
0,652492.22,0.0,0.0,1294933.08,1947425.3,0
1,17093.62,0.0,0.0,84998.43,102092.05,0
0,174960.22,55807.0,0.0,359116.65,534076.87,0
1,57158.12,0.0,0.0,80392.63,137550.75,0
1,439765.8,0.0,0.0,2116559.79,2556325.59,0
1,89872.99,104091.0,14218.01,264586.29,354459.28,0
1,319110.58,195.0,0.0,522526.29,841636.87,0
1,57208.97,867.0,0.0,156041.07,213250.03,0
1,183820.25,15486.0,0.0,0.0,183820.25,0
0,349151.14,0.0,0.0,884398.09,1233549.22,0
1,157521.98,51905.0,0.0,0.0,157521.98,0
1,32256.88,0.0,0.0,513935.48,546192.37,0
1,191980.09,419.0,0.0,36129.79,228109.88,0
1,106552.39,11184.0,0.0,0.0,106552.39,0
1,242392.88,0.0,0.0,2279189.84,2521582.72,0
1,24288.05,0.0,0.0,56606.36,80894.41,0
1,16486.67,133385.77,116899.1,1409893.5,1426380.17,0
1,36556.83,248.0,0.0,674450.97,711007.8,0
1,60769.07,0.0,0.0,152301.92,213070.98,0
0,315888.58,29866.0,0.0,398223.27,714111.85,0
1,203655.59,646640.0,442984.41,382837.7,586493.29,0
1,115121.92,0.0,0.0,2687214.69,2802336.61,0
1,93387.04,20970.0,0.0,0.0,93387.04,0
1,129318.69,0.0,0.0,283788.46,413107.15,0
1,225082.26,54292.0,0.0,0.0,225082.26,0
1,392255.29,0.0,0.0,1158452.43,1550707.72,0
1,466784.13,0.0,0.0,831671.5,1298455.63,0
1,244504.65,0.0,0.0,898711.32,1143215.97,0
1,248617.13,413938.0,165320.87,6442997.68,6691614.81,0
1,95591.56,0.0,0.0,3318151.82,3413743.38,0
1,171043.45,0.0,0.0,790037.43,899311.62,0
1,251490.93,0.0,0.0,866559.23,1118050.16,0
1,374755.4,0.0,0.0,2039633.6,2743984.82,0
1,268583.38,0.0,0.0,2425535.59,2694118.96,0
1,167364.3,166527.15,0.0,972853.43,1140217.72,0
1,68947.75,1568.0,0.0,234662.32,303610.07,0
1,171067.77,105618.0,0.0,405216.03,576283.8,0
1,86649.93,42783.0,0.0,11207291.23,11293941.17,0
1,129895.49,100532.0,0.0,0.0,129895.49,0
1,228512.81,20076.0,0.0,372246.36,684822.53,0
1,77610.68,0.0,0.0,166258.29,243868.97,0
0,418721.63,0.0,0.0,8896862.37,9315584.0,0
1,262751.03,6112.0,0.0,385443.11,648194.15,0
1,25154.23,100183.57,75029.34,305872.14,331026.37,0
1,271828.51,0.0,0.0,465890.47,737718.98,0
1,135609.85,0.0,0.0,193834.39,329444.24,0
0,84392.24,104.0,0.0,0.0,84392.24,0
1,270928.2,2697.0,0.0,0.0,270928.2,0
1,74794.3,595623.0,520828.7,23620.02,98414.32,0
1,35562.14,598.0,0.0,220976.69,256538.83,0
1,108023.37,440980.63,332957.26,2631789.41,2739812.78,0
1,32283.39,52745.0,20461.61,3776964.22,3809247.6,0
0,1390759.27,0.0,0.0,1759701.92,3150461.19,0
1,608922.15,0.0,0.0,4337263.66,4946185.81,0
1,230281.53,0.0,0.0,25101708.34,25331989.87,0
0,1953262.14,0.0,0.0,7870743.31,9824005.45,0
1,81071.17,0.0,0.0,146917.57,227988.75,0
0,12787.88,0.0,0.0,1595671.76,1608459.63,0
0,858907.35,0.0,0.0,893541.57,1752448.92,0
1,76579.34,144094.4,67515.06,127443.3,204022.65,0
1,242423.14,0.0,0.0,727463.91,969887.05,0
0,372319.26,0.0,0.0,880231.55,1252550.81,0
0,719017.78,0.0,0.0,780267.33,1499285.11,0
1,38146.42,0.0,0.0,3775997.03,3506270.6,0
1,127278.15,473881.37,346603.23,27324193.93,27451472.08,0
1,18848.42,0.0,0.0,3439339.29,3458187.71,0
1,84760.46,0.0,0.0,320399.43,405159.88,0
1,371701.36,242427.85,0.0,372549.19,744250.55,0
1,24516.92,0.0,0.0,1445625.57,1470142.5,0
1,18896.06,84085.0,65188.94,452194.1,471090.16,0
1,419410.33,90925.0,0.0,0.0,419410.33,0
1,146460.46,0.0,0.0,294015.24,440475.7,0
1,4590.97,0.0,0.0,322620.87,327211.84,0
1,96588.22,5564.0,0.0,4116397.03,4212985.26,0
1,303283.63,0.0,0.0,5868792.16,6172075.8,0
1,50272.33,39645.0,0.0,512172.0,562444.33,0
1,187852.91,80367.0,0.0,20791.0,416946.69,0
1,45636.98,0.0,0.0,5638658.06,5684295.03,0
1,192859.27,270495.11,77635.84,1157569.63,1350428.9,0
1,171831.66,17209.0,0.0,0.0,171831.66,0
1,493764.29,0.0,0.0,3352228.26,3845992.55,0
1,78124.12,27401.0,0.0,0.0,78124.12,0
1,84800.18,455.0,0.0,0.0,84800.18,0
0,476072.86,118.0,0.0,10893579.26,14786300.22,0
1,65764.69,41562.0,0.0,1670842.31,1736606.99,0
1,85343.28,0.0,0.0,577519.98,662863.26,0
1,47232.86,0.0,0.0,116282.47,163515.32,0
1,164287.62,0.0,0.0,5480043.32,5644330.94,0
1,51443.92,0.0,0.0,158599.77,210043.69,0
1,116740.09,68871.0,0.0,214634.87,331374.97,0
1,222238.34,0.0,0.0,410142.05,632380.38,0
1,1869.37,134648.0,132778.63,797726.41,799595.78,0
1,460629.98,0.0,0.0,904378.7,1365008.68,0
1,65239.93,0.0,0.0,7549051.7,7614291.63,0
1,90821.47,0.0,0.0,97911.31,188732.78,0
1,281899.64,0.0,0.0,2312457.5,2594357.14,0
1,207579.38,1037.0,0.0,0.0,207579.38,0
1,73392.66,141460.0,68067.34,1839590.65,1912983.31,0
1,273398.28,0.0,0.0,319916.31,593314.59,0
1,303173.56,225726.0,0.0,0.0,303173.56,0
1,73083.39,0.0,0.0,8125247.58,8198330.97,0
1,424598.26,0.0,0.0,11329275.43,11753873.7,0
1,150794.09,93983.19,0.0,371612.86,522406.96,0
1,251834.95,300416.0,48581.05,72923.22,324758.17,0
1,52473.06,0.0,0.0,392090.89,569068.22,0
1,73339.43,21262.0,0.0,1895398.7,1968738.12,0
1,78501.9,9001.0,0.0,117105.92,195607.82,0
1,217364.84,413.0,0.0,249986.55,467351.38,0
1,102996.98,135906.0,32909.02,4851546.4,6841749.06,0
1,162120.53,114538.0,0.0,7422.04,169542.58,0
1,121564.82,0.0,0.0,1209887.39,1331452.21,0
1,174352.59,0.0,0.0,639246.11,813598.7,0
0,770265.46,7461.0,0.0,319178.81,1089444.28,0
0,159420.97,121989.75,0.0,1297345.27,1456766.24,0
1,86321.85,0.0,0.0,1893396.41,1979718.26,0
1,92031.65,20815.0,0.0,110007.73,202039.37,0
0,866645.34,0.0,0.0,2925310.34,3791955.68,0
1,151788.39,0.0,0.0,419575.11,571363.5,0
1,123979.18,11521.0,0.0,29947.12,153926.3,0
0,110530.72,104225.0,0.0,858371.46,968902.19,0
1,98285.6,19888.0,0.0,1896450.65,1994736.26,0
1,104823.39,506.0,0.0,0.0,104823.39,0
1,23158.7,52050.0,28891.3,852248.44,875407.14,0
0,2135406.2,51786.0,0.0,0.0,2135406.2,0
0,52815.04,3147.0,0.0,8216.81,61031.84,0
1,257516.44,77413.0,0.0,5683.0,633692.61,0
1,15534.71,0.0,0.0,1840510.71,1735156.38,0
1,223539.09,36905.0,0.0,325337.73,713270.27,0
1,104999.52,132107.53,27108.01,138546.43,243545.96,0
0,146975.25,1045.0,0.0,0.0,146975.25,0
1,85013.38,543.0,0.0,364061.01,449074.38,0
0,148385.78,0.0,0.0,722911.19,871296.97,0
1,211962.02,0.0,0.0,383500.29,746223.48,0
1,45562.16,0.0,0.0,647324.11,692886.27,0
1,76758.36,0.0,0.0,482314.73,559073.09,0
0,33108.01,11627.0,0.0,77435.02,110543.02,0
1,159221.35,0.0,0.0,403537.45,562758.8,0
1,31979.9,0.0,0.0,365072.86,397052.77,0
1,60123.89,234.0,0.0,52275.97,112399.86,0
1,53966.14,0.0,0.0,677236.33,731202.48,0
1,233258.76,29965.0,0.0,436131.87,823671.91,0
0,1774394.94,7482.0,0.0,0.0,2292360.3,0
1,706762.23,0.0,0.0,1643718.1,2350480.33,0
1,214332.37,15335.0,0.0,0.0,214332.37,0
1,324346.52,0.0,0.0,352882.73,677229.25,0
1,189521.69,0.0,0.0,462277.72,651799.41,0
1,183431.29,0.0,0.0,665114.01,588499.9,0
0,197774.79,0.0,0.0,232210.08,429984.87,0
1,151898.96,0.0,0.0,5265323.1,5417222.06,0
1,49235.95,2629.0,0.0,628464.53,677700.48,0
1,67153.46,30666.0,0.0,224093.23,801503.8,0
1,81899.42,0.0,0.0,227572.27,309471.69,0
0,135622.53,0.0,0.0,197036.13,332658.66,0
1,75487.54,0.0,0.0,1030774.17,1106261.71,0
1,29640.93,0.0,0.0,477258.37,506899.29,0
1,227223.63,54989.0,0.0,13188197.99,13415421.62,0
1,14855.01,15610.0,754.99,372513.88,387368.89,0
1,43742.5,10305.0,0.0,4195579.4,4239321.9,0
1,36409.78,68545.0,32135.22,0.0,36409.78,0
1,169602.28,0.0,0.0,1195047.75,1364650.02,0
1,36068.79,0.0,0.0,2413031.08,2449099.87,0
1,255123.78,0.0,0.0,816636.2,1071759.99,0
1,96180.82,0.0,0.0,1028705.95,1124886.77,0
1,167254.37,6010.0,0.0,0.0,167254.37,0
1,106538.75,0.0,0.0,206667.3,313206.04,0
1,330151.08,365351.0,35199.92,0.0,330151.08,0
1,60134.76,56885.0,0.0,0.0,60134.76,0
0,716963.72,147580.81,0.0,3716312.39,4433276.11,0
1,245719.69,557.0,0.0,14086.59,259806.28,0
0,1524028.75,2170.0,0.0,3568182.35,5092211.09,0
1,166969.97,67.0,0.0,770993.66,937963.63,0
1,178600.39,5422.0,0.0,0.0,178600.39,0
0,161474.46,0.0,0.0,174352.76,335827.23,0
1,196094.79,138943.0,0.0,1490722.71,1686817.5,0
1,309194.33,21127.0,0.0,2195055.15,2504249.48,0
1,129300.44,26420.0,0.0,154261.81,283562.25,0
0,781728.62,0.0,0.0,7924084.75,8705813.38,0
0,45539.46,0.0,0.0,2216305.33,2261844.79,0
0,39919.93,99015.0,59095.07,0.0,39919.93,0
1,162752.76,0.0,0.0,825310.39,596588.38,0
1,193937.87,0.0,0.0,2700814.76,2894752.62,0
0,197027.97,25406.9,0.0,3020780.59,3217808.56,0
1,598487.64,26589.02,0.0,9043907.23,9642394.87,0
0,43073.4,0.0,0.0,339742.0,382815.4,0
1,104477.56,0.0,0.0,140608.58,182458.94,0
1,51971.43,0.0,0.0,5634161.32,5686132.75,0
1,343749.46,68535.0,0.0,256091.09,599840.54,0
1,21108.4,0.0,0.0,152724.9,173833.3,0
0,161092.13,30590.0,0.0,0.0,161092.13,0
1,436906.22,436906.22,0.0,77698.14,869573.55,1
0,132339.9,41434.0,0.0,0.0,132339.9,0
1,429890.57,0.0,0.0,3149094.38,3578984.95,0
1,453873.08,48070.0,0.0,157508.44,611381.52,0
1,152058.33,51606.0,0.0,0.0,152058.33,0
1,167337.39,0.0,0.0,1413335.17,1580672.56,0
1,626.2,15040.23,14414.03,326272.27,326898.46,0
1,157206.97,32691.0,0.0,0.0,157206.97,0
1,290185.47,0.0,0.0,739938.92,1030124.39,0
0,1474282.7,41523.0,0.0,301750.1,1776032.8,0
1,7879.64,0.0,0.0,16144.88,24024.52,0
1,123238.76,20086.0,0.0,0.0,123238.76,0
0,32122.94,102617.0,70494.06,7664734.64,7696857.58,0
1,301502.99,20737.0,0.0,0.0,301502.99,0
1,128271.51,0.0,0.0,1699507.46,1827778.98,0
1,86315.89,0.0,0.0,2013125.92,2099441.81,0
0,335478.84,0.0,0.0,5970964.67,6780365.21,0
1,104370.96,9013.0,0.0,1671324.0,1775694.96,0
1,243002.48,0.0,0.0,711632.43,1404226.27,0
1,294308.84,0.0,0.0,12956778.26,13251087.1,0
1,47671.82,0.0,0.0,634688.34,682360.15,0
1,169742.71,20086.0,0.0,537287.67,707030.38,0
1,177681.82,245897.0,68215.18,0.0,274708.39,0
1,76664.1,0.0,0.0,1302131.67,1378795.78,0
1,103412.3,0.0,0.0,1624672.75,1728085.05,0
1,164500.62,102375.0,0.0,0.0,164500.62,0
1,215903.92,152.0,0.0,363990.48,579894.39,0
1,176174.88,0.0,0.0,6491709.81,6667884.7,0
1,49593.53,0.0,0.0,1311405.66,1360999.19,0
0,953738.51,0.0,0.0,12942213.48,13895951.99,0
1,154577.35,69967.0,0.0,0.0,154577.35,0
1,126029.32,0.0,0.0,640032.36,766061.68,0
1,207481.25,0.0,0.0,2692354.2,3319247.94,0
0,969657.91,1591.0,0.0,1962974.29,2932632.21,0
1,567202.0,117662.0,0.0,3504993.11,4072195.11,0
1,164304.79,49621.0,0.0,3105400.17,3550073.99,0
0,580783.22,0.0,0.0,994412.9,1575196.12,0
1,51935.89,0.0,0.0,271818.83,323754.72,0
0,569078.58,60471.48,0.0,6459221.58,7028300.15,0
0,368832.5,0.0,0.0,376674.81,745507.3,0
0,905180.27,50139.0,0.0,912329.3,1817509.58,0
0,287381.79,0.0,0.0,2080340.05,2367721.83,0
1,298518.03,0.0,0.0,553977.33,852495.36,0
1,168303.11,0.0,0.0,172821.16,341124.26,0
0,695913.61,51931.0,0.0,0.0,695913.61,0
0,577460.68,0.0,0.0,9169408.27,9474689.03,0
1,592441.89,31712.0,0.0,3011.0,536507.37,0
1,265574.64,7168.41,0.0,353380.38,618955.02,0
0,634197.35,0.0,0.0,977665.01,1611862.37,0
1,6527.69,10065.0,3537.31,437042.03,443569.72,0
0,1064368.07,10310.0,0.0,65252.28,1351566.29,0
1,15737.02,0.0,0.0,41617.0,57354.02,0
1,18118.51,104111.12,85992.61,6053022.67,6129581.79,0
0,590283.47,0.0,0.0,1007498.15,1597781.62,0
1,235852.58,9183.0,0.0,0.0,235852.58,0
0,483979.11,21552.0,0.0,4578502.56,5062481.67,0
0,30529.37,108308.0,77778.63,1751654.27,1782183.64,0
1,138827.78,0.0,0.0,623486.05,762313.83,0
1,561632.67,137944.0,0.0,2108453.85,2670086.52,0
1,46140.26,0.0,0.0,802870.9,849011.16,0
1,207080.01,0.0,0.0,2033095.62,2240175.63,0
1,259530.97,3080.0,0.0,9705.91,269236.87,0
1,191057.3,22047.0,0.0,146171.08,337228.38,0
1,217330.63,0.0,0.0,262602.39,479933.02,0
1,150541.97,38864.0,0.0,0.0,150541.97,0
1,296633.3,16257.0,0.0,19474.0,423318.48,0
1,58321.77,0.0,0.0,819773.01,878094.78,0
1,66733.32,0.0,0.0,4976452.49,5043185.82,0
1,533889.19,0.0,0.0,2778192.62,3312081.81,0
1,184427.09,0.0,0.0,190604.54,375031.64,0
0,2100516.61,0.0,0.0,3874911.02,5975427.63,0
1,134279.77,0.0,0.0,5919782.88,6054062.65,0
0,539270.02,128646.0,0.0,938717.89,1477987.91,0
1,43251.85,97018.0,53766.15,418510.16,461762.02,0
0,10000000.0,0.0,0.0,10766709.06,24509149.02,0
1,117782.6,584143.0,466360.4,0.0,117782.6,0
0,588163.72,192.0,0.0,997457.68,1585621.41,0
0,188420.36,10122.0,0.0,0.0,188420.36,0
1,106761.44,250558.0,143796.56,267498.37,374259.81,0
1,1452.44,0.0,0.0,226772.79,228225.23,0
1,398777.46,99464.0,0.0,0.0,398777.46,0
1,284835.09,303.0,0.0,2124955.71,2409790.79,0
0,775.5,23216.0,22440.5,40723.69,41499.19,0
1,7336.75,0.0,0.0,705167.56,712504.3,0
1,423726.73,153.0,0.0,125918.62,549645.36,0
1,190841.89,317884.0,127042.11,0.0,190841.89,0
1,155341.66,0.0,0.0,334232.79,489574.46,0
1,305717.54,11665.0,0.0,683140.08,988857.62,0
1,191442.98,0.0,0.0,922383.06,1113826.04,0
0,672246.5,133.0,0.0,44421.28,716667.78,0
1,113173.2,31019.0,0.0,807058.82,920232.02,0
1,82806.65,20287.53,0.0,11018362.06,11101168.72,0
1,33160.84,0.0,0.0,236791.93,269952.77,0
0,935945.15,0.0,0.0,1746108.77,2682053.93,0
1,401045.73,205650.0,0.0,0.0,401045.73,0
1,261823.39,10871.0,0.0,151557.91,413381.3,0
1,338181.75,0.0,0.0,848816.1,1186997.85,0
1,81499.93,0.0,0.0,324194.04,405693.97,0
1,168105.16,0.0,0.0,888146.07,1056251.23,0
1,108963.84,10288.0,0.0,1341694.65,1450658.49,0
1,226083.37,192.0,0.0,2117129.07,2343212.44,0
0,556770.68,0.0,0.0,5668061.16,6224831.83,0
1,193790.61,10141.0,0.0,5743809.5,5937600.12,0
0,704104.29,0.0,0.0,4307650.46,5011754.75,0
1,141078.07,97361.0,0.0,0.0,141078.07,0
1,184773.02,22944.0,0.0,0.0,238916.12,0
1,26165.83,392.0,0.0,0.0,26165.83,0
0,1310451.07,11754.0,0.0,11293941.17,12604392.24,0
1,137657.41,0.0,0.0,1111783.8,1249441.21,0
1,514.78,171307.0,170792.22,2551304.11,2551818.89,0
0,151228.13,0.0,0.0,252187.27,403415.4,0
1,66369.43,216136.0,149766.57,0.0,66369.43,0
1,563443.58,27109.0,0.0,7380120.12,7943563.7,0
1,46367.98,15073.0,0.0,501043.77,547411.75,0
1,302003.55,0.0,0.0,1782639.75,2084643.3,0
0,331556.48,216573.6,0.0,517071.98,848628.46,0
1,195538.76,19612.0,0.0,744440.98,939979.74,0
1,353296.7,0.0,0.0,4394967.23,4748263.93,0
1,74438.57,59851.0,0.0,96091.19,170529.76,0
1,203172.67,0.0,0.0,836508.82,1039681.49,0
1,562397.62,0.0,0.0,979445.16,1541842.77,0
1,47166.24,47865.33,699.09,378405.62,425571.85,0
1,195706.04,0.0,0.0,291768.92,487474.96,0
1,119609.47,0.0,0.0,387752.37,507361.84,0
1,113241.41,27404.0,0.0,0.0,113241.41,0
1,10967.39,17718.0,6750.61,0.0,10967.39,0
0,544122.27,0.0,0.0,5487362.46,6031484.73,0
1,5873.37,0.0,0.0,188164.16,194037.53,0
1,223366.36,0.0,0.0,1146494.78,1369861.15,0
1,730658.72,29989.0,0.0,2530534.88,3261193.6,0
1,173178.19,102787.0,0.0,5413630.35,5586808.54,0
0,506344.57,0.0,0.0,1835991.96,2342336.52,0
1,49822.26,0.0,0.0,85111.78,134934.04,0
1,83029.93,124.0,0.0,67935.58,150965.51,0
1,98084.71,102844.0,4759.29,147100.55,245185.26,0
1,128171.27,0.0,0.0,259495.22,387666.49,0
1,429058.97,0.0,0.0,586961.58,1016020.55,0
1,219459.73,0.0,0.0,488939.71,708399.44,0
1,173939.95,5033.0,0.0,454766.67,628706.62,0
1,294819.18,90245.0,0.0,1295877.49,1590696.67,0
0,294754.38,0.0,0.0,382519.75,677274.13,0
1,7686.31,13332.0,5645.69,0.0,7686.31,0
1,223025.62,0.0,0.0,848219.0,1071244.61,0
1,145076.6,88393.0,0.0,0.0,145076.6,0
1,125840.86,99486.0,0.0,3612484.21,3738325.07,0
1,90749.4,0.0,0.0,789506.89,880256.29,0
1,207760.53,101104.0,0.0,62738.86,270499.4,0
1,25881.44,6070.0,0.0,68090.47,93971.91,0
1,83846.66,32007.0,0.0,804777.98,888624.64,0
1,375499.68,0.0,0.0,1138884.63,1514384.31,0
0,10000000.0,797.0,0.0,96442.74,10904541.62,0
1,99226.71,31258.0,0.0,125515.04,224741.74,0
0,455180.12,0.0,0.0,708776.56,1163956.68,0
1,174984.93,90566.0,0.0,3881091.55,4056076.48,0
1,11282.59,0.0,0.0,7200117.08,7211399.67,0
0,334329.76,0.0,0.0,453779.97,788109.74,0
1,77095.87,0.0,0.0,99490.9,176586.77,0
1,131337.47,14713.0,0.0,226384.65,357722.12,0
1,104719.27,0.0,0.0,4677234.63,4781953.9,0
1,103379.27,0.0,0.0,1690742.0,1794121.27,0
1,226574.17,14785.0,0.0,50211.79,276785.96,0
1,439883.37,467.0,0.0,0.0,439883.37,0
0,200276.38,194.0,0.0,882416.59,1082692.96,0
1,230792.49,290757.2,59964.71,479349.22,710141.71,0
0,13601.41,0.0,0.0,446785.82,460387.24,0
1,247212.37,0.0,0.0,1072377.89,1319590.27,0
1,293319.78,0.0,0.0,2421967.9,2715287.67,0
1,424469.9,408131.0,0.0,1648133.86,2072603.76,0
1,34889.06,0.0,0.0,658122.95,693012.0,0
1,648690.63,21549.0,0.0,0.0,648690.63,0
0,212841.14,0.0,0.0,1208362.2,1421203.33,0
1,9553.79,0.0,0.0,16903.56,26457.35,0
1,394980.65,0.0,0.0,15633537.74,17030605.94,0
1,37383.18,0.0,0.0,353421.02,390804.21,0
1,141407.8,15459.0,0.0,40469.7,181877.5,0
1,12201.53,30898.0,18696.47,1419799.01,1432000.54,0
1,284077.04,75.0,0.0,151564.48,435641.52,0
1,311043.92,36417.0,0.0,1553723.46,1864767.38,0
0,858469.33,0.0,0.0,1092055.77,1950525.1,0
1,251988.59,1016.0,0.0,887826.35,1139814.94,0
0,335541.3,0.0,0.0,2206666.38,2542207.68,0
1,131822.33,11644.0,0.0,4829711.08,4961533.41,0
1,311101.46,506097.0,194995.54,3398.84,314500.3,0
1,231239.23,0.0,0.0,1277922.03,1509161.25,0
1,82554.76,21011.0,0.0,1761745.07,1844299.83,0
1,506750.29,0.0,0.0,1260812.18,1767562.47,0
1,90124.42,0.0,0.0,280868.2,370992.63,0
0,1031296.23,1584.55,0.0,1678312.91,2709609.14,0
1,331996.84,10290.0,0.0,0.0,331996.84,0
1,73066.55,0.0,0.0,2002540.15,5975262.38,0
0,306254.79,0.0,0.0,486133.44,792388.23,0
1,21422.64,0.0,0.0,266735.03,288157.66,0
1,168731.46,169945.56,1214.1,425479.44,450523.77,0
1,6521.85,0.0,0.0,980861.77,987383.62,0
1,29235.17,19290.0,0.0,639337.87,782094.05,0
0,18660.44,0.0,0.0,1405066.4,1423726.84,0
1,276460.94,21343.4,0.0,1764520.96,2040981.9,0
1,269975.27,2702.0,0.0,15721.0,84580.71,0
1,129799.96,0.0,0.0,861275.41,991075.37,0
1,204262.75,0.0,0.0,1046144.93,1250407.68,0
0,1378136.86,0.0,0.0,2040184.87,3418321.73,0
0,1102974.31,0.0,0.0,5557198.2,6660172.51,0
1,93528.83,0.0,0.0,257718.75,351247.58,0
1,445896.29,0.0,0.0,3564107.69,4010003.98,0
1,88965.31,0.0,0.0,154289.73,243255.05,0
1,5355.5,0.0,0.0,274321.11,279676.6,0
1,142599.72,0.0,0.0,197769.55,340369.27,0
1,368572.11,0.0,0.0,733420.39,1101992.51,0
1,67172.79,9925.0,0.0,2654796.34,2721969.13,0
1,133757.95,0.0,0.0,451568.77,585326.72,0
1,41978.59,31497.0,0.0,0.0,41978.59,0
1,118657.24,0.0,0.0,181033.75,299690.98,0
0,35849.91,107951.0,72101.09,205856.27,241706.19,0
0,214854.33,0.0,0.0,1156633.54,1371487.87,0
0,280681.27,95171.0,0.0,11083.52,291764.79,0
0,370091.69,0.0,0.0,9681220.14,10051311.83,0
1,253382.21,0.0,0.0,2799847.73,3053229.94,0
0,439389.57,415193.0,0.0,3665.13,443054.7,0
1,127826.85,103204.0,0.0,9223545.6,9351372.45,0
1,132539.71,0.0,0.0,1023524.41,1156064.12,0
1,52489.69,0.0,0.0,148068.44,200558.13,0
1,510879.71,0.0,0.0,5894438.3,6789619.26,0
0,757015.96,0.0,0.0,14327225.02,15110247.44,0
1,295718.33,0.0,0.0,325703.0,0.0,0
1,106118.23,0.0,0.0,204019.0,435971.8,0
1,142105.91,0.0,0.0,2085867.65,2227973.57,0
0,275304.03,43079.0,0.0,10127119.68,10402423.71,0
1,50526.82,192.0,0.0,639376.97,689903.79,0
1,140401.15,29999.0,0.0,0.0,140401.15,0
0,365448.47,38807.0,0.0,2183579.15,2549027.62,0
1,29778.45,0.0,0.0,6830625.04,6860403.49,0
1,158234.27,0.0,0.0,11749927.81,11908162.09,0
1,198778.04,0.0,0.0,785430.83,984208.87,0
1,46232.09,182.0,0.0,940981.74,987213.83,0
1,440760.47,590870.0,150109.53,206729.32,647489.79,0
1,36522.96,58450.0,21927.04,98369.63,134892.58,0
1,353891.04,0.0,0.0,719884.19,1073775.23,0
1,110674.43,0.0,0.0,2365550.36,2476224.79,0
1,2227.42,64.0,0.0,1555843.77,1558071.19,0
1,147018.88,0.0,0.0,258518.42,405537.3,0
1,330443.19,0.0,0.0,5562037.43,5892480.61,0
1,187109.17,0.0,0.0,200293.99,387403.16,0
1,52775.2,87981.81,35206.61,289742.1,342517.3,0
1,340448.08,21222.0,0.0,0.0,340448.08,0
0,466504.07,51194.0,0.0,130926.66,597430.73,0
1,258106.98,0.0,0.0,1176074.66,1434181.64,0
1,170685.52,0.0,0.0,6571194.73,6741880.25,0
1,186758.69,0.0,0.0,696056.33,882815.02,0
1,85112.6,0.0,0.0,2797887.03,2882999.63,0
1,30630.9,35219.0,4588.1,0.0,30630.9,0
1,28149.17,144574.0,116424.83,457256.52,485405.68,0
1,169926.26,0.0,0.0,579424.91,749351.17,0
0,87522.86,0.0,0.0,743887.33,831410.19,0
0,548461.94,10355.0,0.0,15411.13,563873.07,0
1,477.11,1622.0,1144.89,0.0,477.11,0
1,447339.62,828.0,0.0,1439901.33,1887240.95,0
1,166811.38,296671.0,129859.62,101464.13,268275.51,0
1,195991.21,0.0,0.0,10333815.8,10529807.01,0
1,261191.15,0.0,0.0,371526.62,632717.76,0
1,162310.54,48436.0,0.0,7223876.27,7193799.22,0
1,475237.65,79260.0,0.0,7173.22,482410.87,0
1,939.64,0.0,0.0,24732110.14,24733049.78,0
1,116796.89,0.0,0.0,740314.04,857110.93,0
1,121316.61,101378.0,0.0,0.0,121316.61,0
1,140652.01,6079.0,0.0,7522819.42,7663471.44,0
1,420942.63,31876.0,0.0,1068783.68,1489726.31,0
1,24046.44,0.0,0.0,533785.3,557831.75,0
1,175108.07,181055.57,5947.51,621284.48,796392.54,0
0,206394.51,0.0,0.0,1177126.85,1383521.36,0
1,275024.78,0.0,0.0,2500732.49,2775757.27,0
0,6412140.62,0.0,0.0,10684314.11,17096454.73,0
1,172227.29,30995.0,0.0,173448.32,345675.61,0
1,210237.77,227.0,0.0,4547943.46,4758181.23,0
1,30456.75,0.0,0.0,2509477.21,2539933.96,0
1,295590.33,12211.0,0.0,318611.82,614202.15,0
1,124032.33,6085.0,0.0,59201.91,183234.24,0
1,127916.95,0.0,0.0,264829.39,392746.35,0
1,218477.79,0.0,0.0,1490903.94,1709381.73,0
1,48611.48,0.0,0.0,446191.52,494803.0,0
1,252290.3,282508.0,30217.7,7864276.46,8116566.76,0
0,82861.12,0.0,0.0,265495.74,348356.86,0
1,126668.54,0.0,0.0,753744.19,880412.73,0
1,157668.34,17120.4,0.0,1222037.01,1379705.35,0
1,43754.01,9772.34,0.0,100620.8,144374.81,0
1,198481.2,0.0,0.0,374706.47,573187.66,0
1,177779.0,0.0,0.0,269187.6,446966.6,0
0,39815.02,0.0,0.0,5218177.48,5257992.49,0
1,218770.54,0.0,0.0,572871.33,791641.87,0
1,56796.2,10680.0,0.0,1908583.33,1965379.53,0
1,290361.52,10495.0,0.0,0.0,290361.52,0
0,314892.79,16685.0,0.0,0.0,314892.79,0
1,15789.63,126.0,0.0,9614297.18,9630086.81,0
1,33817.01,0.0,0.0,572535.04,277004.04,0
0,1228469.82,32029.0,0.0,90469.54,1318939.36,0
1,237955.86,4086.0,0.0,0.0,237955.86,0
1,205035.51,373895.28,168859.77,12239137.93,12444173.44,0
0,943258.96,0.0,0.0,1044784.78,1988043.74,0
1,93846.16,0.0,0.0,1312114.57,1405960.73,0
1,414.93,11763.0,11348.07,1865688.33,1866103.25,0
1,17300.77,0.0,0.0,90968.35,108269.12,0
1,319578.11,0.0,0.0,2888590.61,3208168.72,0
0,254654.41,0.0,0.0,720369.42,975023.82,0
1,251813.34,49120.0,0.0,172798.35,424611.69,0
1,359030.14,109741.0,0.0,0.0,359030.14,0
1,255261.96,11712.0,0.0,404687.24,659949.2,0
1,111363.07,103125.0,0.0,585143.76,696506.83,0
1,192899.96,1275.0,0.0,41944.01,234843.97,0
1,211958.48,0.0,0.0,523131.91,735090.4,0
1,670989.72,0.0,0.0,0.0,670989.72,0
1,100679.21,7296.92,0.0,612186.75,712865.96,0
1,273013.29,32344.0,0.0,172187.0,852113.24,0
1,319290.57,3977.91,0.0,386397.81,705688.38,0
1,40835.92,0.0,0.0,992187.55,1033023.47,0
0,330345.43,123.0,0.0,0.0,161964.67,0
1,99858.76,88725.0,0.0,19550.55,119409.31,0
1,225254.83,1079.0,0.0,188067.0,413321.83,0
0,782809.92,118245.0,0.0,0.0,782809.92,0
1,91511.1,18402.0,0.0,270902.04,362413.15,0
1,128017.36,0.0,0.0,445807.24,821914.42,0
1,207501.75,0.0,0.0,435181.27,593694.8,0
1,304810.92,0.0,0.0,536001.02,840811.94,0
1,165704.3,8124.64,0.0,322627.85,488332.15,0
0,913.4,20467.0,19553.6,1140558.72,1141472.13,0
1,339180.66,0.0,0.0,1709924.64,2049105.3,0
1,752189.44,0.0,0.0,3431609.31,4183798.75,0
1,35719.18,983951.0,948231.82,0.0,133277.89,0
1,41305.71,152754.0,111448.29,0.0,41305.71,0
1,280744.21,0.0,0.0,2296718.13,2577462.34,0
1,126444.6,0.0,0.0,1992433.09,2118877.7,0
1,47984.49,0.0,0.0,8020685.81,8068670.3,0
1,272872.01,14471.0,0.0,0.0,272872.01,0
1,24918.43,77804.03,52885.61,106521.88,131440.3,0
0,11627.69,0.0,0.0,1253557.83,2054360.15,0
1,74749.56,11224.0,0.0,1577960.43,1652709.99,0
1,141615.37,1291.0,0.0,0.0,141615.37,0
1,236044.96,0.0,0.0,814742.53,1050787.48,0
1,53340.79,14995.0,0.0,873511.99,1021162.23,0
1,123261.94,12593.0,0.0,0.0,123261.94,0
0,425431.46,505.0,0.0,0.0,425431.46,0
0,589871.59,0.0,0.0,809712.22,1399583.81,0
1,2082.73,0.0,0.0,767645.79,769728.52,0
1,138281.68,45161.0,0.0,1513151.57,1651433.24,0
1,208346.34,0.0,0.0,690214.46,879126.24,0
1,72271.16,0.0,0.0,229608.88,301880.04,0
1,180120.86,39910.0,0.0,0.0,180120.86,0
1,48732.76,0.0,0.0,306194.01,354926.76,0
0,800151.53,21575.0,0.0,20840.64,820992.16,0
0,1375386.51,151.0,0.0,339474.12,1714860.63,0
1,113321.89,0.0,0.0,232939.63,346261.52,0
1,92523.73,0.0,0.0,400648.28,493172.02,0
1,84457.72,56310.0,0.0,0.0,84457.72,0
1,155324.36,109.0,0.0,1457897.86,1613222.22,0
1,370103.2,0.0,0.0,1770937.97,2141041.17,0
0,269584.96,0.0,0.0,10538929.92,10808514.88,0
1,78578.43,71.0,0.0,2520849.83,2839898.28,0
1,60905.74,7043.0,0.0,1046195.06,1107100.8,0
0,875946.66,0.0,0.0,9554120.52,10430067.18,0
1,3136.69,29805.0,26668.31,2280337.08,2283473.77,0
1,134242.97,18411.0,0.0,0.0,134242.97,0
1,85961.24,16573.0,0.0,0.0,85961.24,0
1,226893.8,40147.0,0.0,6198625.15,6425518.96,0
1,185357.15,0.0,0.0,192876.78,378233.92,0
1,116258.72,51125.0,0.0,534865.87,651124.59,0
1,22828.61,0.0,0.0,203444.89,226273.5,0
1,354428.16,0.0,0.0,6958103.86,7312532.03,0
1,38824.04,107984.0,69159.96,805966.41,1048278.78,0
1,387463.82,100720.0,0.0,0.0,374247.47,0
1,63753.82,0.0,0.0,1942744.34,2006498.16,0
1,22494.24,0.0,0.0,275940.71,298434.95,0
1,224864.05,10736.0,0.0,8540137.58,8765001.63,0
1,445910.81,783473.07,337562.25,1989383.92,2435294.73,0
1,118783.23,6578.0,0.0,11716742.52,11835525.75,0
0,112384.74,0.0,0.0,566867.63,679252.36,0
1,17271.82,19391.0,2119.18,1279498.02,1296769.84,0
1,7068.57,0.0,0.0,33653.68,40722.24,0
1,377137.75,41779.0,0.0,142924.54,520062.29,0
1,264453.84,0.0,0.0,302563.95,567017.79,0
1,333355.89,16000.0,0.0,0.0,381461.62,0
1,158907.86,10906.0,0.0,768781.43,927689.29,0
0,1210386.75,0.0,0.0,1572557.55,2782944.3,0
0,117800.32,0.0,0.0,1161303.78,1391580.6,0
1,240369.84,0.0,0.0,3504213.27,3744583.12,0
1,84851.28,9500.0,0.0,1062230.27,1147081.55,0
0,517652.65,0.0,0.0,3881629.92,4399282.57,0
1,146431.78,127493.16,0.0,547132.55,693564.34,0
1,59488.75,0.0,0.0,148133.88,207622.63,0
1,83206.06,0.0,0.0,2492837.77,2576043.83,0
0,21851.9,41144.22,19292.32,2210531.11,2232383.01,0
0,614153.54,13768.84,0.0,1057139.39,1671292.92,0
1,148724.36,11714.0,0.0,795394.04,944118.4,0
1,149885.74,541739.64,391853.9,517452.94,667338.68,0
0,680768.7,0.0,0.0,3638876.58,4319645.29,0
1,83613.81,51864.0,0.0,10791.53,94405.34,0
1,169973.92,81928.0,0.0,21834.0,0.0,0
1,249989.41,0.0,0.0,610245.87,860235.28,0
1,87391.85,990.0,0.0,0.0,87391.85,0
1,119188.45,0.0,0.0,907286.99,1352321.44,0
1,270567.68,99825.0,0.0,0.0,270567.68,0
0,649490.29,1051.0,0.0,5087577.42,5737067.72,0
1,165085.56,21501.0,0.0,822285.85,987371.42,0
1,10579.16,59279.0,48699.84,322754.16,333333.32,0
0,3239261.53,0.0,0.0,4868593.91,8107855.45,0
1,80910.86,195831.97,114921.12,100246.0,100225.76,0
1,451003.83,30615.0,0.0,0.0,451003.83,0
1,471628.92,971.0,0.0,0.0,471628.92,0
1,267372.7,126154.0,0.0,1049278.32,1316651.01,0
1,421016.08,0.0,0.0,1082396.99,1503413.07,0
1,45396.37,281218.68,235822.32,2927302.44,2972698.81,0
1,31851.51,95052.0,63200.49,320242.92,352094.43,0
1,11645.6,299255.0,287609.4,8528.03,20173.63,0
1,1861008.32,1861008.32,0.0,0.0,1789942.62,1
1,403306.11,11612.07,0.0,1932843.61,2336149.73,0
0,620517.7,0.0,0.0,1533560.42,2154078.12,0
0,567711.41,255541.53,0.0,5015969.68,5583681.09,0
1,19078.54,0.0,0.0,102765.48,121844.01,0
1,182439.31,0.0,0.0,42645970.73,42828410.05,0
1,58574.37,105993.0,47418.63,349764.18,408338.55,0
0,987638.56,0.0,0.0,1095311.27,3054891.71,0
1,179512.44,119232.0,0.0,758734.61,938247.04,0
1,551384.51,138.0,0.0,549261.72,1100646.23,0
1,34150.97,0.0,0.0,1022220.74,1056371.71,0
1,277336.73,10966.0,0.0,0.0,277336.73,0
0,369194.12,45213.0,0.0,0.0,369194.12,0
1,289716.51,30811.0,0.0,2892107.14,3181823.66,0
0,741902.99,169997.0,0.0,792345.13,1534248.13,0
0,2124260.45,0.0,0.0,4570024.94,6694285.39,0
0,262172.47,0.0,0.0,592955.9,855128.37,0
1,145615.68,0.0,0.0,1137467.02,1283082.69,0
1,95273.47,12120.0,0.0,37.0,95310.47,0
1,228947.6,735274.0,506326.4,1514824.3,1743771.9,0
1,27672.74,22029.0,0.0,8013.41,35686.15,0
1,108121.68,990522.0,882400.32,0.0,205719.68,0
0,1278395.7,0.0,0.0,6809360.46,8087756.17,0
1,194726.65,12211.0,0.0,3803212.1,3997938.75,0
1,187450.5,3355.38,0.0,1523141.78,1710592.28,0
1,3778.39,52637.0,48858.61,368227.5,372005.89,0
0,971115.81,10419.0,0.0,0.0,971115.81,0
1,249607.65,0.0,0.0,3140114.49,3389722.15,0
1,118986.64,208.0,0.0,0.0,118986.64,0
1,104289.93,99434.0,0.0,403816.51,508106.44,0
0,742060.15,0.0,0.0,14822073.18,15564133.33,0
1,211493.08,32087.0,0.0,141043.24,352536.33,0
1,129663.62,547.0,0.0,0.0,129663.62,0
0,148025.23,0.0,0.0,944381.93,1092407.17,0
1,317813.72,222513.77,0.0,5570099.33,5887913.04,0
1,181494.19,0.0,0.0,811247.56,992741.75,0
1,70203.41,0.0,0.0,1172385.68,1242589.09,0
1,277806.47,20268.0,0.0,0.0,277806.47,0
1,82186.98,20667.0,0.0,179486.38,261673.35,0
1,59486.45,1987.0,0.0,932861.25,992347.71,0
1,88351.15,10336.0,0.0,0.0,88351.15,0
1,280077.3,0.0,0.0,2769452.5,3049529.8,0
1,3777.19,2086.0,0.0,924745.48,928522.67,0
0,1620211.73,0.0,0.0,6011158.05,7631369.78,0
1,74832.91,0.0,0.0,118073.45,192906.36,0
1,154601.7,23028.0,0.0,6956.31,161558.01,0
1,325505.97,106.0,0.0,3098803.01,3424308.98,0
1,184754.16,0.0,0.0,9254722.58,9439476.75,0
1,10651.96,0.0,0.0,218376.21,229028.17,0
1,30892.46,21441.0,0.0,0.0,30892.46,0
0,1855947.04,22376.0,0.0,2087151.0,3943098.04,0
0,74953.64,0.0,0.0,864354.56,939308.2,0
0,1192847.86,0.0,0.0,2337499.36,3530347.22,0
1,59254.9,21430.0,0.0,92235.42,151490.32,0
1,130974.82,0.0,0.0,1889658.72,2020633.53,0
1,555301.47,0.0,0.0,4878713.57,5536514.67,0
1,80144.94,0.0,0.0,291811.56,371956.5,0
1,233768.1,11307.0,0.0,108916.93,342685.03,0
0,10084.71,10262.0,177.29,4432346.37,4442431.08,0
1,9228.31,509012.0,499783.69,11071196.56,11080424.88,0
1,97757.56,0.0,0.0,175166.95,272924.52,0
1,96825.02,69241.0,0.0,3889687.78,5461050.66,0
1,21409.13,83625.0,62215.87,240356.25,261765.38,0
1,96325.08,0.0,0.0,146490.39,242815.47,0
0,140729.92,103733.0,0.0,0.0,140729.92,0
1,292667.26,21382.0,0.0,39395.25,332062.5,0
0,148136.51,0.0,0.0,1043270.48,1191406.99,0
0,1138030.15,223244.81,0.0,9751960.2,10954274.3,0
0,130056.35,0.0,0.0,1033345.47,1163401.82,0
1,230942.86,32236.0,0.0,58024.3,288967.15,0
1,221645.69,188.0,0.0,2935885.66,3157531.35,0
1,490738.41,10095.0,0.0,4965988.53,5456726.94,0
0,52621.3,0.0,0.0,647162.46,699783.76,0
1,246534.27,17456.37,0.0,2639880.13,2886414.4,0
0,419674.48,40166.0,0.0,695603.86,1115278.34,0
1,115172.67,0.0,0.0,773147.39,888320.05,0
1,313769.88,49885.0,0.0,1984838.25,2298608.14,0
0,174644.2,0.0,0.0,217500.28,392144.48,0
1,137242.67,0.0,0.0,161582.08,298824.75,0
1,267139.81,0.0,0.0,1199802.71,1466942.52,0
0,152191.68,0.0,0.0,4619090.79,4287871.45,0
1,409610.19,0.0,0.0,734242.77,1143852.95,0
1,23855.42,73232.0,49376.58,1028663.43,1052518.85,0
0,147552.95,0.0,0.0,516391.81,663944.76,0
0,641577.83,155828.0,0.0,12829594.71,13471172.54,0
1,341336.67,75293.0,0.0,1837580.15,2178916.82,0
0,344248.55,3533.37,0.0,584396.27,928644.82,0
0,1512969.18,0.0,0.0,3596847.02,5109816.2,0
1,54955.13,255.0,0.0,4835080.03,4890035.15,0
1,160268.35,211402.0,51133.65,2534469.62,2694737.97,0
1,288943.5,0.0,0.0,1842935.72,2131879.21,0
1,41896.93,33277.0,0.0,1522307.23,1564204.15,0
1,81834.75,20668.0,0.0,0.0,81834.75,0
0,188373.63,0.0,0.0,2148714.25,2337087.89,0
1,122327.14,0.0,0.0,419046.05,541373.19,0
1,77142.64,386853.79,309711.15,966295.14,1043437.78,0
1,720217.04,40856.0,0.0,50975.0,519290.81,0
1,165022.89,518613.03,353590.14,2318150.99,2758556.73,0
1,527437.85,0.0,0.0,764833.77,1292271.62,0
1,21303.07,0.0,0.0,510693.57,531996.64,0
1,95580.71,51247.93,0.0,558578.05,654158.77,0
1,41491.64,0.0,0.0,451761.98,493253.62,0
1,79564.69,185601.0,106036.31,63610.45,143175.14,0
1,497651.7,0.0,0.0,890460.31,1388112.01,0
1,51959.66,0.0,0.0,256510.11,308469.76,0
1,285398.96,102482.0,0.0,0.0,285398.96,0
0,1465844.49,147874.0,0.0,3016516.86,4482361.35,0
0,47360.62,55953.0,8592.38,0.0,47360.62,0
1,13404.79,9922.0,0.0,0.0,13404.79,0
1,362276.77,51968.0,0.0,191028.58,358432.36,0
0,152225.14,106979.0,0.0,6093360.91,6668750.05,0
1,141732.1,139101.82,0.0,2179919.74,2321651.85,0
1,158905.22,0.0,0.0,306469.89,465375.11,0
1,30218.37,0.0,0.0,40328.1,70546.47,0
0,1213585.37,0.0,0.0,2732968.61,3946553.99,0
0,125820.04,0.0,0.0,161373.66,287193.7,0
1,129498.14,0.0,0.0,4347119.3,4476617.44,0
1,163996.88,0.0,0.0,231652.62,395649.5,0
1,143798.98,0.0,0.0,413236.14,557035.12,0
0,645767.61,0.0,0.0,11112797.54,11758565.15,0
0,313191.79,230631.0,0.0,10149.01,331199.57,0
1,154802.48,0.0,0.0,868927.38,1023729.86,0
1,5766.61,50777.0,45010.39,12225460.88,12231227.48,0
1,86021.46,9980.0,0.0,2518032.18,2604053.63,0
1,283624.44,55691.0,0.0,0.0,283624.44,0
0,1052096.36,0.0,0.0,3508271.67,4560368.03,0
1,202258.28,50796.0,0.0,0.0,202258.28,0
0,2595187.82,5518.0,0.0,32916.11,2628103.92,0
1,301811.23,0.0,0.0,1319721.31,1621532.54,0
0,1093033.16,0.0,0.0,1648988.51,2971315.41,0
1,218283.1,23219.0,0.0,419747.28,638030.38,0
0,209782.51,77698.0,0.0,0.0,209782.51,0
1,31787.32,0.0,0.0,4541080.58,4317373.16,0
1,224852.84,0.0,0.0,260204.96,485057.8,0
0,1744122.92,0.0,0.0,15334461.33,17078584.25,0
1,95431.54,0.0,0.0,5562990.52,5658422.06,0
1,51223.44,0.0,0.0,1274699.13,1325922.57,0
1,73118.93,32562.0,0.0,0.0,73118.93,0
1,62887.38,51946.0,0.0,78412.43,141299.81,0
1,106238.85,0.0,0.0,5624724.9,5730963.75,0
0,294368.21,1633.0,0.0,988653.76,1283021.97,0
0,37647.58,0.0,0.0,409982.95,447630.53,0
1,131324.73,0.0,0.0,628959.67,760284.4,0
1,25549.86,13238.81,0.0,84203.21,109753.06,0
1,310214.82,0.0,0.0,582610.38,892825.2,0
1,579534.37,79407.0,0.0,0.0,579534.37,0
1,144702.69,0.0,0.0,3903981.72,4048684.41,0
1,117916.47,407072.0,289155.53,73869.07,298775.6,0
1,235764.44,4097.0,0.0,0.0,235764.44,0
1,197002.29,221392.0,24389.71,218306.22,415308.51,0
1,131271.1,6195.0,0.0,0.0,131271.1,0
0,1136919.37,0.0,0.0,2957499.88,4094419.25,0
1,106437.45,1576.0,0.0,3017936.01,3124373.47,0
1,84728.96,51733.0,0.0,0.0,84728.96,0
1,258218.09,40461.0,0.0,262416.93,520635.02,0
1,164337.51,23835.0,0.0,211758.16,376095.67,0
1,197409.39,239.0,0.0,340988.94,538398.33,0
1,121092.54,100710.0,0.0,264361.44,527537.0,0
1,111518.03,2395.0,0.0,383527.46,495045.49,0
1,177087.41,71051.0,0.0,3865195.98,4042283.38,0
1,228803.91,0.0,0.0,3747381.61,3976185.52,0
1,238231.06,46454.24,0.0,2309094.1,2547325.16,0
1,13444.19,1074.0,0.0,397855.85,411300.04,0
1,149275.84,168.0,0.0,1072421.72,1221697.55,0
0,674166.55,59253.0,0.0,313471.65,987638.2,0
0,454398.19,9939.0,0.0,0.0,1049941.15,0
1,108566.17,11696.0,0.0,189519.29,561402.1,0
1,229864.83,0.0,0.0,4194776.4,4424641.23,0
1,95414.12,171854.46,76440.34,2058614.75,2154028.86,0
0,224924.32,11625.0,0.0,541671.38,766595.7,0
0,980146.63,303701.93,0.0,4831202.46,5811349.09,0
1,25595.66,0.0,0.0,1465682.29,1491277.95,0
1,62746.28,0.0,0.0,564423.51,627169.78,0
1,271000.53,0.0,0.0,720278.06,1025325.77,0
1,139639.42,5544.0,0.0,160794.68,300434.1,0
1,157294.83,0.0,0.0,228208.94,385503.77,0
0,104814.04,30022.0,0.0,0.0,104814.04,0
1,157769.48,0.0,0.0,451540.93,609310.41,0
1,383191.07,5855.0,0.0,0.0,383191.07,0
0,287130.25,701980.49,414850.24,1528689.39,1815819.64,0
1,278.51,0.0,0.0,2790221.82,2790500.33,0
1,21536.94,131.0,0.0,450568.8,472105.74,0
1,118170.69,96012.0,0.0,1705108.23,1823278.92,0
0,179379.81,0.0,0.0,995818.92,1175198.73,0
0,908688.88,29873.0,0.0,1486350.13,2395039.02,0
1,328915.73,404918.0,76002.27,509888.03,1671862.19,0
1,300260.16,0.0,0.0,483966.46,784226.62,0
1,5450.76,0.0,0.0,289477.18,294927.94,0
1,257317.17,0.0,0.0,624609.59,881926.75,0
1,211606.59,41064.0,0.0,372758.58,584365.17,0
1,141648.07,98750.0,0.0,756854.34,898502.41,0
1,131853.31,0.0,0.0,6204372.44,6336225.75,0
1,321497.63,0.0,0.0,536789.82,858287.45,0
0,1414383.58,158.0,0.0,286808.1,1701191.68,0
1,233992.76,38023.0,0.0,420491.59,654484.35,0
1,176932.49,3000.0,0.0,0.0,176932.49,0
1,27158.19,0.0,0.0,2115375.95,2142534.14,0
1,46055.44,0.0,0.0,404959.26,451014.71,0
1,110414.65,0.0,0.0,3166363.23,3276777.88,0
1,8547.03,0.0,0.0,64943.46,73490.49,0
0,810398.25,0.0,0.0,6754546.08,7564944.32,0
1,68314.19,766.0,0.0,1450042.95,1518357.14,0
1,94133.0,183068.67,88935.67,217705.36,311838.36,0
1,371795.1,0.0,0.0,1212273.64,1584068.75,0
1,272379.32,0.0,0.0,529715.32,802094.65,0
1,62665.31,0.0,0.0,112017.06,174682.37,0
1,197985.59,201447.05,3461.46,3320166.26,3518151.85,0
1,289812.9,0.0,0.0,1438463.9,1728276.81,0
1,209711.85,20505.0,0.0,776274.32,985986.18,0
1,52709.05,0.0,0.0,2202746.61,2255455.66,0
1,176331.57,21702.0,0.0,55124.19,231455.76,0
1,523271.56,0.0,0.0,2408291.65,2931563.21,0
0,1495042.23,0.0,0.0,3744165.39,5239207.61,0
1,44293.44,64987.8,20694.36,386361.71,430655.15,0
1,536269.71,23237.0,0.0,1114530.99,1650800.71,0
1,167236.75,224.0,0.0,0.0,167236.75,0
1,54774.99,19798.0,0.0,0.0,54774.99,0
1,158497.79,119284.0,0.0,0.0,50875.8,0
0,249890.76,0.0,0.0,340328.09,590218.86,0
1,92127.66,21252.0,0.0,57495.09,149622.75,0
1,177985.89,36465.0,0.0,108667.81,286653.7,0
1,92874.94,0.0,0.0,6133205.92,6226080.86,0
1,127304.93,522.0,0.0,84956.57,212261.5,0
1,23421.75,2507.0,0.0,41755.0,65176.75,0
1,297927.4,6286.0,0.0,3209477.8,3507405.2,0
1,229826.59,1093.0,0.0,583524.68,813351.27,0
1,139035.39,0.0,0.0,2842619.71,2981655.1,0
0,291537.51,0.0,0.0,1274716.68,1689214.46,0
1,158753.68,0.0,0.0,2531782.96,2690536.63,0
1,24409.52,3218.0,0.0,0.0,24409.52,0
1,225800.18,0.0,0.0,3192102.26,3417902.43,0
1,189031.12,14339.0,0.0,1015299.52,1948647.28,0
1,119774.22,28039.0,0.0,326325.36,446099.58,0
1,50349.76,19982.0,0.0,10441.0,59398.08,0
1,163609.05,12439.0,0.0,4745482.6,4909091.65,0
0,392547.09,90525.0,0.0,0.0,392547.09,0
1,160712.71,47515.0,0.0,2611121.54,2771834.25,0
1,270009.97,56334.0,0.0,1856855.4,3075695.68,0
1,76058.08,138299.0,62240.92,8299922.61,8375980.69,0
1,81820.09,43871.0,0.0,64584.71,146404.79,0
1,318136.12,4593.0,0.0,107588.82,425724.94,0
1,60715.11,0.0,0.0,154555.07,215270.18,0
1,193453.31,54445.0,0.0,5390339.8,5583793.11,0
1,414152.6,21057.0,0.0,256773.85,670926.45,0
1,417870.3,36216.0,0.0,0.0,417870.3,0
1,161644.89,76467.22,0.0,686788.02,848432.91,0
1,577094.69,0.0,0.0,716123.81,1293218.51,0
1,379289.07,0.0,0.0,5061414.59,5210119.23,0
1,128907.71,0.0,0.0,921739.02,1050646.73,0
1,223574.47,0.0,0.0,890039.34,1113613.81,0
0,1172580.34,0.0,0.0,2654407.18,3826987.52,0
1,214110.45,77530.0,0.0,76579.8,337738.93,0
1,292974.64,30667.0,0.0,602942.59,895917.23,0
1,456017.68,178.0,0.0,0.0,456017.68,0
0,3692992.47,0.0,0.0,4250468.72,7943461.19,0
1,96399.68,15975.0,0.0,273759.64,370159.32,0
1,67039.36,0.0,0.0,520794.48,587833.84,0
0,213070.2,32450.0,0.0,34888.15,247958.36,0
1,327900.83,17085.0,0.0,0.0,327900.83,0
1,131182.16,0.0,0.0,464995.14,603175.48,0
1,118271.21,40771.0,0.0,0.0,118271.21,0
0,1021582.12,0.0,0.0,5060327.18,10206620.58,0
1,145225.4,285.0,0.0,69989.47,215214.87,0
1,115059.78,104179.0,0.0,1322805.97,1122053.01,0
0,722240.87,139001.96,0.0,2532347.27,3316224.1,0
1,13834.26,0.0,0.0,1225121.59,1238955.84,0
1,51998.92,25339.0,0.0,5664621.11,5716620.04,0
0,1110803.01,3570.0,0.0,181981.61,1639975.97,0
1,207670.98,23191.0,0.0,2620835.9,2828506.88,0
1,141933.35,29817.0,0.0,5720.96,541006.84,0
0,258902.24,0.0,0.0,3565237.7,3824139.94,0
1,253673.15,0.0,0.0,1791192.44,2044865.59,0
1,392183.8,0.0,0.0,2353913.5,2746097.29,0
1,321260.22,0.0,0.0,3022396.98,3343657.2,0
1,436732.48,29703.0,0.0,17956.88,454689.37,0
1,71440.25,0.0,0.0,480216.81,551657.06,0
0,524921.44,20882.0,0.0,117190.61,642112.05,0
1,190427.52,65225.0,0.0,258.0,0.0,0
0,1280308.11,0.0,0.0,1644678.24,2924986.35,0
1,81557.78,36134.0,0.0,1876843.99,1958401.77,0
1,127099.34,0.0,0.0,1176470.63,1303569.97,0
1,15530.08,0.0,0.0,283795.04,299325.12,0
1,230055.66,0.0,0.0,401565.2,631620.86,0
1,48433.79,0.0,0.0,509863.9,558297.68,0
1,60887.9,32324.0,0.0,306926.17,228788.21,0
1,55110.48,0.0,0.0,1203113.27,1542942.43,0
1,316192.77,41817.0,0.0,0.0,316192.77,0
1,156559.55,55241.0,0.0,0.0,156559.55,0
1,319337.82,0.0,0.0,928928.15,1248265.96,0
1,481548.49,5619.0,0.0,0.0,481548.49,0
1,174119.32,0.0,0.0,246998.67,421117.99,0
1,332210.58,10552.0,0.0,0.0,332210.58,0
1,191128.64,0.0,0.0,192491.41,383620.05,0
1,81432.79,0.0,0.0,156757.03,238189.82,0
1,195675.08,17310.0,0.0,0.0,195675.08,0
1,15201.28,0.0,0.0,865865.03,881066.32,0
1,87045.65,0.0,0.0,8617976.02,8705021.67,0
0,546767.97,0.0,0.0,3796215.45,4342983.41,0
1,206956.95,28205.0,0.0,2787914.98,2994871.92,0
1,72705.3,0.0,0.0,144802.79,217508.09,0
1,23006.33,0.0,0.0,675236.71,698243.04,0
1,116793.95,0.0,0.0,242178.89,358972.84,0
1,461774.42,0.0,0.0,1222690.51,1684464.94,0
1,67671.46,0.0,0.0,1030417.74,1098089.21,0
0,845994.34,0.0,0.0,1737792.31,2630424.33,0
1,204627.19,40793.0,0.0,0.0,204627.19,0
1,18871.85,51968.0,33096.15,3593731.92,3274543.19,0
1,114995.23,32172.0,0.0,0.0,114995.23,0
1,78186.86,7253.0,0.0,2171852.81,2250039.67,0
1,108553.8,0.0,0.0,214305.07,322858.87,0
1,136017.23,10914.0,0.0,50168.0,204820.9,0
1,180090.3,0.0,0.0,387624.04,567714.34,0
1,61633.97,0.0,0.0,303778.75,365412.72,0
1,121302.79,0.0,0.0,700991.18,822293.97,0
1,401128.12,0.0,0.0,684889.33,1086017.45,0
1,63602.56,0.0,0.0,143185.32,189466.34,0
0,70202.33,0.0,0.0,1311349.51,1381551.84,0
0,362161.6,0.0,0.0,1900091.81,1983835.13,0
1,216238.05,70308.0,0.0,1999.7,218237.75,0
1,182249.99,9072.0,0.0,0.0,182249.99,0
0,2174243.15,55722.0,0.0,63081811.62,65256054.77,0
1,463378.36,0.0,0.0,550648.02,1014026.38,0
1,53185.29,596293.0,543107.71,0.0,53185.29,0
1,154502.69,39776.0,0.0,394494.52,548997.21,0
1,38771.89,196416.88,157644.99,437360.55,476132.44,0
1,147342.94,50330.0,0.0,244982.3,392325.25,0
0,186812.17,70636.0,0.0,1228552.4,1415364.57,0
1,56351.88,611867.0,555515.12,3926700.47,3983052.35,0
1,93532.4,0.0,0.0,200123.48,293655.87,0
1,273238.41,28187.0,0.0,109179.41,382417.83,0
1,353581.35,456.0,0.0,2062409.05,2415990.41,0
1,97822.91,100311.0,2488.09,0.0,97822.91,0
1,2126.29,0.0,0.0,727486.43,729612.72,0
1,6205.14,0.0,0.0,1927473.53,1933678.67,0
1,482877.33,10931.0,0.0,1958960.43,2441837.76,0
1,404201.22,10681.0,0.0,1150209.59,1691566.45,0
1,63152.28,12444.0,0.0,35147.27,98299.55,0
0,96036.33,0.0,0.0,1182034.61,1278070.94,0
1,353714.37,65420.0,0.0,109596.71,463311.08,0
0,10000000.0,1797.0,0.0,3519466.82,17022327.56,0
1,150610.37,0.0,0.0,434541.86,585152.23,0
1,31750.98,0.0,0.0,990176.94,1021927.92,0
1,118349.09,105789.74,0.0,890239.42,1008588.51,0
1,348469.7,0.0,0.0,363964.65,712434.35,0
1,249577.6,0.0,0.0,3436086.54,3685664.13,0
1,49858.01,0.0,0.0,1434598.07,1038611.68,0
1,545333.73,0.0,0.0,1480703.1,2026036.83,0
1,229449.18,0.0,0.0,538367.83,767817.02,0
1,296227.17,21017.0,0.0,0.0,296227.17,0
1,148939.01,0.0,0.0,792377.45,941316.47,0
1,28960.63,0.0,0.0,590943.68,619904.32,0
1,80680.73,50522.0,0.0,328417.31,409098.04,0
1,97610.44,14672.0,0.0,4390.85,102001.29,0
1,22947.26,0.0,0.0,210688.46,233635.72,0
1,310841.76,0.0,0.0,1744553.06,2055394.82,0
1,21205.4,0.0,0.0,149082.58,170287.98,0
1,68942.07,50772.0,0.0,0.0,68942.07,0
1,16877.82,256291.0,239413.18,1408250.8,1425128.62,0
1,54079.93,0.0,0.0,5692345.51,5746425.44,0
1,77575.75,31268.0,0.0,326700.77,404276.52,0
1,321873.48,0.0,0.0,330086.8,651960.28,0
1,192827.68,10444.0,0.0,7545028.02,7737855.7,0
1,415946.32,28650.85,0.0,569049.0,984995.32,0
1,55847.72,203915.71,148067.99,1503936.8,1559784.52,0
1,321921.57,0.0,0.0,1242463.69,1564385.26,0
0,1069958.18,25510.0,0.0,700171.16,1770129.34,0
1,239448.08,0.0,0.0,1744163.33,3685991.97,0
0,376348.4,50663.0,0.0,1228667.24,1605015.64,0
1,301039.3,65016.0,0.0,932945.74,1233985.04,0
0,430635.41,0.0,0.0,626909.32,1057544.73,0
1,24245.57,2249.0,0.0,860839.5,885085.07,0
1,196933.2,128769.0,0.0,1424886.53,1621819.73,0
1,5736.27,61522.0,55785.73,1449484.2,1455220.47,0
1,493699.37,0.0,0.0,3454069.53,3947768.89,0
1,37756.74,0.0,0.0,714461.49,752218.23,0
1,375868.45,0.0,0.0,1690284.65,2066153.1,0
0,1133759.4,65758.0,0.0,0.0,1133759.4,0
1,24279.48,598900.0,574620.52,1096793.64,1121073.12,0
1,326112.44,5044.0,0.0,0.0,326112.44,0
1,205105.55,76901.0,0.0,960969.09,1166074.64,0
1,81072.74,0.0,0.0,284646.51,365719.25,0
1,84547.86,11017.0,0.0,330871.58,415419.44,0
1,309906.42,84093.0,0.0,645693.85,955600.26,0
1,273906.25,0.0,0.0,317286.85,591193.1,0
1,8578.94,23477.0,14898.06,132263.88,140842.83,0
1,283697.66,0.0,0.0,3085280.6,3368978.26,0
1,146192.65,410663.01,264470.36,219884.8,366077.44,0
1,93959.86,37085.24,0.0,1495260.81,1589220.67,0
1,45594.15,621942.89,576348.74,2055762.47,2101356.62,0
1,65863.89,0.0,0.0,1754066.58,1819930.47,0
0,470546.59,0.0,0.0,1411992.86,1882539.46,0
1,71920.52,15665.0,0.0,183561.45,255481.97,0
1,406140.33,0.0,0.0,5386667.35,5792807.67,0
1,148304.21,0.0,0.0,182376.1,330680.31,0
1,207555.01,40806.0,0.0,116693.85,324248.86,0
1,36068.02,24354.0,0.0,0.0,36068.02,0
1,234829.36,363.0,0.0,0.0,234829.36,0
1,192088.99,13774.0,0.0,33749.05,225838.05,0
1,47907.84,104912.0,57004.16,0.0,240282.47,0
1,76430.3,0.0,0.0,589042.19,665472.49,0
1,153242.68,69485.4,0.0,721608.8,874851.48,0
1,2700.21,21504.0,18803.79,32466.5,35166.71,0
1,40628.79,0.0,0.0,5911833.68,5952462.47,0
1,32214.33,11025.0,0.0,173660.26,205874.59,0
0,65749.12,0.0,0.0,2928140.12,2993889.25,0
1,197904.82,0.0,0.0,220582.57,418487.39,0
1,301654.78,5228.0,0.0,0.0,301654.78,0
1,208751.01,205326.7,0.0,238689.19,313423.62,0
0,482285.33,12150.0,0.0,909078.71,1391364.03,0
1,60878.61,11070.0,0.0,0.0,60878.61,0
1,505000.29,85.0,0.0,0.0,505000.29,0
1,14705.7,0.0,0.0,20961.44,35667.14,0
1,229901.91,166158.16,0.0,838468.0,1068369.91,0
1,338080.78,0.0,0.0,2017499.76,2355580.54,0
1,243977.89,0.0,0.0,2792311.89,3036289.78,0
1,73674.8,164.0,0.0,136246.74,209921.55,0
0,357559.28,88029.99,0.0,1365769.47,1723328.75,0
1,250537.02,25752.0,0.0,174957.12,425494.14,0
1,37561.05,21872.0,0.0,32796.57,70357.62,0
1,307355.05,148122.0,0.0,0.0,307355.05,0
1,97721.5,348566.39,250844.89,734119.54,831841.04,0
1,294278.0,0.0,0.0,1435518.36,1729796.36,0
1,224508.82,19809.0,0.0,1058724.8,1283233.63,0
1,35512.94,0.0,0.0,2589583.99,2526436.84,0
0,330053.93,0.0,0.0,931837.93,1261891.87,0
0,335174.95,0.0,0.0,906737.34,1241912.29,0
1,91530.43,29043.0,0.0,397107.12,488637.54,0
1,306895.5,255423.43,0.0,6911364.81,7218260.31,0
0,200829.65,8365.0,0.0,112304.01,313133.67,0
1,100486.79,0.0,0.0,330577.32,431064.12,0
1,216624.02,47080.0,0.0,311633.59,528257.62,0
1,244747.97,1492.0,0.0,0.0,244747.97,0
1,208438.52,157914.0,0.0,0.0,208438.52,0
1,139645.36,69546.0,0.0,2053041.62,2192686.98,0
1,47894.8,12416.0,0.0,330195.33,151862.14,0
1,259071.47,11129.0,0.0,977696.88,1236768.35,0
1,34256.48,133571.61,99315.13,312543.67,346800.15,0
1,191179.54,30075.0,0.0,0.0,191179.54,0
1,165270.44,30246.0,0.0,79435.28,244705.72,0
0,1042702.56,850911.0,0.0,300281.39,1342983.96,0
0,346457.32,0.0,0.0,3286733.27,3633190.59,0
1,1633227.0,1633227.0,0.0,2865353.22,4498580.23,1
1,413362.33,79962.0,0.0,967975.3,1381337.63,0
0,5795334.98,0.0,0.0,6982431.76,12777766.74,0
0,1357877.21,0.0,0.0,7933542.23,9291419.44,0
1,132289.64,0.0,0.0,328676.08,460965.72,0
1,33838.8,12791.02,0.0,159630.0,193468.81,0
1,201011.33,0.0,0.0,413021.08,614032.42,0
0,267780.13,0.0,0.0,1781454.83,2049234.97,0
1,160411.21,247850.82,87439.61,5041374.96,5201786.17,0
1,29296.57,39965.0,10668.43,0.0,50332.46,0
1,52264.92,0.0,0.0,27050402.74,27102667.66,0
1,160209.99,0.0,0.0,1329005.77,1489215.76,0
1,292015.66,0.0,0.0,695304.71,987320.37,0
1,345707.01,0.0,0.0,2049286.99,2394994.0,0
1,168418.31,0.0,0.0,2316496.2,2582631.64,0
1,19184.32,10164.0,0.0,988230.59,1731609.9,0
1,89094.02,11674.0,0.0,736844.04,825938.07,0
1,488260.12,57113.0,0.0,6301.06,494561.18,0
1,20633.92,0.0,0.0,1804673.03,1825306.95,0
0,275878.59,17721.0,0.0,0.0,436015.11,0
0,240792.61,5411.0,0.0,0.0,240792.61,0
1,82657.9,0.0,0.0,147884.02,230541.93,0
1,279412.11,101579.38,0.0,438601.23,718013.34,0
1,58881.25,15031.0,0.0,0.0,58881.25,0
1,238237.37,21530.0,0.0,1036306.54,1274543.91,0
1,264945.05,413303.93,148358.88,1155693.57,1420638.62,0
1,9946.53,0.0,0.0,68787.66,78734.19,0
0,105735.0,21326.0,0.0,6640.85,112375.85,0
1,167197.36,0.0,0.0,1458751.88,1625949.24,0
1,143141.17,200294.0,57152.83,0.0,143141.17,0
1,274986.75,21448.0,0.0,0.0,274986.75,0
1,70353.01,1297.0,0.0,1705278.08,1775631.09,0
1,1572.89,132448.0,130875.11,1631272.0,1632844.89,0
1,30292.54,388519.34,358226.8,2858905.57,2889198.12,0
1,292577.12,20025.0,0.0,0.0,292577.12,0
0,715755.74,0.0,0.0,1249083.63,1964839.37,0
1,95080.13,132550.0,37469.87,0.0,95080.13,0
1,4376.54,51260.0,46883.46,336467.83,623690.92,0
1,93549.23,0.0,0.0,4108667.02,4202216.25,0
1,84053.83,0.0,0.0,73.57,84127.4,0
1,177458.74,9315.0,0.0,22376.0,102001.56,0
1,334857.71,0.0,0.0,1250392.15,1338037.82,0
1,407663.19,0.0,0.0,739014.32,1146677.51,0
1,115922.23,207.0,0.0,221850.35,337772.58,0
1,341296.53,50526.78,0.0,1089250.92,1430547.45,0
1,26654.78,0.0,0.0,131929.57,158584.35,0
1,133453.34,97833.0,0.0,138695.09,272148.42,0
1,280712.05,52425.0,0.0,1676424.46,1957136.51,0
1,2872.63,0.0,0.0,865629.72,868502.35,0
1,277329.67,0.0,0.0,974221.76,1251551.43,0
1,355224.58,0.0,0.0,2126651.75,2481876.33,0
1,234422.19,56223.0,0.0,251552.55,485974.75,0
1,354187.6,216907.0,0.0,8983714.17,9201771.16,0
0,70887.86,0.0,0.0,523374.85,594262.72,0
0,524826.7,121070.0,0.0,0.0,524826.7,0
0,1182844.06,2013.0,0.0,3539600.48,4722444.54,0
1,394209.43,0.0,0.0,1580175.06,1974384.5,0
1,224830.3,0.0,0.0,2895079.11,3119909.42,0
1,10256.16,2662.0,0.0,37380.76,47636.92,0
1,232194.47,0.0,0.0,597699.89,829894.37,0
1,285442.61,469190.0,183747.39,0.0,285442.61,0
1,30977.69,0.0,0.0,328052.54,359030.24,0
1,60734.22,20227.0,0.0,61084.21,121818.43,0
1,108745.26,0.0,0.0,2217895.72,2326640.98,0
1,339813.7,5972.0,0.0,386078.19,725891.88,0
1,135917.78,93400.0,0.0,0.0,135917.78,0
1,201038.06,3859.0,0.0,4058701.78,4259739.84,0
1,171588.95,0.0,0.0,285856.3,457445.26,0
1,229065.41,0.0,0.0,504310.25,733375.66,0
1,20602.75,451.0,0.0,173788.32,194391.06,0
1,58743.93,22558.0,0.0,505471.27,564215.2,0
1,369031.7,285600.0,0.0,0.0,369031.7,0
1,57738.81,0.0,0.0,2946721.96,3004460.77,0
1,191977.1,0.0,0.0,260236.36,452213.46,0
1,47628.95,0.0,0.0,195838.34,243467.29,0
1,190078.3,0.0,0.0,4293161.48,4483239.77,0
1,147902.79,105278.0,0.0,111404.14,443499.57,0
1,87.39,23109.0,23021.61,0.0,87.39,0
1,87231.56,0.0,0.0,165047.32,252278.88,0
1,111088.88,0.0,0.0,789700.93,900789.81,0
1,81185.59,9453.72,0.0,1016494.91,1097680.5,0
1,82702.99,0.0,0.0,409361.13,492064.12,0
1,122271.33,91527.84,0.0,2406924.31,2529195.64,0
1,148062.16,0.0,0.0,384522.67,686915.63,0
1,184467.84,0.0,0.0,354086.9,677654.96,0
1,274634.3,58634.0,0.0,0.0,274634.3,0
1,212204.86,25201.0,0.0,1048775.36,1260980.22,0
0,1466019.42,0.0,0.0,1676172.18,3142191.6,0
0,273470.63,0.0,0.0,658848.12,932318.75,0
1,163657.73,0.0,0.0,1415294.6,1918705.72,0
1,282073.34,2148.0,0.0,17844.34,299917.68,0
1,215945.74,0.0,0.0,2700596.45,2916542.19,0
1,105774.1,51.0,0.0,56425.0,0.0,0
1,211144.16,327727.0,116582.83,42305.69,428311.63,0
1,23675.86,42072.0,18396.14,780668.07,804343.94,0
1,158649.98,0.0,0.0,1034132.76,1192782.74,0
1,17814.35,0.0,0.0,683481.37,701295.72,0
1,426564.5,0.0,0.0,1083464.29,1510028.8,0
1,290959.62,0.0,0.0,1523402.2,1814361.82,0
0,414360.91,0.0,0.0,1548316.85,1962677.76,0
1,118938.59,30630.0,0.0,0.0,118938.59,0
1,80445.81,130231.0,49785.19,38307.83,118753.64,0
1,110879.7,0.0,0.0,767058.86,877938.56,0
1,61298.07,59847.0,0.0,11089.77,72387.84,0
1,21803.81,0.0,0.0,1055291.33,1077095.14,0
1,297056.87,0.0,0.0,662687.04,959743.91,0
1,190626.8,0.0,0.0,4068250.97,4258877.77,0
1,161772.04,51480.0,0.0,1529498.29,1691270.33,0
1,36207.17,0.0,0.0,331440.07,367647.23,0
1,38654.9,0.0,0.0,302161.96,340816.86,0
1,308682.12,0.0,0.0,355943.06,664625.18,0
1,180578.12,0.0,0.0,2231093.95,2411672.07,0
1,67444.58,37284.0,0.0,415085.32,670896.17,0
1,366381.51,2373.0,0.0,18496.13,384877.64,0
1,351636.67,0.0,0.0,1765935.92,2429035.07,0
1,83480.92,2055.0,0.0,0.0,83480.92,0
1,263880.28,0.0,0.0,1305647.37,1569527.65,0
1,55250.47,21508.0,0.0,0.0,55250.47,0
1,38281.83,6645.0,0.0,0.0,38281.83,0
1,314222.04,0.0,0.0,673173.05,987395.09,0
1,269113.21,249637.0,0.0,990142.73,1259255.94,0
1,71087.61,442615.83,371528.22,191137.51,262225.12,0
0,669189.17,0.0,0.0,7627455.77,8296644.94,0
1,112891.73,12032.0,0.0,0.0,112891.73,0
1,115291.16,0.0,0.0,1877328.03,1992619.19,0
1,194127.38,756.0,0.0,14415.87,208543.25,0
1,28662.7,0.0,0.0,529729.09,1621178.45,0
1,419806.83,0.0,0.0,1258858.25,1678665.08,0
1,323653.5,152413.0,0.0,50737.72,374391.22,0
1,150261.31,0.0,0.0,2607307.43,2757568.74,0
1,129791.01,0.0,0.0,2230390.0,2360181.02,0
1,562789.46,402.0,0.0,1119838.3,1682627.76,0
1,82545.09,0.0,0.0,209847.34,292392.44,0
1,311065.98,0.0,0.0,1646239.59,1957305.57,0
1,15343.15,21241.0,5897.85,1669525.84,1684868.99,0
1,55252.01,0.0,0.0,237779.59,293031.61,0
1,309715.4,39865.0,0.0,96575.43,406290.83,0
1,105641.23,59510.0,0.0,0.0,105641.23,0
0,381929.52,0.0,0.0,3124252.42,3506181.94,0
1,72427.81,242527.79,170099.98,80464.71,152892.52,0
1,86603.67,52632.0,0.0,3134013.22,3578697.33,0
1,162026.27,0.0,0.0,8587883.38,8749909.65,0
1,23734.79,0.0,0.0,326482.94,350217.73,0
1,137828.33,0.0,0.0,3019587.03,3427906.63,0
1,68287.72,168.0,0.0,2253044.06,2321331.78,0
0,234982.34,0.0,0.0,444179.03,679161.36,0
0,780240.96,0.0,0.0,3329061.11,4109302.07,0
1,47131.69,0.0,0.0,967287.84,1014419.53,0
0,192479.26,0.0,0.0,757915.79,1140952.62,0
1,108384.9,84169.0,0.0,33394.25,141779.15,0
1,24543.39,145230.0,120686.61,43780.5,68323.89,0
1,388255.49,3470.0,0.0,96248.23,484503.72,0
1,89979.21,30338.0,0.0,2938858.46,3028837.67,0
1,238874.78,0.0,0.0,2053418.49,2292293.26,0
1,161915.86,0.0,0.0,1088309.37,1250225.23,0
1,422743.19,0.0,0.0,1319649.31,1742392.49,0
1,309605.82,15566.0,0.0,35085.0,252070.28,0
1,302234.47,0.0,0.0,969135.96,1271370.43,0
1,381504.25,3926.0,0.0,0.0,381504.25,0
1,282233.38,94009.0,0.0,0.0,282233.38,0
0,43746.68,19350.0,0.0,0.0,43746.68,0
1,71729.34,13129.0,0.0,6990012.68,7894111.8,0
1,3225.64,10723.0,7497.36,0.0,3225.64,0
1,173246.12,105614.0,0.0,0.0,173246.12,0
1,142676.26,0.0,0.0,240447.13,383123.39,0
1,61009.18,1569.0,0.0,0.0,0.0,0
1,62887.7,251.0,0.0,0.0,62887.7,0
0,1223674.9,0.0,0.0,11295464.95,12519139.85,0
1,321218.75,15740.0,0.0,10280312.54,10601531.29,0
0,284924.66,0.0,0.0,571744.12,856668.77,0
1,247720.8,10733.0,0.0,0.0,455036.83,0
1,185143.66,0.0,0.0,226046.64,411190.3,0
1,179304.36,216933.0,37628.64,3002838.42,3182142.78,0
1,539001.79,50291.0,0.0,193899.42,732901.21,0
1,180717.18,0.0,0.0,763558.37,944275.56,0
1,228790.88,0.0,0.0,2660810.04,2889600.92,0
1,271434.04,303895.0,32460.96,881640.75,1153074.79,0
1,26606.25,0.0,0.0,2966896.74,2993503.0,0
1,121096.96,816.0,0.0,0.0,121096.96,0
1,231551.57,0.0,0.0,700352.55,931904.12,0
1,294645.43,0.0,0.0,608647.04,903292.47,0
1,163060.56,5838.0,0.0,2418194.65,2581255.21,0
1,149801.63,21259.0,0.0,10809.91,160611.53,0
1,275350.89,0.0,0.0,3837841.32,4113192.21,0
1,190966.69,0.0,0.0,217103.67,408070.36,0
1,32567.46,0.0,0.0,5078617.23,5111184.69,0
1,99595.49,26746.0,0.0,88459.17,188054.66,0
1,67692.3,23698.0,0.0,147109.14,214801.44,0
0,954463.98,0.0,0.0,4049171.38,5003635.36,0
0,804481.24,0.0,0.0,4158832.71,4963313.95,0
0,302573.98,126037.0,0.0,1581179.51,1883753.49,0
0,1054241.39,0.0,0.0,4555478.29,5609719.69,0
1,483522.38,40977.0,0.0,0.0,483522.38,0
1,356889.62,69897.0,0.0,0.0,356889.62,0
0,633761.15,0.0,0.0,1073196.08,2873236.21,0
1,120919.81,31002.0,0.0,0.0,120919.81,0
1,135213.65,0.0,0.0,201859.0,337072.65,0
1,53106.56,160959.0,107852.44,3227.61,56334.17,0
1,325642.06,38055.0,0.0,598621.18,924263.24,0
1,76108.13,0.0,0.0,11178660.26,11254768.39,0
0,140500.0,206.0,0.0,265528.93,362399.39,0
1,450127.86,18484.0,0.0,0.0,298796.65,0
0,254765.86,206929.0,0.0,661633.55,916399.41,0
1,28387.59,0.0,0.0,54169.38,97138.37,0
1,104737.73,780.0,0.0,975905.5,1080643.23,0
1,319554.6,0.0,0.0,1799138.81,2118693.41,0
1,246074.98,0.0,0.0,1371661.07,1617736.05,0
0,315348.7,0.0,0.0,837699.81,1153048.51,0
1,82321.79,0.0,0.0,2917321.41,2999643.19,0
1,195825.52,0.0,0.0,1114514.68,1723811.32,0
1,1440.25,4868.0,3427.75,0.0,1440.25,0
1,9930.94,0.0,0.0,253386.82,263317.76,0
1,120539.83,29812.0,0.0,64845.09,185384.92,0
0,795510.83,0.0,0.0,2021784.36,2817295.2,0
1,454404.85,29779.0,0.0,597632.16,1052037.01,0
1,20914.62,141532.0,120617.38,385178.72,406093.34,0
1,59626.23,30308.0,0.0,0.0,59626.23,0
1,31699.87,0.0,0.0,111620.53,143320.4,0
0,327514.14,178.0,0.0,0.0,327514.14,0
1,364172.53,23392.0,0.0,0.0,364172.53,0
1,104749.96,1494.0,0.0,716911.59,821661.55,0
1,353546.13,69038.0,0.0,1384147.26,1737693.39,0
1,369245.24,103516.0,0.0,0.0,369245.24,0
1,72901.03,267010.0,194108.97,0.0,72901.03,0
1,52004.46,10006.0,0.0,336179.39,388183.85,0
1,104311.56,42115.0,0.0,0.0,104311.56,0
1,140493.42,113290.0,0.0,218883.44,359376.85,0
0,58564.21,14446.0,0.0,614669.31,673233.52,0
1,247474.39,0.0,0.0,1429543.45,1677017.84,0
1,6253.0,0.0,0.0,105664.71,111917.71,0
0,122514.23,0.0,0.0,206100.97,328615.2,0
1,324920.82,0.0,0.0,419765.11,744685.92,0
1,61870.39,14308.0,0.0,0.0,61870.39,0
1,171290.34,110.0,0.0,493898.33,665188.66,0
1,119213.41,0.0,0.0,1404514.79,1523728.2,0
1,168424.93,182830.0,14405.07,292489.29,460914.22,0
0,33196.97,0.0,0.0,133074.27,166271.24,0
1,202513.14,0.0,0.0,726074.26,928587.4,0
1,97983.46,10958.0,0.0,4622973.75,4720957.22,0
1,42099.01,104017.15,61918.14,2921578.06,2963677.07,0
1,285829.58,0.0,0.0,3070197.81,3606159.24,0
1,169507.53,15915.0,0.0,1904468.4,2073975.93,0
1,267204.04,1790.0,0.0,0.0,267204.04,0
1,115477.1,40541.0,0.0,0.0,115477.1,0
1,2752.84,19931.0,17178.16,0.0,2752.84,0
0,113390.79,51650.0,0.0,604691.1,718081.9,0
1,672012.31,603.0,0.0,0.0,672012.31,0
1,142006.49,0.0,0.0,228841.03,370847.53,0
1,26432.32,0.0,0.0,2066931.3,2370830.28,0
0,289493.05,0.0,0.0,472207.74,761700.8,0
1,252854.92,241948.0,0.0,460569.69,713424.61,0
1,8517.82,0.0,0.0,4444727.42,4612920.81,0
1,72175.97,47280.0,0.0,259438.03,331614.0,0
1,72840.44,0.0,0.0,1064852.15,1137692.59,0
1,5736.42,76865.0,71128.58,0.0,5736.42,0
1,225188.3,51486.0,0.0,6448687.51,7176024.62,0
1,90300.23,0.0,0.0,132638.29,104377.2,0
1,451655.86,16550.0,0.0,284440.01,736095.87,0
1,235745.6,0.0,0.0,359647.6,595393.2,0
1,584079.72,0.0,0.0,597755.27,1181835.0,0
1,399951.95,0.0,0.0,4054799.28,4454751.23,0
1,14276.54,119.0,0.0,290546.43,304822.97,0
0,351035.54,0.0,0.0,635948.49,1406886.7,0
0,261812.12,0.0,0.0,630664.82,892476.94,0
1,136422.36,0.0,0.0,280297.37,416719.73,0
1,175948.52,0.0,0.0,245625.97,421574.49,0
1,319592.86,47672.0,0.0,764511.14,1084103.99,0
1,423209.43,0.0,0.0,663395.23,1086604.66,0
1,256874.17,249.0,0.0,285194.68,811545.32,0
1,29460.27,10707.0,0.0,401340.36,430800.63,0
0,18148.32,0.0,0.0,470062.08,488210.4,0
1,83566.95,10680.0,0.0,0.0,83566.95,0
1,209902.02,0.0,0.0,463146.29,673048.31,0
1,149951.79,0.0,0.0,353511.81,503463.6,0
1,294655.14,99682.0,0.0,78385.76,373040.91,0
1,250127.6,260101.0,9973.4,0.0,250127.6,0
1,271986.41,0.0,0.0,478996.53,750982.94,0
0,1239922.43,12588.0,0.0,239426.91,1327229.32,0
1,43557.1,0.0,0.0,8232820.57,8276377.67,0
1,97247.65,0.0,0.0,8844145.36,8941393.01,0
1,336281.35,0.0,0.0,957009.26,1293290.61,0
1,263757.58,0.0,0.0,740519.52,1399463.46,0
1,117570.67,11862.0,0.0,2362801.26,2480371.94,0
1,44257.48,0.0,0.0,1043070.59,1087328.07,0
1,213731.5,0.0,0.0,359199.4,572930.9,0
1,121113.36,0.0,0.0,4054889.97,4176003.33,0
1,134847.06,70566.0,0.0,1323188.62,1458035.67,0
1,19250.97,0.0,0.0,472553.95,491804.92,0
1,454956.86,0.0,0.0,931231.7,1484921.56,0
1,54561.87,531693.0,477131.13,4259.39,58821.26,0
1,175971.17,38656.94,0.0,1329931.84,1505903.02,0
1,547676.22,0.0,0.0,666605.12,1214281.34,0
1,192801.1,0.0,0.0,1091597.87,1284398.97,0
1,65886.87,11446.0,0.0,75086.42,140973.29,0
0,1171697.76,133573.0,0.0,0.0,1171697.76,0
1,141181.72,0.0,0.0,1060822.43,1455862.93,0
1,66966.31,0.0,0.0,306785.86,373752.17,0
1,234149.5,291527.0,57377.5,1976875.53,2211025.02,0
0,1116523.6,6084.0,0.0,31305.96,1147829.56,0
1,540416.47,0.0,0.0,666147.75,1206564.23,0
1,150649.59,28176.0,0.0,0.0,150649.59,0
1,18846.01,108820.0,89973.99,2619870.62,5019401.37,0
0,1796331.56,0.0,0.0,3816973.7,5613305.26,0
1,379205.37,15865.0,0.0,207322.96,586528.33,0
1,254263.39,0.0,0.0,700916.11,1196497.78,0
1,192922.24,0.0,0.0,882714.74,1075636.99,0
1,76746.45,40058.0,0.0,0.0,76746.45,0
1,120217.8,0.0,0.0,770659.92,914849.62,0
1,184089.67,16349.0,0.0,777973.93,962063.6,0
1,183943.94,0.0,0.0,386587.46,570531.4,0
1,49074.23,605911.0,556836.77,123297.05,172371.28,0
1,429333.72,0.0,0.0,1432235.52,1861569.24,0
1,124610.63,0.0,0.0,337400.04,462010.67,0
1,142415.39,244501.47,102086.07,476922.07,798297.19,0
1,82036.47,102577.0,20540.53,3959.1,85995.57,0
1,213191.11,0.0,0.0,547588.53,760779.63,0
1,201659.95,53241.0,0.0,393764.08,595424.03,0
1,122472.77,0.0,0.0,4242413.24,4364886.02,0
1,125885.25,52154.11,0.0,2710395.98,2836281.24,0
1,297901.3,293120.07,0.0,329453.22,627354.52,0
1,168335.8,21802.0,0.0,182497.98,350833.78,0
1,16120.57,0.0,0.0,91188.58,107309.15,0
1,191078.19,0.0,0.0,377415.52,568493.71,0
1,395762.49,14042.0,0.0,297824.77,693587.26,0
1,238164.35,0.0,0.0,461329.91,1181141.75,0
1,172431.8,297626.0,125194.2,85682.5,258114.3,0
1,242353.87,284547.51,42193.63,709804.76,714026.33,0
0,779554.11,0.0,0.0,1286548.84,2066102.95,0
1,135161.18,0.0,0.0,1378431.68,1513592.86,0
0,379252.76,965.0,0.0,0.0,1339686.13,0
1,171834.7,0.0,0.0,358980.05,530814.75,0
1,531213.0,14818.0,0.0,0.0,531213.0,0
1,150234.29,46918.0,0.0,47230.91,197465.21,0
1,359409.32,22323.0,0.0,4869.6,364278.92,0
1,230604.07,1009.0,0.0,43759.0,109479.68,0
1,267571.43,10090.0,0.0,182832.32,450403.75,0
0,273611.27,30170.0,0.0,160675.02,434286.29,0
0,18880.64,0.0,0.0,3122704.97,2872512.05,0
1,243347.45,20046.0,0.0,1496118.34,1739465.79,0
1,194434.13,854059.0,659624.87,243310.71,437744.84,0
0,87173.37,0.0,0.0,1164957.66,1252131.03,0
1,107419.28,0.0,0.0,442119.39,549538.67,0
1,278340.64,186.0,0.0,293812.69,572153.33,0
0,1268106.68,0.0,0.0,1324883.48,2592990.16,0
0,273099.29,0.0,0.0,6121973.19,6395072.48,0
0,166132.96,0.0,0.0,1263488.76,1429621.72,0
1,29954.62,0.0,0.0,39139.63,69094.25,0
1,106044.2,0.0,0.0,2541626.59,2647670.79,0
1,543983.53,0.0,0.0,1565730.5,2109714.03,0
1,76011.01,202097.03,126086.03,12365651.25,12441662.25,0
0,2882081.54,162792.4,0.0,1482693.32,4364774.85,0
1,164087.73,828220.0,664132.27,461574.34,625662.07,0
0,452122.68,0.0,0.0,2032004.53,2484127.21,0
1,326453.94,0.0,0.0,582273.94,908727.87,0
1,20425.6,0.0,0.0,16839927.85,16860353.45,0
1,375689.95,0.0,0.0,814443.57,1190133.52,0
1,53113.87,0.0,0.0,855916.5,909030.37,0
1,90976.89,0.0,0.0,238994.48,329971.37,0
1,146794.97,0.0,0.0,660419.82,807214.79,0
1,246565.26,0.0,0.0,3234711.08,3983123.23,0
0,367336.96,0.0,0.0,553129.29,920466.26,0
1,295340.44,707.76,0.0,416212.42,711552.86,0
1,237174.05,18259.0,0.0,0.0,237174.05,0
1,399104.52,3266.0,0.0,0.0,399104.52,0
1,121921.85,0.0,0.0,1134398.42,1256320.26,0
0,754273.91,31876.0,0.0,22139.0,1044963.27,0
1,63405.13,6080.0,0.0,0.0,63405.13,0
0,420819.08,0.0,0.0,2915035.72,3335854.8,0
0,2385027.8,0.0,0.0,5106990.33,7492018.12,0
1,182510.66,0.0,0.0,232361.32,414871.98,0
1,126846.92,0.0,0.0,3378820.29,3711932.82,0
1,185828.22,71758.65,0.0,67782.08,253610.31,0
1,77252.0,0.0,0.0,631533.71,708785.71,0
0,1040150.95,0.0,0.0,1819346.21,3203446.8,0
0,899188.67,0.0,0.0,2136383.97,3177933.14,0
1,296050.62,0.0,0.0,457015.9,753066.52,0
1,122798.9,0.0,0.0,339793.68,462592.59,0
0,432241.97,0.0,0.0,1179136.19,1611378.16,0
1,136013.76,130911.0,0.0,0.0,136013.76,0
0,372353.34,0.0,0.0,777188.1,1149541.43,0
0,342514.78,0.0,0.0,609161.59,951676.38,0
0,1308531.74,230997.82,0.0,3900167.97,5404313.48,0
1,203329.15,11305.0,0.0,0.0,203329.15,0
1,25567.99,0.0,0.0,1918786.35,1944354.34,0
1,56486.16,243690.83,187204.67,158535.85,215022.01,0
1,146469.28,0.0,0.0,3247244.49,3393713.77,0
1,11288.51,0.0,0.0,3492698.56,3503987.07,0
1,92043.22,876.0,0.0,0.0,92043.22,0
1,337163.47,147.0,0.0,0.0,337163.47,0
0,435222.43,0.0,0.0,1480786.28,1916008.71,0
1,447545.18,0.0,0.0,686467.69,1289730.83,0
0,691216.68,0.0,0.0,2156264.45,2847481.12,0
1,121754.05,20873.0,0.0,143806.98,265561.03,0
0,1403179.73,21585.0,0.0,0.0,1403179.73,0
1,136027.76,277170.02,141142.26,563102.3,699130.06,0
0,973014.74,597545.0,0.0,0.0,973014.74,0
1,92770.32,12407.0,0.0,0.0,92770.32,0
1,54283.54,0.0,0.0,12044159.97,12098443.52,0
1,76352.37,0.0,0.0,395218.49,471570.85,0
0,348992.68,22570.0,0.0,582795.95,931788.63,0
1,169386.8,100280.0,0.0,318679.31,488066.11,0
1,99948.36,0.0,0.0,301002.53,400950.89,0
1,208078.87,730379.0,522300.13,0.0,208078.87,0
0,140817.07,0.0,0.0,325748.81,466565.88,0
0,473857.94,72502.47,0.0,3210403.77,3684261.71,0
1,90210.35,0.0,0.0,998038.57,1088248.92,0
1,485984.51,26344.0,0.0,361360.23,847344.74,0
0,1608935.86,0.0,0.0,56160791.15,57769727.01,0
1,131829.43,104496.0,0.0,3206734.33,3338563.76,0
1,354539.14,90984.0,0.0,101164.23,455703.37,0
0,228133.33,0.0,0.0,7489493.55,7717626.88,0
1,366864.07,104609.23,0.0,452216.11,819080.18,0
1,415554.37,46653.0,0.0,323848.29,739402.67,0
1,74180.79,22205.0,0.0,2606278.47,2680459.26,0
1,110619.79,191.0,0.0,0.0,110619.79,0
1,204160.96,0.0,0.0,1489496.96,1693657.92,0
1,563176.34,173899.0,0.0,365226.3,928402.64,0
1,69720.15,0.0,0.0,599589.01,669309.16,0
1,11782.55,345.0,0.0,956055.44,967837.99,0
1,111982.48,42928.0,0.0,755467.02,867449.5,0
1,378072.69,21017.0,0.0,56266.92,434339.61,0
1,129802.64,29662.7,0.0,650672.44,780475.08,0
1,208100.79,0.0,0.0,1055799.62,1263900.41,0
0,92461.07,1032.0,0.0,0.0,92461.07,0
1,292918.12,0.0,0.0,642352.7,935270.82,0
1,17975.87,24904.3,6928.43,715587.98,733563.85,0
1,401311.27,51396.0,0.0,119505.25,520816.53,0
0,1362962.48,100719.0,0.0,0.0,1362962.48,0
1,309452.46,998.0,0.0,0.0,309452.46,0
1,62532.47,0.0,0.0,164452.62,226985.08,0
1,191194.22,103330.0,0.0,2581897.45,2773091.67,0
1,154440.61,0.0,0.0,2007993.47,2162434.09,0
1,82473.32,497331.0,414857.68,1789910.89,1872384.21,0
1,27358.12,194.0,0.0,0.0,27358.12,0
1,256418.85,0.0,0.0,2557514.82,2813933.67,0
0,880768.41,0.0,0.0,2883793.11,3764561.52,0
1,86468.15,0.0,0.0,628061.91,714530.06,0
1,181498.1,12520.0,0.0,22175031.33,22356529.43,0
0,937802.53,0.0,0.0,981813.02,1919615.56,0
1,520141.23,10953.0,0.0,479491.82,999633.05,0
0,231231.13,0.0,0.0,405592.86,636824.0,0
1,78038.59,0.0,0.0,110637.0,166468.4,0
1,324938.33,625.0,0.0,109878.06,434816.4,0
1,330831.34,90733.0,0.0,0.0,330831.34,0
1,93084.83,0.0,0.0,222619.69,315704.51,0
1,101381.85,102562.29,1180.43,3139985.1,3241366.95,0
1,486926.74,0.0,0.0,9898010.83,10384937.57,0
1,111476.68,0.0,0.0,8854684.25,8966160.93,0
1,71503.52,0.0,0.0,655624.38,727127.89,0
1,389574.77,0.0,0.0,857001.18,1246575.95,0
0,506657.56,42308.0,0.0,1828571.73,2335229.29,0
0,2123309.11,34955.0,0.0,195582.89,2318892.01,0
1,48037.22,0.0,0.0,59457.77,107494.99,0
0,282910.99,0.0,0.0,1272892.58,1555803.57,0
1,145462.46,203929.0,58466.54,758610.91,904073.38,0
1,70961.92,0.0,0.0,1448922.08,1519884.01,0
1,344558.13,0.0,0.0,418110.8,762668.92,0
1,53384.04,59485.0,6100.96,1118160.07,1171544.1,0
1,313296.36,0.0,0.0,753889.03,1067185.39,0
1,64338.26,0.0,0.0,904308.94,968647.19,0
0,30083.0,9299.91,0.0,56669.59,86752.59,0
0,53114.06,8235.0,0.0,1165223.97,1218338.04,0
1,202651.52,52008.0,0.0,233476.28,436127.79,0
1,10096.96,9095.0,0.0,1263887.83,1273984.78,0
1,237727.86,20479.0,0.0,338292.24,576020.1,0
0,116866.83,0.0,0.0,518642.67,635509.5,0
1,28571.72,0.0,0.0,118876.71,147448.44,0
1,195965.61,0.0,0.0,993335.8,1189301.41,0
1,129117.69,20444.0,0.0,0.0,129117.69,0
1,152542.61,8753.0,0.0,4248246.67,4400789.28,0
1,264901.02,42538.51,0.0,1559744.36,1824645.37,0
0,312239.01,0.0,0.0,615912.8,928151.81,0
1,60194.63,166.0,0.0,9692541.38,9752736.01,0
0,2357834.95,3964.94,0.0,6083972.46,11660982.24,0
1,128415.96,0.0,0.0,508517.82,636933.78,0
1,119117.53,0.0,0.0,2076430.33,3022869.34,0
1,91074.46,156028.0,64953.54,383417.62,474492.08,0
1,326804.96,6043.0,0.0,10350.66,337155.62,0
1,118789.89,0.0,0.0,191551.67,310341.56,0
0,8001.5,40079.0,32077.5,0.0,8001.5,0
0,1277458.51,0.0,0.0,1633036.0,2910494.5,0
1,30347.5,0.0,0.0,218311.7,248659.19,0
1,13138.83,0.0,0.0,1405512.56,1418651.39,0
1,249497.59,118.0,0.0,0.0,24027.88,0
1,103801.67,212135.0,108333.33,132137.58,235939.25,0
1,90780.16,0.0,0.0,824693.75,915473.91,0
1,113813.11,0.0,0.0,177644.32,291457.43,0
1,100005.13,0.0,0.0,3210762.93,3310768.06,0
1,183368.85,0.0,0.0,1614859.09,1798227.94,0
1,23406.66,0.0,0.0,4370024.95,4393431.61,0
1,299867.78,0.0,0.0,321265.1,621132.88,0
1,325968.17,0.0,0.0,612835.29,938803.46,0
1,205535.37,0.0,0.0,347028.66,552564.03,0
1,23345.17,0.0,0.0,771470.17,794815.35,0
1,114420.66,0.0,0.0,121192.44,235613.1,0
1,339636.95,876.0,0.0,0.0,339636.95,0
1,30024.55,0.0,0.0,245770.92,275795.47,0
1,318560.23,4059.0,0.0,0.0,403257.76,0
1,152836.31,39724.0,0.0,0.0,152836.31,0
1,146427.72,5512.0,0.0,0.0,146427.72,0
1,255061.97,35368.0,0.0,1262186.9,1517248.87,0
1,62602.47,0.0,0.0,317750.81,380353.27,0
1,92236.82,28691.0,0.0,5250341.59,5101968.3,0
1,126354.53,20647.0,0.0,498385.29,639737.26,0
1,26351.77,569.0,0.0,0.0,26351.77,0
1,219708.5,0.0,0.0,4721097.4,4940805.9,0
1,28762.92,353753.0,324990.08,0.0,28762.92,0
0,597901.42,363676.0,0.0,9608.04,607509.46,0
1,35036.38,0.0,0.0,226325.1,261361.48,0
1,110328.65,0.0,0.0,760303.07,870631.72,0
1,244014.44,0.0,0.0,355716.64,599731.08,0
1,398388.06,0.0,0.0,774859.68,1173247.74,0
0,1004030.23,0.0,0.0,17365905.77,18369936.0,0
0,579902.09,713368.0,133465.91,936144.03,1516046.12,0
1,15968.51,0.0,0.0,166803.15,182771.66,0
1,300215.62,0.0,0.0,770702.39,1070918.01,0
1,86010.92,0.0,0.0,2834160.24,2920171.16,0
0,2907091.25,1694.46,0.0,3448552.64,6355643.89,0
0,477078.66,0.0,0.0,2343477.89,2820556.54,0
1,173121.2,0.0,0.0,577210.35,750331.54,0
1,69844.24,0.0,0.0,7054586.08,8067139.88,0
0,390846.22,0.0,0.0,469090.1,859936.32,0
1,798007.45,798007.45,0.0,156472.57,954480.02,1
1,419335.07,0.0,0.0,1381988.91,1801323.98,0
0,1175903.66,0.0,0.0,13363022.31,14538925.97,0
0,569905.11,116017.0,0.0,581208.4,1151113.5,0
1,180912.56,10952.0,0.0,0.0,180912.56,0
1,259534.59,10028.0,0.0,221293.92,480828.51,0
1,196276.69,0.0,0.0,663054.55,859331.24,0
0,1385775.4,0.0,0.0,2110947.48,3266292.13,0
1,17048.4,0.0,0.0,155125.82,172174.23,0
1,256752.4,0.0,0.0,580191.71,836944.11,0
0,1036292.2,0.0,0.0,2034100.49,2931187.21,0
1,125193.88,63083.0,0.0,850434.9,975628.77,0
0,1305326.75,0.0,0.0,1474514.5,2779841.25,0
1,213194.54,1026.0,0.0,0.0,213194.54,0
1,159785.71,13734.0,0.0,2153919.24,2313704.96,0
0,131291.67,14823.0,0.0,242305.93,373597.59,0
1,103618.55,0.0,0.0,127038.51,230657.07,0
1,34720.68,56232.0,21511.32,2176821.54,2211542.23,0
1,306518.01,41112.0,0.0,4972302.39,5278820.41,0
1,165923.42,0.0,0.0,3447083.78,3613007.2,0
1,200776.99,187750.0,0.0,0.0,200776.99,0
1,105376.81,0.0,0.0,4789420.48,4894797.29,0
0,663923.34,0.0,0.0,2221642.26,2885565.6,0
0,1811262.53,0.0,0.0,3566431.18,5691121.13,0
0,967486.26,0.0,0.0,2388072.94,3355559.2,0
1,331028.0,236574.0,0.0,167397.59,498425.59,0
1,32160.47,53368.0,21207.53,402881.54,435042.01,0
1,256032.16,0.0,0.0,308678.26,564710.43,0
1,264689.39,0.0,0.0,1258820.22,2985960.67,0
1,306404.56,48434.0,0.0,84657.75,391062.31,0
1,65941.53,0.0,0.0,2282770.3,2348711.83,0
1,387631.43,0.0,0.0,854115.64,1241747.07,0
1,213156.74,0.0,0.0,269786.64,482943.38,0
0,3147530.96,202832.0,0.0,583712.48,3731243.44,0
1,140448.29,106075.0,0.0,2361.77,142810.06,0
1,179814.39,0.0,0.0,3659171.61,3838985.99,0
0,67881.38,0.0,0.0,391737.3,459618.68,0
1,157435.09,49692.0,0.0,45786.63,203221.72,0
0,331557.81,0.0,0.0,451932.75,783490.56,0
1,22694.98,0.0,0.0,674242.7,696937.68,0
1,148771.14,52718.0,0.0,0.0,148771.14,0
1,102996.76,46772.0,0.0,92999.22,195995.98,0
1,26165.3,51041.0,24875.7,745384.18,771549.47,0
0,739039.42,0.0,0.0,5185447.54,5924486.96,0
1,129900.38,0.0,0.0,898247.29,1028147.67,0
1,97943.3,0.0,0.0,1815280.48,1913223.78,0
1,140722.87,100184.0,0.0,206201.67,346924.54,0
1,265133.86,0.0,0.0,409912.52,675046.39,0
1,231585.98,0.0,0.0,523481.09,755067.07,0
1,229467.7,117811.0,0.0,265568.37,495036.06,0
0,2281044.16,794.0,0.0,464846.62,2745890.78,0
1,130349.48,22384.0,0.0,82419.94,212769.42,0
1,496.97,0.0,0.0,1733916.38,1734413.36,0
1,111995.02,0.0,0.0,520239.64,632234.65,0
1,74441.76,0.0,0.0,164763.03,239204.79,0
1,92713.8,130273.0,37559.2,0.0,92713.8,0
1,42774.3,119708.0,76933.7,9994.0,44243.93,0
1,90500.03,0.0,0.0,10680378.42,10770878.45,0
1,175246.51,202399.0,27152.49,2124.0,177370.51,0
1,98820.41,0.0,0.0,11043668.21,11142488.62,0
0,92163.07,89003.55,0.0,95811.42,187974.49,0
1,170874.26,0.0,0.0,1219398.53,1390272.79,0
0,757020.07,0.0,0.0,10676998.82,11434018.89,0
1,284286.65,50993.0,0.0,564434.46,848721.11,0
0,673653.24,49678.0,0.0,2618192.18,3291845.42,0
1,377613.97,0.0,0.0,6738525.28,7116139.25,0
1,210144.73,150933.0,0.0,1534852.13,1744996.86,0
0,200567.99,0.0,0.0,1189452.97,1390020.96,0
1,294111.72,0.0,0.0,2905293.8,3199405.52,0
1,108104.03,1548.0,0.0,114937.85,223041.88,0
1,114224.75,0.0,0.0,1054028.56,1168253.31,0
1,359634.85,7546.0,0.0,1072402.98,1432037.83,0
1,60061.3,50772.0,0.0,132749.73,192811.03,0
1,224660.44,0.0,0.0,2923392.75,3148053.19,0
1,214891.02,69711.0,0.0,0.0,214891.02,0
1,324322.34,2.0,0.0,0.0,324322.34,0
1,82511.99,146731.0,64219.01,420030.94,502542.93,0
1,43254.21,65046.0,21791.79,0.0,43254.21,0
1,18975.45,0.0,0.0,1910676.22,2400245.83,0
1,132326.24,0.0,0.0,2588047.82,2720374.06,0
1,148805.5,5164.0,0.0,0.0,148805.5,0
0,133815.58,929.0,0.0,109430.46,243246.04,0
1,95443.95,0.0,0.0,669016.4,764460.35,0
1,39669.4,0.0,0.0,13613841.19,13653510.59,0
1,249225.15,0.0,0.0,1706508.74,1955733.89,0
1,428550.86,35328.0,0.0,0.0,428550.86,0
1,74503.94,0.0,0.0,334491.64,408995.58,0
1,29023.49,248998.0,219974.51,3293108.65,3322132.14,0
1,76278.97,32401.0,0.0,0.0,76278.97,0
1,191355.1,1256.0,0.0,532738.97,724094.07,0
0,66545.23,103.0,0.0,559352.98,625898.21,0
1,156530.89,0.0,0.0,3577047.76,3733578.66,0
1,210493.59,23100.0,0.0,160624.25,371117.85,0
1,404261.15,0.0,0.0,1089914.61,1494175.77,0
1,119671.42,16714.0,0.0,1593485.51,1713156.93,0
1,183173.5,81014.0,0.0,1188119.52,1371293.02,0
1,368067.54,2642.0,0.0,0.0,368067.54,0
0,782509.92,0.0,0.0,3386208.47,4168718.39,0
1,65059.1,16424.1,0.0,234801.97,299861.07,0
1,328190.65,9062.0,0.0,1697566.63,2025757.28,0
1,32895.43,0.0,0.0,13153867.05,13186762.48,0
1,56093.42,0.0,0.0,300026.66,356120.07,0
1,152855.96,0.0,0.0,2151797.92,2304653.88,0
1,22517.39,0.0,0.0,2358819.33,2381336.71,0
1,58240.1,9365.0,0.0,24348.98,82589.08,0
1,2982.52,7337.41,4354.89,230574.95,233557.47,0
1,183513.78,25408.0,0.0,1892210.81,2075724.59,0
0,9476869.3,0.0,0.0,15213811.52,24690680.82,0
1,215837.61,21442.0,0.0,884960.84,1100798.45,0
1,324927.33,74017.21,0.0,335456.57,660383.9,0
0,1539618.42,150901.49,0.0,2219343.34,3758961.76,0
1,324908.76,142246.86,0.0,652258.63,977167.39,0
1,607917.75,0.0,0.0,1372980.33,1980898.08,0
1,124367.53,0.0,0.0,1587402.43,1711769.96,0
0,2084955.39,207007.16,0.0,3083835.76,5168791.15,0
1,13289.74,25323.0,12033.26,4350641.08,4098526.87,0
1,64681.44,71766.0,7084.56,185424.54,250105.98,0
1,245965.44,0.0,0.0,890808.93,1136774.36,0
1,130726.37,865.0,0.0,7540363.08,7671089.45,0
0,404944.46,105415.0,0.0,0.0,404944.46,0
1,218314.23,10067.0,0.0,923262.17,1141576.41,0
1,6317.99,0.0,0.0,1959835.17,1966153.16,0
1,36638.58,0.0,0.0,372580.06,409218.64,0
1,179585.87,11660.0,0.0,0.0,628034.82,0
1,157012.2,21103.0,0.0,0.0,157012.2,0
0,178540.88,30574.0,0.0,0.0,178540.88,0
1,246221.14,85054.0,0.0,0.0,246221.14,0
1,46562.48,0.0,0.0,95924.62,142487.1,0
0,17871966.53,0.0,0.0,20036172.87,37908139.4,0
1,83870.55,0.0,0.0,2315003.8,1902529.2,0
1,354708.33,24366.0,0.0,68257.71,422966.03,0
1,236261.1,126631.31,0.0,0.0,236261.1,0
0,618816.72,12085.0,0.0,10089604.29,10708421.01,0
1,26716.07,454116.38,427400.31,130355.86,157071.93,0
0,260653.53,0.0,0.0,271899.19,545340.85,0
1,12093.01,169.0,0.0,0.0,12093.01,0
1,105912.16,7070.0,0.0,0.0,105912.16,0
1,286504.06,0.0,0.0,1037343.67,1323847.73,0
0,2103688.55,0.0,0.0,4476595.4,6604465.0,0
1,152426.57,0.0,0.0,727845.64,880272.2,0
1,279794.55,15327.0,0.0,0.0,279794.55,0
0,925532.5,0.0,0.0,1738905.72,2664438.22,0
1,92496.61,0.0,0.0,7753313.74,7845810.35,0
1,338973.64,146950.0,0.0,0.0,338973.64,0
1,179840.94,41914.0,0.0,2789861.02,2969701.96,0
1,244292.13,58171.0,0.0,16560.0,260852.13,0
1,120588.34,69985.0,0.0,0.0,120588.34,0
0,4171994.35,14751.0,0.0,5241.46,4177235.81,0
1,87800.99,145782.0,57981.01,12005.16,99806.14,0
1,228205.19,0.0,0.0,432007.76,660212.95,0
1,43650.03,0.0,0.0,5243684.73,5287334.76,0
1,46294.19,0.0,0.0,163982.47,210276.66,0
1,91225.09,0.0,0.0,176933.48,268158.57,0
1,123256.32,0.0,0.0,768011.21,891267.54,0
1,487230.33,10001.0,0.0,0.0,487230.33,0
1,525858.32,13538.0,0.0,114.0,545254.33,0
0,566980.4,0.0,0.0,1223489.11,1790469.52,0
1,215555.76,443614.0,228058.24,0.0,215555.76,0
1,33676.65,106739.0,73062.35,0.0,33676.65,0
0,89712.9,0.0,0.0,4725693.77,4815406.67,0
1,297860.56,85478.0,0.0,144872.61,442733.18,0
1,196288.81,110373.0,0.0,562525.34,758814.15,0
1,15497.37,0.0,0.0,2209906.64,2414412.54,0
1,102164.99,0.0,0.0,1841450.72,1943615.71,0
1,277602.02,0.0,0.0,594671.67,872273.68,0
1,12650.23,20123.0,7472.77,654372.24,667022.47,0
1,198578.71,281728.0,83149.29,367447.11,566025.82,0
1,37330.25,0.0,0.0,1798527.97,1835858.22,0
1,47477.42,0.0,0.0,209707.23,257184.65,0
1,145185.97,151288.0,6102.03,0.0,145185.97,0
1,95375.48,0.0,0.0,217572.25,312947.73,0
1,149114.92,35699.0,0.0,142319.83,291434.75,0
1,832727.11,70849.0,0.0,0.0,832727.11,0
0,341163.93,0.0,0.0,487717.73,828881.66,0
1,177809.63,0.0,0.0,195249.61,373059.24,0
1,29097.67,706.0,0.0,0.0,29097.67,0
1,126424.86,97413.0,0.0,1861775.55,2111966.18,0
1,292301.68,0.0,0.0,565226.47,857528.15,0
1,14008.29,5503.0,0.0,68527.36,82535.64,0
1,30956.5,0.0,0.0,585277.55,616234.05,0
1,345644.2,0.0,0.0,483059.03,828703.23,0
1,170080.68,0.0,0.0,641384.13,811464.81,0
1,26112.18,86666.0,60553.82,0.0,26112.18,0
1,266279.38,0.0,0.0,8384558.03,8650837.41,0
1,162664.68,0.0,0.0,1044540.49,1207205.17,0
1,70167.67,66.0,0.0,9248.14,79415.81,0
1,5780.43,0.0,0.0,329642.52,335422.95,0
1,179671.67,8406.0,0.0,0.0,179671.67,0
1,293577.67,242.0,0.0,6800.45,300378.12,0
1,2992.73,52012.0,49019.27,138893.55,141886.28,0
1,106893.1,279649.09,172755.99,27296020.59,27402913.7,0
1,268257.43,685.0,0.0,412908.88,681166.31,0
0,171134.98,0.0,0.0,1002232.01,1173366.99,0
1,392899.35,0.0,0.0,4125122.75,4518022.09,0
1,208940.78,80830.0,0.0,0.0,208940.78,0
1,89024.91,12488.0,0.0,0.0,397902.5,0
1,233849.3,245015.0,11165.7,90308.93,324158.23,0
1,10318.18,11636.0,1317.82,0.0,10318.18,0
0,673000.75,0.0,0.0,2306045.78,2979046.53,0
1,361091.49,435.0,0.0,1454101.58,1694456.76,0
0,46784.19,23507.63,0.0,3622463.16,3669247.35,0
1,69130.5,0.0,0.0,852035.12,921165.62,0
1,223322.51,102902.4,0.0,288251.79,511574.3,0
1,123429.6,0.0,0.0,491930.44,615360.04,0
1,88701.68,13188.0,0.0,0.0,88701.68,0
0,643919.74,0.0,0.0,4193805.73,4837725.48,0
1,37902.27,0.0,0.0,366571.11,404473.38,0
1,237896.61,0.0,0.0,2512850.03,2750746.63,0
1,15653.26,0.0,0.0,513555.56,529208.82,0
1,179325.15,0.0,0.0,775808.5,955133.65,0
1,111370.71,0.0,0.0,209768.05,321138.76,0
0,417949.77,379008.13,0.0,1173033.2,1590982.97,0
1,75732.23,100082.0,24349.77,6616160.98,6691893.21,0
1,179333.16,4530.0,0.0,13653507.46,13957109.65,0
1,33812.18,64186.0,30373.82,408326.73,442138.91,0
1,179599.5,2566.0,0.0,192804.1,372403.6,0
1,39087.76,113462.0,74374.24,10657583.29,10696671.05,0
1,220736.94,10365.0,0.0,705571.03,926307.97,0
1,2164.16,0.0,0.0,2017782.61,2019946.77,0
1,228893.7,30385.0,0.0,5595260.76,5824154.46,0
1,499632.18,0.0,0.0,520331.02,1019963.2,0
1,165576.99,793.0,0.0,1310211.45,1475788.44,0
1,132023.53,0.0,0.0,1329099.13,1461122.67,0
0,3232104.2,174.0,0.0,1125117.28,4357221.49,0
1,84767.78,0.0,0.0,5085846.93,5170614.71,0
1,547975.47,13021.0,0.0,39838.0,587813.47,0
1,173119.7,0.0,0.0,3548211.1,3721330.81,0
1,204639.59,0.0,0.0,458556.8,663196.4,0
1,51612.54,0.0,0.0,797692.0,849304.54,0
1,352661.61,1502.0,0.0,244477.92,597139.53,0
1,250341.95,205206.0,0.0,0.0,250341.95,0
1,19740.99,0.0,0.0,120726.84,140467.83,0
1,111914.13,6523.0,0.0,267041.49,378955.62,0
1,120624.03,40102.0,0.0,0.0,120624.03,0
0,291945.09,5248.0,0.0,1449395.63,1741340.72,0
1,25916.77,39925.0,14008.23,409957.37,435874.13,0
1,159623.64,400.0,0.0,0.0,159623.64,0
1,252060.85,106138.0,0.0,0.0,252060.85,0
1,211944.13,0.0,0.0,812630.89,1024575.02,0
1,186946.25,311476.0,124529.75,179096.36,366042.61,0
1,210243.63,101264.0,0.0,1220.61,211464.23,0
1,67004.42,36052.0,0.0,1124390.31,1191394.73,0
1,113363.28,1560.0,0.0,6933286.35,7046649.62,0
1,43172.08,14033.0,0.0,0.0,43172.08,0
1,425406.38,0.0,0.0,764382.12,1189788.49,0
1,171968.92,74592.0,0.0,22017241.5,22189210.42,0
1,55642.23,505.0,0.0,221525.5,277167.73,0
0,428917.06,0.0,0.0,9547421.58,9976338.64,0
1,306082.37,0.0,0.0,427170.04,733252.41,0
1,147392.91,0.0,0.0,511663.9,659056.81,0
0,73668.32,0.0,0.0,479845.11,553513.43,0
0,92193.38,11981.32,0.0,388314.67,480508.05,0
1,323291.9,0.0,0.0,374019.72,697311.62,0
0,1162601.77,0.0,0.0,1707291.42,2869893.19,0
1,327893.28,0.0,0.0,3433137.06,3834044.61,0
1,138095.78,0.0,0.0,173325.59,311421.36,0
1,5093.74,0.0,0.0,1157970.46,1163064.2,0
1,41275.32,25601.0,0.0,370632.51,411907.83,0
1,284510.38,6247.0,0.0,296357.96,580868.34,0
1,40349.69,0.0,0.0,222080.25,262429.94,0
1,214063.1,24628.0,0.0,85039.0,190805.03,0
1,36903.78,0.0,0.0,672012.85,708916.63,0
0,558880.47,0.0,0.0,2680484.48,3250427.7,0
1,334090.24,41907.0,0.0,6827443.79,7161534.03,0
1,159402.84,0.0,0.0,0.0,159402.84,0
1,275697.59,0.0,0.0,1267019.42,1542717.01,0
1,1985.55,20737.0,18751.45,69620.66,71606.21,0
1,97989.01,34136.0,0.0,3612855.85,3710844.86,0
1,473707.42,0.0,0.0,572075.85,1045783.27,0
1,359935.76,2137.0,0.0,6483354.78,6843290.54,0
1,157363.13,0.0,0.0,796939.13,954302.26,0
1,195048.91,0.0,0.0,1826007.67,2492929.65,0
1,101365.54,0.0,0.0,388841.32,490206.87,0
0,1413126.22,0.0,0.0,1471746.37,2884872.59,0
1,364575.94,19917.0,0.0,0.0,364575.94,0
1,189545.78,124945.0,0.0,522332.6,997686.8,0
1,10510.81,0.0,0.0,11086705.88,11097216.69,0
1,138165.27,102082.0,0.0,235678.44,373843.71,0
1,198469.09,2450.0,0.0,0.0,198469.09,0
0,994439.21,15596.0,0.0,310019.75,1304458.96,0
1,173678.38,0.0,0.0,3270195.67,3591794.34,0
1,126356.68,4353.0,0.0,152827.64,279184.32,0
1,160213.77,1354.0,0.0,268928.23,429142.01,0
1,230969.23,0.0,0.0,309279.34,540248.57,0
0,33727.3,0.0,0.0,430068.04,463795.34,0
1,47949.79,0.0,0.0,418931.21,466881.0,0
1,208124.29,41834.0,0.0,0.0,208124.29,0
1,119895.38,51543.0,0.0,0.0,119895.38,0
1,227996.72,0.0,0.0,739752.83,967749.56,0
1,169929.57,0.0,0.0,1356552.9,1526482.47,0
0,1956830.52,29385.0,0.0,2695.99,2153659.33,0
0,3702902.52,0.0,0.0,4077190.72,7780093.24,0
1,224669.6,2228.0,0.0,54205.42,278875.01,0
0,201135.98,20566.62,0.0,1491478.6,1692614.58,0
1,174117.56,377.0,0.0,7260.36,181377.92,0
1,221358.71,153.0,0.0,103242.45,189989.8,0
1,489795.25,0.0,0.0,10221908.06,10711703.3,0
1,323508.09,1270.0,0.0,411741.82,735249.91,0
1,520706.86,0.0,0.0,649430.9,1170137.75,0
1,7783.44,1071.0,0.0,0.0,7783.44,0
1,97881.46,39780.0,0.0,212052.0,290834.7,0
1,156569.36,40713.0,0.0,549443.21,925777.16,0
1,63359.51,601132.0,537772.49,0.0,63359.51,0
1,98975.18,106951.0,7975.82,882857.85,981833.03,0
1,100772.65,100468.0,0.0,0.0,100772.65,0
1,43326.74,0.0,0.0,9671467.19,9714793.93,0
1,219304.96,53782.0,0.0,2764361.77,3877625.11,0
1,395636.53,0.0,0.0,6337075.01,6732711.55,0
0,358139.46,265.0,0.0,0.0,358139.46,0
1,131846.44,492.0,0.0,563860.55,695706.99,0
0,579637.64,0.0,0.0,5940082.01,6519719.65,0
0,946305.32,12060.0,0.0,994995.28,1941300.6,0
1,869.43,42909.0,42039.57,89228.67,90098.1,0
1,203698.97,10197.0,0.0,406150.63,609849.6,0
1,158920.75,279.0,0.0,0.0,158920.75,0
1,57688.08,27446.0,0.0,20337.37,78025.45,0
1,151790.75,82647.0,0.0,409288.36,561079.11,0
0,683701.36,49879.0,0.0,450294.27,1133995.63,0
1,198485.31,0.0,0.0,3316387.91,3165999.2,0
1,86199.85,31218.0,0.0,145843.71,232043.55,0
1,272737.17,5016.0,0.0,0.0,272737.17,0
1,255562.91,10110.0,0.0,66418.65,321981.56,0
1,366254.62,0.0,0.0,2446174.32,2812428.94,0
1,153380.23,50567.0,0.0,2462174.13,2615554.36,0
0,117907.08,0.0,0.0,2054815.45,2172722.53,0
1,313832.68,7318.0,0.0,49805.68,363638.35,0
1,8817.37,0.0,0.0,1152064.86,1160882.23,0
0,1626511.64,0.0,0.0,4762529.68,6389041.32,0
1,91359.79,525049.39,433689.6,2116018.68,2207378.47,0
1,348391.75,146619.0,0.0,0.0,348391.75,0
1,250923.69,30618.0,0.0,285824.94,536748.62,0
1,223455.0,6025.0,0.0,0.0,223455.0,0
1,88824.39,21067.0,0.0,0.0,88824.39,0
1,35341.36,0.0,0.0,771537.42,806878.78,0
1,47796.77,0.0,0.0,65616.52,113413.3,0
1,24323.67,10228.0,0.0,0.0,24323.67,0
0,107102.6,0.0,0.0,271416.01,378518.61,0
1,158101.29,9561.0,0.0,743134.43,901235.72,0
1,83968.55,444978.31,361009.76,210129.76,294098.31,0
1,19724.88,0.0,0.0,5551019.21,5570744.08,0
1,357328.82,30276.64,0.0,37886.86,395215.67,0
0,45019.88,79789.23,34769.35,1427152.32,1472172.21,0
1,110783.19,23033.0,0.0,194648.82,305432.01,0
1,59665.86,30315.0,0.0,229076.42,288742.29,0
0,200198.15,0.0,0.0,229974.83,430172.98,0
1,433281.09,5783.0,0.0,0.0,433281.09,0
1,136162.55,0.0,0.0,11182472.55,11318635.1,0
1,161360.3,0.0,0.0,235071.87,396432.18,0
0,36011.41,11030.0,0.0,0.0,36011.41,0
1,56755.49,0.0,0.0,2038702.41,2095457.9,0
1,153056.32,0.0,0.0,1265685.42,1418741.74,0
1,298877.14,0.0,0.0,435118.33,733995.46,0
1,321281.91,0.0,0.0,678172.07,999453.98,0
1,331626.8,0.0,0.0,1805113.21,2136740.0,0
1,310198.58,10944.0,0.0,1030501.82,1340700.4,0
1,106419.81,69828.0,0.0,734684.58,841104.39,0
0,488125.38,30678.0,0.0,191354.74,679480.12,0
1,23020.83,316579.04,293558.21,108126.6,131147.43,0
0,1281201.45,0.0,0.0,2188405.26,3469606.71,0
1,140296.57,0.0,0.0,400284.71,540581.29,0
1,89827.53,14669.0,0.0,14296.25,104123.78,0
1,279598.45,0.0,0.0,467415.82,901924.63,0
1,50631.61,0.0,0.0,6109272.0,6159903.62,0
1,45615.75,0.0,0.0,420626.82,466242.57,0
0,552363.8,144495.0,0.0,456924.89,1009288.69,0
1,218416.83,136986.81,0.0,146278.01,364694.85,0
0,1757243.04,0.0,0.0,9914017.69,11671260.72,0
1,118841.37,23652.0,0.0,0.0,118841.37,0
1,136928.67,0.0,0.0,5679485.96,5816414.64,0
0,54210.84,0.0,0.0,59625.6,113836.44,0
1,105861.09,0.0,0.0,3569299.49,3675160.58,0
0,1306540.2,0.0,0.0,1343438.9,2649979.1,0
1,12612.52,0.0,0.0,294004.18,306616.69,0
1,255903.81,0.0,0.0,903792.62,1159696.43,0
1,356819.09,16477.0,0.0,123422.7,480241.8,0
1,236904.9,31464.0,0.0,2428772.42,2665677.32,0
1,408908.52,0.0,0.0,1248291.34,1657199.86,0
0,1455649.9,69575.0,0.0,590587.74,2046237.64,0
1,485082.67,0.0,0.0,2626074.45,3111157.12,0
1,51882.38,845880.0,793997.62,2797320.45,2650071.54,0
1,337516.16,272.0,0.0,4797602.17,5135118.33,0
1,118917.15,8071.0,0.0,231080.12,349997.27,0
1,127202.0,19233.0,0.0,344217.83,471419.82,0
1,75795.38,0.0,0.0,1561693.68,1637489.06,0
1,577752.99,0.0,0.0,2744616.08,3322369.07,0
1,21985.96,91507.35,69521.39,167960.14,189946.1,0
1,584778.72,348974.26,0.0,2977763.54,3562542.26,0
0,1559084.78,211019.0,0.0,1536239.73,3095324.51,0
1,398436.07,10731.0,0.0,3140788.83,3539224.89,0
1,256437.09,0.0,0.0,475940.16,732377.25,0
1,214069.03,142.0,0.0,0.0,214069.03,0
1,241218.9,2.0,0.0,0.0,241218.9,0
1,20849.05,0.0,0.0,1204395.44,1249389.88,0
0,454853.66,0.0,0.0,2284007.16,2738860.82,0
0,235511.4,0.0,0.0,259480.01,494991.4,0
1,158276.29,0.0,0.0,2302224.33,2460500.61,0
1,201968.17,355893.0,153924.83,23275.0,225243.17,0
1,845.15,0.0,0.0,120568.46,121413.61,0
1,232544.84,0.0,0.0,4231578.79,4464123.63,0
0,478940.02,9868.46,0.0,3011551.55,3490491.57,0
1,116958.95,0.0,0.0,218069.64,335028.59,0
0,315640.37,301865.0,0.0,0.0,315640.37,0
1,347943.18,5257.0,0.0,69720.62,417663.8,0
1,287448.37,0.0,0.0,1936502.77,2223951.14,0
0,356461.54,0.0,0.0,479505.38,835966.93,0
1,87182.97,0.0,0.0,921723.36,1008906.33,0
1,195989.15,33131.0,0.0,0.0,0.0,0
0,606920.11,606920.11,0.0,0.0,0.0,1
1,209783.97,117479.0,0.0,0.0,209783.97,0
1,77457.86,12375.0,0.0,1100392.81,1177850.67,0
1,4395.52,0.0,0.0,6006524.44,6010919.95,0
1,3741.71,196823.75,193082.04,1246913.81,1250655.53,0
1,33970.0,0.0,0.0,2423735.34,2457705.33,0
1,43283.63,0.0,0.0,549179.98,592463.62,0
1,216032.09,7629.0,0.0,0.0,216032.09,0
1,190147.73,0.0,0.0,2348470.99,2538618.72,0
1,290661.0,31427.0,0.0,394459.91,685120.91,0
1,95445.57,0.0,0.0,399451.81,494897.37,0
1,382012.75,30652.0,0.0,23593.58,405606.33,0
1,295042.71,23466.0,0.0,0.0,295042.71,0
1,93806.38,0.0,0.0,253356.84,347163.23,0
1,69164.6,0.0,0.0,3980134.68,4049299.27,0
0,156350.83,9420.35,0.0,427102.66,583453.49,0
0,1054242.71,0.0,0.0,14520747.8,15574990.51,0
1,406612.44,0.0,0.0,474483.98,1018311.2,0
1,132137.61,0.0,0.0,5794414.4,5926552.01,0
1,119812.82,1097.0,0.0,0.0,119812.82,0
1,148638.89,0.0,0.0,744669.46,893308.35,0
1,355337.29,0.0,0.0,620581.92,975919.21,0
0,573246.95,10833.0,0.0,0.0,714034.84,0
1,298090.15,19847.0,0.0,0.0,298090.15,0
1,86162.05,0.0,0.0,362240.49,448402.54,0
1,405600.94,13015.0,0.0,3047174.81,3452775.75,0
1,142124.45,456534.0,314409.55,91174.63,233299.08,0
1,252236.39,30696.0,0.0,1857087.24,2109323.64,0
1,17074.94,0.0,0.0,4895688.43,4912763.37,0
1,333510.98,0.0,0.0,538574.35,986788.56,0
0,856920.78,59440.0,0.0,663427.52,1520348.3,0
1,95740.09,0.0,0.0,2557685.84,2797909.09,0
1,34441.28,42634.43,8193.15,116676.22,151117.5,0
1,377347.0,22316.0,0.0,0.0,377347.0,0
1,216468.78,0.0,0.0,466786.92,683255.7,0
1,219482.62,11558.0,0.0,235528.57,715198.15,0
1,29413.3,0.0,0.0,37239.05,66652.35,0
0,1963733.42,28288.0,0.0,0.0,1963733.42,0
1,72163.52,21366.0,0.0,591806.5,663970.02,0
1,374056.22,42832.0,0.0,744545.46,1118601.68,0
1,132119.9,107771.0,0.0,62694.69,228227.61,0
1,188110.32,105734.0,0.0,1409765.39,1597875.7,0
1,2208.8,0.0,0.0,82992.24,85201.04,0
1,476678.43,40646.0,0.0,203309.65,784141.34,0
1,36706.76,163706.0,126999.24,0.0,36706.76,0
0,760600.14,370.0,0.0,0.0,760600.14,0
1,329478.5,26867.0,0.0,0.0,329478.5,0
1,119252.27,0.0,0.0,2063169.91,2182422.18,0
0,472675.24,0.0,0.0,2953874.41,3426549.66,0
0,729788.91,508970.0,0.0,0.0,729788.91,0
0,180239.02,0.0,0.0,844531.51,1024770.53,0
1,134602.61,31069.0,0.0,272767.09,407369.71,0
0,388359.53,0.0,0.0,1094384.4,1304291.41,0
1,119026.38,104101.0,0.0,2958229.58,3077255.96,0
1,34271.3,11872.32,0.0,605397.22,639668.52,0
1,143782.87,0.0,0.0,377889.54,521672.41,0
1,161295.7,0.0,0.0,1527563.37,1688859.08,0
1,220977.34,107716.0,0.0,22482.0,106274.21,0
0,732290.18,0.0,0.0,953902.0,1686192.18,0
1,287251.72,45775.0,0.0,262368.73,817839.9,0
1,62805.98,300146.23,237340.25,390212.03,453018.01,0
1,402037.63,5710.0,0.0,3211747.7,3613785.33,0
1,358042.5,0.0,0.0,862352.28,1220394.78,0
1,227689.92,0.0,0.0,3022494.97,3250184.89,0
1,22835.89,9.0,0.0,618038.08,640873.97,0
1,11893.34,0.0,0.0,974484.29,870322.51,0
1,200204.35,40995.0,0.0,641435.45,841639.8,0
1,65605.64,0.0,0.0,712004.91,777610.55,0
1,432572.53,0.0,0.0,624142.94,1056715.46,0
1,119253.92,0.0,0.0,3273525.69,3392779.61,0
0,2150270.32,14484.0,0.0,322049.38,2472319.7,0
1,76052.7,0.0,0.0,4688604.96,4764657.65,0
0,571298.98,0.0,0.0,1351991.79,1923290.78,0
1,151778.23,4579.0,0.0,9670.57,161448.81,0
0,1364016.43,13664.0,0.0,0.0,1364016.43,0
1,265372.68,0.0,0.0,2200945.76,2466318.44,0
1,16479.34,0.0,0.0,37764.49,54243.83,0
1,110656.04,1518.0,0.0,1604930.29,1715586.33,0
1,183015.56,422.0,0.0,360688.32,543703.87,0
1,91957.98,0.0,0.0,292182.23,384140.21,0
0,794455.35,31410.0,0.0,213446.4,1007901.75,0
0,372727.98,0.0,0.0,1831048.88,2203776.86,0
1,171919.8,201866.02,29946.21,181349.43,353269.24,0
1,111575.99,0.0,0.0,3458242.3,3569818.29,0
1,101528.24,0.0,0.0,1036005.77,1137534.01,0
1,206853.41,0.0,0.0,5871433.16,6078286.57,0
1,483254.56,0.0,0.0,1405287.26,2241167.99,0
0,2953303.26,200444.0,0.0,181066.56,3134369.81,0
1,153877.42,341.0,0.0,545403.61,699281.03,0
1,121505.9,0.0,0.0,4741747.66,4863253.56,0
1,99216.04,31218.0,0.0,0.0,99216.04,0
1,167611.61,0.0,0.0,368278.42,555108.25,0
1,215602.52,30884.0,0.0,680661.65,896264.17,0
1,184755.13,19642.0,0.0,0.0,184755.13,0
1,70473.37,0.0,0.0,2279235.28,2543079.47,0
1,46222.1,0.0,0.0,420327.28,466549.39,0
1,169622.91,0.0,0.0,2342291.4,2511914.31,0
1,207628.48,0.0,0.0,763862.26,971490.74,0
1,283418.38,471269.11,187850.73,11223023.08,11506441.46,0
1,241488.05,460.0,0.0,3392536.48,3634024.53,0
1,14729.1,0.0,0.0,132963.66,147692.75,0
1,203185.72,0.0,0.0,998894.96,1202080.68,0
0,98971.08,0.0,0.0,128810.83,227781.92,0
1,75148.84,0.0,0.0,87053.19,162202.04,0
1,29393.47,0.0,0.0,248925.19,278318.66,0
1,474056.82,0.0,0.0,1189996.83,1664053.65,0
1,231461.41,0.0,0.0,706252.42,937713.83,0
1,121486.52,3063.23,0.0,213166.48,334653.0,0
1,269683.91,0.0,0.0,545026.2,814710.11,0
1,62827.24,31903.0,0.0,0.0,62827.24,0
0,23266.29,87688.0,64421.71,0.0,23266.29,0
1,56973.49,0.0,0.0,1076615.24,1133588.73,0
1,145403.48,161793.0,16389.52,1097502.96,1242906.44,0
1,38935.61,0.0,0.0,940169.36,979104.97,0
0,731428.77,138963.0,0.0,0.0,731428.77,0
1,146605.66,0.0,0.0,819448.31,966053.97,0
1,150668.46,25512.0,0.0,786395.22,1090621.65,0
1,258970.85,76896.0,0.0,0.0,111984.0,0
1,11263.71,42793.0,31529.29,37710.93,48974.64,0
0,1075941.28,0.0,0.0,6475129.26,7551070.53,0
1,108273.37,0.0,0.0,521362.11,629635.48,0
0,205336.82,0.0,0.0,364327.68,569664.5,0
1,80652.44,0.0,0.0,1022751.53,1103403.97,0
1,281065.62,11385.0,0.0,0.0,281065.62,0
1,255648.44,323287.25,67638.81,528471.19,784119.63,0
1,190074.86,354409.0,164334.14,0.0,190074.86,0
1,127920.68,0.0,0.0,356267.69,484188.37,0
0,64658.41,948.08,0.0,871903.28,1459472.51,0
1,207258.2,27002.0,0.0,74059.07,281317.27,0
1,60584.94,22273.0,0.0,658506.51,719091.45,0
1,58029.84,227361.0,169331.16,269969.06,327998.9,0
1,95262.28,9908.0,0.0,989327.36,1084589.64,0
1,225186.9,0.0,0.0,5591364.6,5816551.5,0
0,950308.7,1487.0,0.0,256165.09,1206473.8,0
0,1254142.98,511934.0,0.0,0.0,1254142.98,0
0,23402.28,1276.0,0.0,189077.58,212479.86,0
0,227116.76,0.0,0.0,1522167.95,1749284.72,0
1,146632.17,0.0,0.0,774027.5,920659.67,0
1,55128.28,19953.0,0.0,0.0,55128.28,0
1,308036.28,5013.0,0.0,0.0,308036.28,0
0,146085.29,0.0,0.0,345829.29,491914.58,0
0,321462.28,481.0,0.0,586179.01,907641.29,0
1,250838.22,0.0,0.0,2198959.7,2449797.92,0
1,123487.67,0.0,0.0,9338179.89,9461667.56,0
1,299598.2,0.0,0.0,4683855.68,4983453.88,0
1,173244.52,202817.0,29572.48,207027.02,380271.54,0
1,49820.77,0.0,0.0,1869481.53,1919302.3,0
1,197910.14,4004.1,0.0,878886.67,4042386.17,0
0,1361.29,16479.0,15117.71,5058.0,0.0,0
0,47444.17,20203.0,0.0,0.0,47444.17,0
1,183173.61,0.0,0.0,3226601.35,3409774.96,0
0,752841.35,0.0,0.0,1827996.81,2580838.16,0
0,195878.15,0.0,0.0,9200044.11,9395922.25,0
1,152406.97,11198.0,0.0,26160.81,178567.78,0
1,334388.75,0.0,0.0,9991337.92,10325726.67,0
1,445413.0,2523.0,0.0,0.0,445413.0,0
0,160298.16,138795.0,0.0,828714.89,989013.05,0
1,51248.38,0.0,0.0,1174235.94,1225484.31,0
1,114921.77,0.0,0.0,326267.4,441189.16,0
1,467177.68,11453.0,0.0,131649.39,598827.07,0
0,266920.52,0.0,0.0,1278399.56,1545320.08,0
0,228289.92,114.0,0.0,139876.05,368165.97,0
1,276927.54,33181.0,0.0,0.0,276927.54,0
1,51767.05,0.0,0.0,221173.47,272940.53,0
1,85180.06,0.0,0.0,311869.49,397049.55,0
1,106860.8,128209.7,21348.9,210237.78,317098.59,0
1,279721.13,0.0,0.0,632803.01,912524.14,0
1,304656.94,29017.0,0.0,0.0,304656.94,0
1,433137.13,129175.38,0.0,1304032.91,1737170.03,0
1,111319.03,103849.0,0.0,97892.8,209211.82,0
1,440934.81,0.0,0.0,2505869.72,2946804.53,0
1,49736.07,0.0,0.0,1722022.67,1785587.96,0
1,319417.64,14082.94,0.0,4525775.64,4845193.28,0
0,543218.52,0.0,0.0,641025.85,1184244.37,0
1,144442.08,0.0,0.0,170719.96,315162.04,0
1,266998.0,0.0,0.0,631202.05,898200.05,0
1,101655.2,4036.0,0.0,86506.05,188161.25,0
1,54365.49,0.0,0.0,828865.25,883230.74,0
1,89631.75,293228.09,203596.34,447406.01,537037.77,0
1,71391.63,0.0,0.0,2836592.43,2907984.06,0
1,246298.13,100908.0,0.0,12416859.99,12663158.12,0
1,335422.24,23267.0,0.0,0.0,335422.24,0
1,126535.22,25478.01,0.0,163835.51,290370.73,0
1,378668.03,13668.0,0.0,226741.44,605409.48,0
1,98354.42,40708.0,0.0,2466185.71,2564540.13,0
1,102787.78,37066.16,0.0,148565.27,251353.04,0
1,551769.05,16024.0,0.0,0.0,551769.05,0
1,182211.07,0.0,0.0,427964.22,610175.29,0
1,47197.7,0.0,0.0,594938.12,642135.82,0
0,317275.38,29946.0,0.0,347025.04,664300.41,0
1,58984.45,11374.0,0.0,186227.71,245212.16,0
1,172476.36,0.0,0.0,11124262.24,11296738.6,0
1,136887.94,0.0,0.0,151547.93,288435.87,0
1,52168.16,196.0,0.0,7659284.99,7711453.15,0
1,197130.46,180781.0,0.0,2379865.64,2576996.1,0
1,459684.33,25912.0,0.0,4945297.5,5404981.83,0
1,180088.42,79644.0,0.0,11317052.86,11497141.28,0
1,417080.84,146.0,0.0,132850.32,549931.16,0
1,23494.67,16085.0,0.0,91387.47,114882.14,0
1,3712.11,3712.11,0.0,185441.34,189153.45,1
1,150493.75,111243.0,0.0,0.0,150493.75,0
0,585505.0,0.0,0.0,2529375.7,3114880.7,0
1,44814.16,0.0,0.0,352618.76,397432.92,0
1,29926.86,56685.0,26758.14,146814.47,176741.33,0
1,66591.64,39239.0,0.0,446236.21,512827.85,0
0,335876.31,9996.0,0.0,8164317.58,8500193.89,0
1,251173.26,13635.0,0.0,0.0,251173.26,0
1,124410.11,0.0,0.0,6300493.86,6424903.97,0
0,894232.27,116.0,0.0,212587.45,1106819.72,0
1,203667.72,3001.0,0.0,0.0,203667.72,0
1,111911.48,0.0,0.0,1456694.16,1568605.64,0
1,127355.32,15550.0,0.0,138764.71,266120.03,0
1,168602.09,0.0,0.0,2132499.43,2301101.52,0
1,187590.61,15502.0,0.0,0.0,187590.61,0
1,27029.04,14982.0,0.0,1991484.58,2018513.62,0
1,102029.55,2000.0,0.0,4027415.05,4129444.6,0
1,36226.02,0.0,0.0,4597145.79,4633371.81,0
1,623688.08,37500.0,0.0,0.0,623688.08,0
1,55428.42,0.0,0.0,229258.88,284687.3,0
0,1493926.85,65.0,0.0,4880314.36,6374241.2,0
0,164222.98,26652.0,0.0,10524085.91,10688308.89,0
1,277258.86,0.0,0.0,1494976.93,1772235.79,0
1,222502.24,0.0,0.0,245812.98,468315.22,0
1,167896.97,0.0,0.0,12064519.95,12259297.85,0
1,117700.49,0.0,0.0,269389.89,532207.85,0
1,553755.12,0.0,0.0,55915058.51,56468813.63,0
1,185272.99,10993.0,0.0,0.0,185272.99,0
1,175662.21,80478.0,0.0,0.0,175662.21,0
1,169289.21,74918.0,0.0,77957.76,247246.96,0
1,187952.97,373.0,0.0,2424858.65,2982739.02,0
1,301112.65,26062.0,0.0,287055.7,588168.35,0
1,15944.71,49763.0,33818.29,0.0,15944.71,0
1,122408.7,11356.0,0.0,4110088.97,4232497.68,0
0,1103035.66,15074.0,0.0,243961.88,1346997.54,0
1,34503.89,0.0,0.0,1612371.64,1646875.53,0
1,276122.15,0.0,0.0,2075810.11,2351932.26,0
0,2083763.31,0.0,0.0,5824893.23,7908656.53,0
1,168632.15,0.0,0.0,1806684.89,1975317.04,0
1,21900.88,0.0,0.0,248197.74,270098.62,0
1,392220.24,0.0,0.0,887500.89,1279721.12,0
1,172146.91,87286.0,0.0,0.0,172146.91,0
1,99735.07,61299.0,0.0,0.0,99735.07,0
0,657910.5,0.0,0.0,6962035.27,7619945.77,0
1,58320.21,0.0,0.0,3425367.99,3483688.2,0
1,113032.79,2249.0,0.0,0.0,113032.79,0
1,48991.8,11889.0,0.0,1982710.24,2031702.03,0
0,128617.44,26776.0,0.0,0.0,128617.44,0
0,834068.14,0.0,0.0,2082152.72,2916220.86,0
1,252857.76,39482.0,0.0,1773353.81,2026211.57,0
1,53926.89,2079.0,0.0,122854.38,176781.26,0
1,37820.21,2509.0,0.0,0.0,37820.21,0
1,10905.91,163682.0,152776.09,9823333.29,9834239.2,0
1,18550.58,33475.0,14924.42,0.0,18550.58,0
1,82641.44,0.0,0.0,190037.86,272679.3,0
1,52229.24,0.0,0.0,158528.97,210758.21,0
0,33916.11,0.0,0.0,3505397.28,3395326.8,0
1,34528.07,52121.0,17592.93,0.0,34528.07,0
1,378892.56,9466.0,0.0,0.0,378892.56,0
1,123525.27,48708.0,0.0,948282.26,1071807.53,0
0,513082.74,685.0,0.0,0.0,513082.74,0
1,48065.3,0.0,0.0,930495.34,978560.64,0
0,1319819.79,42015.02,0.0,2240416.69,3201765.23,0
1,44537.4,0.0,0.0,4263364.19,4307901.6,0
1,86470.45,62569.0,0.0,45143.65,131614.1,0
1,96799.74,0.0,0.0,433246.32,530046.05,0
1,170629.44,0.0,0.0,11404892.86,11575522.3,0
1,102997.43,124764.0,21766.57,121959.54,224956.96,0
1,447144.56,105715.0,0.0,0.0,447144.56,0
1,237885.35,31305.0,0.0,548282.74,1152978.1,0
1,443388.05,3000.0,0.0,1216260.46,1659648.51,0
1,139481.24,545994.0,406512.76,5328318.86,5467800.11,0
0,350392.27,0.0,0.0,1292462.32,1685014.93,0
1,62624.09,240939.0,178314.91,3727603.32,3790227.41,0
1,35597.51,503.0,0.0,0.0,35597.51,0
1,137025.52,0.0,0.0,956708.05,1093733.57,0
0,105574.94,0.0,0.0,1852233.95,1957808.88,0
1,216196.68,0.0,0.0,276754.66,492951.34,0
1,142721.38,0.0,0.0,280578.6,318681.9,0
1,10357.08,103675.0,93317.92,0.0,10357.08,0
0,1586470.61,6076.0,0.0,222522.46,0.0,0
1,200183.92,0.0,0.0,4556686.29,4756870.2,0
1,363988.47,139016.94,0.0,977317.26,1341305.73,0
1,3692.18,0.0,0.0,217682.53,279942.49,0
1,179814.99,16913.0,0.0,281729.05,461544.04,0
1,477997.3,0.0,0.0,3361356.64,3839353.94,0
1,124251.03,0.0,0.0,266863.93,391114.96,0
1,264056.12,30311.0,0.0,160040.75,424096.87,0
1,85626.71,0.0,0.0,194317.97,279944.68,0
1,145334.8,5585.0,0.0,805301.92,995431.88,0
1,69656.07,0.0,0.0,610469.31,680125.38,0
1,187631.36,0.0,0.0,1877625.59,2065256.95,0
1,420719.4,49807.0,0.0,3239514.75,3660234.15,0
1,839.65,0.0,0.0,288812.17,289651.82,0
1,24517.78,0.0,0.0,76650.96,101168.74,0
1,198122.96,65215.0,0.0,60286.27,258409.23,0
0,223135.46,66996.0,0.0,1781717.67,2004853.13,0
1,447579.35,78843.0,0.0,3268249.63,3715828.98,0
0,1264784.06,17226.0,0.0,0.0,1264784.06,0
0,34396.72,0.0,0.0,3434992.0,3469388.72,0
0,496997.65,7576.0,0.0,401424.85,898422.51,0
1,162169.06,0.0,0.0,2372918.28,2535087.33,0
1,459435.04,1634.0,0.0,0.0,459435.04,0
1,174272.44,15952.0,0.0,6195890.82,6627249.34,0
1,138557.74,14737.0,0.0,1493113.43,1631671.17,0
1,315813.97,87571.0,0.0,1488510.25,1804324.22,0
0,559843.69,0.0,0.0,2953933.23,3513776.92,0
1,223608.64,0.0,0.0,261458.16,485066.8,0
0,509175.09,631753.0,122577.91,344726.24,853901.33,0
1,156377.06,1038.0,0.0,0.0,156377.06,0
1,325001.3,144823.0,0.0,100503.52,425504.82,0
1,36825.17,0.0,0.0,747548.28,784373.45,0
1,261925.65,0.0,0.0,859791.5,1121717.15,0
0,603782.54,2496.0,0.0,0.0,603782.54,0
1,420419.74,7013.0,0.0,85613.21,506032.95,0
1,60069.86,172927.82,112857.96,135530.59,195600.45,0
1,63869.1,913.0,0.0,893815.97,957685.06,0
1,115455.49,24526.0,0.0,102910.09,218365.58,0
1,193062.18,51765.0,0.0,1451438.46,1644500.64,0
1,170065.99,0.0,0.0,6745699.47,6915765.46,0
1,182854.93,0.0,0.0,2534878.25,2717733.18,0
1,258960.77,0.0,0.0,563395.29,822356.05,0
1,132997.71,127870.27,0.0,3291557.89,3499788.45,0
0,567107.51,0.0,0.0,1212274.53,1779382.05,0
0,238012.08,0.0,0.0,1746223.08,1984235.16,0
1,84921.83,146524.0,61602.17,732659.1,976400.52,0
1,55682.76,42024.0,0.0,470713.72,526396.48,0
0,780246.16,0.0,0.0,912127.09,1692373.24,0
1,232339.81,0.0,0.0,673361.03,905700.84,0
1,321688.82,0.0,0.0,501172.47,1269746.53,0
1,321902.29,732.0,0.0,1319198.03,1641100.31,0
0,2403239.26,60016.0,0.0,554241.44,2957480.69,0
1,209124.59,0.0,0.0,1448338.76,1657463.36,0
1,78571.67,15123.0,0.0,1085.92,79657.59,0
1,15267.05,31760.0,16492.95,0.0,15267.05,0
1,71314.42,75193.0,3878.58,411441.03,482755.45,0
1,47257.0,0.0,0.0,61790.88,109047.89,0
1,266525.18,23546.0,0.0,104893.23,449221.27,0
1,58437.15,34726.0,0.0,0.0,58437.15,0
1,324788.7,27364.0,0.0,3855301.91,4180090.61,0
0,3365587.84,20652.82,0.0,4514736.36,7880324.21,0
1,200465.78,6525.0,0.0,1038127.9,1238593.69,0
1,481142.39,0.0,0.0,1715049.48,2196191.87,0
0,719990.28,34342.0,0.0,305566.0,1067552.41,0
1,146031.0,837.54,0.0,337148.04,483179.04,0
1,151714.52,0.0,0.0,32267207.04,32418921.55,0
1,112439.12,1481.0,0.0,382244.3,494683.42,0
1,428833.13,91792.0,0.0,0.0,428833.13,0
1,286602.25,34863.0,0.0,0.0,286602.25,0
1,319229.7,0.0,0.0,378162.57,697392.27,0
1,68507.12,0.0,0.0,3943081.64,4011588.77,0
1,114500.1,0.0,0.0,728094.98,842595.08,0
1,209986.93,81473.0,0.0,0.0,209986.93,0
0,1625785.79,89513.77,0.0,3417842.65,5043628.44,0
0,62815.39,14509.0,0.0,2146144.78,2208960.17,0
1,208721.56,0.0,0.0,1002455.98,1211177.54,0
0,70054.5,104839.2,34784.7,445989.7,516044.2,0
0,353713.04,20929.0,0.0,0.0,353713.04,0
0,808102.26,0.0,0.0,2910054.16,3966610.86,0
1,412876.59,231193.0,0.0,0.0,412876.59,0
0,47322.57,0.0,0.0,251272.78,298595.36,0
1,6408.9,0.0,0.0,333924.67,340333.57,0
1,196059.3,0.0,0.0,484030.02,680089.32,0
0,308015.97,0.0,0.0,494789.31,802805.28,0
0,255864.47,0.0,0.0,331090.37,586954.84,0
1,340562.17,0.0,0.0,7200960.12,7541522.29,0
1,18722.55,60717.0,41994.45,3388.2,22110.74,0
1,34547.88,51775.0,17227.12,0.0,34547.88,0
1,86878.11,74893.0,0.0,13746.05,100624.17,0
1,243526.9,21835.0,0.0,1016772.64,1260299.54,0
1,210311.69,0.0,0.0,838887.92,1049199.61,0
1,265945.03,0.0,0.0,315469.25,581414.28,0
0,825947.68,0.0,0.0,1901115.65,2727063.33,0
0,2535.38,0.0,0.0,55907.66,58443.04,0
1,136573.03,11008.0,0.0,104020.9,240593.93,0
1,131137.13,15892.44,0.0,444610.61,575747.74,0
1,122526.35,0.0,0.0,697590.68,820117.03,0
1,77847.13,21532.0,0.0,0.0,77847.13,0
1,293812.19,82356.0,0.0,30963.43,324775.62,0
1,46314.05,72270.0,25955.95,14259.75,60573.8,0
1,74741.53,32761.0,0.0,0.0,74741.53,0
0,2174200.11,291.0,0.0,279818.03,2454018.15,0
1,405473.26,180326.22,0.0,1094804.16,1500277.43,0
1,60993.7,162470.94,101477.24,287811.71,348805.41,0
1,10980.91,0.0,0.0,1676881.95,1687862.86,0
1,118957.6,49744.0,0.0,126777.1,245734.7,0
1,223408.43,19958.0,0.0,0.0,223408.43,0
1,106946.02,0.0,0.0,162534.1,269480.11,0
1,102334.66,0.0,0.0,4256350.18,4358684.84,0
0,860826.89,146690.0,0.0,0.0,860826.89,0
1,192688.78,15452.0,0.0,1309392.72,1502081.49,0
1,500432.18,32150.0,0.0,298488.1,798920.28,0
1,99459.14,1482.0,0.0,94929.44,194388.58,0
1,92859.47,363813.47,270954.01,624451.6,717311.06,0
1,219429.72,0.0,0.0,573413.55,792843.27,0
1,75127.11,0.0,0.0,1096293.07,1171420.18,0
1,160964.61,67.0,0.0,1331478.05,1492442.66,0
1,341530.02,850.0,0.0,20984.29,362514.31,0
1,55400.08,16060.0,0.0,87885.23,423740.61,0
1,70168.18,164371.0,94202.82,486608.39,556776.57,0
1,225789.97,0.0,0.0,2398272.95,2624062.92,0
1,236083.3,0.0,0.0,4672896.33,5055464.67,0
1,199633.03,0.0,0.0,2082435.18,3681611.71,0
1,310623.13,0.0,0.0,349702.95,660326.09,0
1,164785.63,220164.53,55378.91,562205.31,726990.94,0
1,223498.31,5074.0,0.0,645624.07,648962.55,0
1,61866.76,80999.47,19132.71,187089.96,215692.8,0
1,530696.96,106809.0,0.0,20040.0,510660.03,0
1,208625.71,293794.0,85168.29,446324.12,654949.83,0
1,225762.13,0.0,0.0,376309.82,602071.96,0
0,206896.97,3555.0,0.0,61870.25,268767.22,0
1,42325.43,95765.0,53439.57,326580.66,573878.72,0
1,56299.67,0.0,0.0,1459759.17,1516058.84,0
0,2047586.3,101.0,0.0,0.0,2047586.3,0
0,509933.58,0.0,0.0,2429434.58,2939368.16,0
0,61243.35,0.0,0.0,1516599.92,1577843.27,0
0,595101.52,0.0,0.0,4172729.89,4767831.41,0
0,164593.61,0.0,0.0,6529237.66,7035596.96,0
1,103991.9,0.0,0.0,3242550.91,3593386.2,0
1,357337.0,0.0,0.0,2452361.62,2809698.63,0
1,59216.73,830.0,0.0,1528796.24,1588012.97,0
1,90172.84,16018.0,0.0,477928.23,568101.07,0
1,102810.35,22987.0,0.0,263266.1,366076.46,0
1,22221.28,200025.0,177803.72,0.0,22221.28,0
1,269079.92,51983.0,0.0,9740692.75,10009772.67,0
1,50366.82,0.0,0.0,1495015.36,1545382.18,0
1,169129.8,0.0,0.0,7927556.52,8096686.32,0
1,166747.13,0.0,0.0,214622.25,381369.37,0
0,259033.02,0.0,0.0,713637.29,1089500.38,0
1,190380.46,0.0,0.0,339557.87,529938.33,0
1,55910.19,0.0,0.0,1064735.94,1120646.13,0
1,316072.07,84903.86,0.0,6274170.24,6590242.3,0
1,300944.42,45770.0,0.0,70239.0,351920.16,0
0,8336424.96,0.0,0.0,12990178.86,21326603.82,0
0,252451.06,0.0,0.0,9192267.09,9444718.14,0
1,785.32,0.0,0.0,456146.19,456931.51,0
0,101405.64,744.0,0.0,567382.56,668788.2,0
1,80624.24,58142.0,0.0,0.0,80624.24,0
1,177635.28,0.0,0.0,6428561.49,6606196.77,0
1,343634.14,193075.13,0.0,1355522.67,1699156.81,0
1,533056.15,0.0,0.0,914116.41,1447172.56,0
1,367694.13,30178.0,0.0,479357.14,847051.27,0
0,705842.55,336.0,0.0,0.0,705842.55,0
1,31345.06,0.0,0.0,181670.0,213015.06,0
1,255785.69,0.0,0.0,1085836.15,1341621.84,0
1,210228.42,0.0,0.0,4592626.35,4802854.77,0
1,75072.15,9864.0,0.0,0.0,75072.15,0
1,56694.83,0.0,0.0,141718.58,198413.41,0
1,56624.88,0.0,0.0,1148746.35,1239088.2,0
1,57299.3,153095.0,95795.7,3517905.58,3575204.88,0
1,65677.47,0.0,0.0,775644.03,841321.5,0
0,178059.35,0.0,0.0,3074195.56,3252254.91,0
1,472284.7,20858.0,0.0,12926.0,0.0,0
1,170271.48,0.0,0.0,1314359.63,1484631.11,0
1,23073.85,293.0,0.0,75598.88,98672.72,0
1,104807.37,139900.08,35092.72,1840250.2,1945057.57,0
1,318215.81,912.0,0.0,1950224.57,2774262.42,0
0,9518098.0,0.0,0.0,29885587.39,39403685.38,0
0,272208.48,0.0,0.0,2709012.25,2981220.72,0
1,170890.19,374486.0,203595.81,0.0,170890.19,0
1,129757.0,16478.0,0.0,1157673.62,1287430.62,0
1,372918.54,0.0,0.0,11083828.28,11456746.82,0
1,149339.88,40550.0,0.0,265112.97,414452.85,0
1,79382.17,0.0,0.0,1294768.08,1374150.25,0
1,37125.84,0.0,0.0,71365.39,108491.23,0
1,135390.02,0.0,0.0,399418.21,534808.23,0
1,250616.29,0.0,0.0,319186.36,569802.65,0
1,231405.55,0.0,0.0,553136.2,784541.75,0
1,33414.41,11133.0,0.0,6466885.36,6500299.77,0
0,260259.98,0.0,0.0,1044941.29,1305201.27,0
1,262014.55,62627.0,0.0,2546148.53,2664971.78,0
1,227115.09,0.0,0.0,1088582.15,1315697.24,0
1,157878.39,10912.0,0.0,1984538.92,2142417.31,0
1,348776.49,0.0,0.0,491231.25,840007.73,0
1,52650.54,0.0,0.0,175813.87,228464.41,0
1,23502.45,6615.0,0.0,1261996.27,1285498.72,0
1,202331.98,7438.0,0.0,0.0,202331.98,0
1,134353.82,9071.0,0.0,0.0,134353.82,0
1,149138.47,0.0,0.0,2011874.48,2161012.95,0
1,331782.22,0.0,0.0,3410831.7,3742613.92,0
1,266466.3,162849.0,0.0,0.0,266466.3,0
1,170295.99,0.0,0.0,852091.8,856016.38,0
1,16261.2,465990.0,449728.8,229418.55,245679.75,0
0,202331.15,0.0,0.0,2745323.92,2947655.06,0
1,171872.64,35314.0,0.0,0.0,171872.64,0
1,25752.75,0.0,0.0,2435532.14,2461284.88,0
1,50796.24,0.0,0.0,110034.04,160830.28,0
1,101355.49,0.0,0.0,118525.74,219881.23,0
1,46680.06,22286.0,0.0,0.0,46680.06,0
1,411584.22,20963.0,0.0,202081.62,613665.84,0
0,197255.03,11663.0,0.0,403179.43,600434.46,0
0,1966758.51,103757.36,0.0,0.0,3435147.36,0
1,80568.02,0.0,0.0,2786424.77,2866992.79,0
1,190879.5,0.0,0.0,894265.01,1085144.51,0
1,344003.45,0.0,0.0,409184.33,753187.78,0
1,39008.47,0.0,0.0,836215.19,875223.66,0
1,68867.86,1876.0,0.0,1580478.2,1649346.05,0
1,64050.59,0.0,0.0,532248.99,105980.29,0
1,89958.82,15814.0,0.0,101847.53,191806.35,0
1,514362.02,9927.0,0.0,1602523.25,2116885.27,0
1,14816.04,0.0,0.0,226484.28,241300.32,0
1,284257.18,0.0,0.0,6377148.26,6661405.44,0
1,7050.05,0.0,0.0,2764143.73,2771193.77,0
1,146793.96,0.0,0.0,151264.23,298058.19,0
0,140296.85,6426.0,0.0,224308.08,364604.94,0
0,877782.39,194.0,0.0,1798537.91,2676320.3,0
1,83913.82,49557.0,0.0,0.0,83913.82,0
1,61274.79,0.0,0.0,1069526.66,1130801.44,0
1,68432.42,20612.0,0.0,0.0,68432.42,0
1,56295.2,18105.0,0.0,36627.0,92922.2,0
1,88478.14,6092.0,0.0,0.0,88478.14,0
0,564385.42,172045.54,0.0,10157740.62,10722126.04,0
0,316700.58,10393.0,0.0,70531.26,387231.83,0
1,184151.1,0.0,0.0,1769444.41,3891483.83,0
1,210394.92,226.0,0.0,139636.21,350031.13,0
0,420255.47,0.0,0.0,1068901.39,1964885.26,0
1,289808.39,80708.0,0.0,619236.26,909044.65,0
1,300965.06,0.0,0.0,734731.04,1035696.1,0
1,70291.41,2589.0,0.0,0.0,70291.41,0
0,281642.1,2004.0,0.0,0.0,281642.1,0
1,66965.19,2165.0,0.0,0.0,66965.19,0
1,226504.11,0.0,0.0,319785.85,546289.96,0
1,99146.16,0.0,0.0,3328647.26,3427793.43,0
1,137394.05,321.0,0.0,346591.0,483985.05,0
1,311404.64,0.0,0.0,488881.25,800285.89,0
1,167335.65,0.0,0.0,1896199.7,2063535.35,0
1,525668.68,0.0,0.0,681147.01,1206815.69,0
1,132274.41,82887.0,0.0,0.0,132274.41,0
1,175706.47,0.0,0.0,600875.02,776581.48,0
1,227137.05,0.0,0.0,4148798.49,4375935.53,0
1,370281.28,871489.0,501207.72,0.0,370281.28,0
1,288846.36,21036.0,0.0,153391.04,442237.4,0
1,2194.69,0.0,0.0,1937505.68,1939700.38,0
0,528672.3,0.0,0.0,916672.82,1445345.12,0
0,531701.35,41171.0,0.0,0.0,531701.35,0
1,269449.03,0.0,0.0,474358.39,743807.42,0
0,753686.92,30593.0,0.0,0.0,753686.92,0
1,169893.59,0.0,0.0,300880.64,470774.23,0
1,78132.72,90221.23,12088.51,114508.74,192641.46,0
1,310935.38,26418.0,0.0,2391259.97,2702195.35,0
1,175959.28,10352.0,0.0,337352.43,513311.72,0
0,437014.9,0.0,0.0,754098.03,1191112.93,0
1,450863.37,32502.0,0.0,723471.89,1203120.23,0
1,232929.05,0.0,0.0,1780130.26,2013059.31,0
0,570796.52,0.0,0.0,757713.52,1328510.04,0
1,45382.4,32404.0,0.0,0.0,45382.4,0
1,167865.39,0.0,0.0,2469439.27,2637304.67,0
1,271068.35,18500.56,0.0,4262086.24,4533154.59,0
1,116353.5,0.0,0.0,430273.11,510894.88,0
1,658.24,0.0,0.0,605100.54,605758.78,0
1,88095.63,39143.0,0.0,262322.52,350418.16,0
1,181230.89,0.0,0.0,3149912.47,3331143.36,0
1,24858.09,0.0,0.0,2695420.73,2720278.82,0
0,527641.93,9026.0,0.0,76924.47,604566.4,0
1,22282.84,225126.68,202843.84,863220.93,885503.77,0
1,115863.25,9051.0,0.0,0.0,115863.25,0
1,203470.5,0.0,0.0,10022924.68,10226395.18,0
0,369290.48,0.0,0.0,929540.58,1298831.06,0
1,174421.59,0.0,0.0,212641.25,387062.84,0
0,314787.99,0.0,0.0,4447478.55,4762266.54,0
1,202084.13,28330.0,0.0,0.0,202084.13,0
0,795457.68,20841.0,0.0,0.0,795457.68,0
1,89557.07,0.0,0.0,1445386.4,1534943.47,0
0,125047.78,75950.0,0.0,12211176.94,12336224.72,0
1,295805.64,0.0,0.0,726784.02,1022589.66,0
1,350356.89,50909.0,0.0,46641.93,396998.82,0
1,205217.97,0.0,0.0,668470.88,873688.85,0
1,19051.06,49903.0,30851.94,2807038.08,2826089.14,0
1,190604.0,1134.0,0.0,13742.4,204346.4,0
1,175008.25,7000.0,0.0,0.0,175008.25,0
1,4535.06,8917.0,4381.94,21587.0,26122.06,0
1,577572.56,190.0,0.0,0.0,577572.56,0
1,148901.47,0.0,0.0,442741.2,591642.68,0
0,595623.1,54400.0,0.0,0.0,595623.1,0
1,63618.26,11504.0,0.0,58619.12,122237.38,0
1,210923.29,11521.0,0.0,305453.47,516376.76,0
1,72383.97,16149.0,0.0,49047.31,121431.29,0
1,167036.11,0.0,0.0,949400.55,1116436.66,0
1,377458.8,0.0,0.0,485212.96,862671.76,0
1,162680.25,11303.0,0.0,0.0,162680.25,0
1,48755.97,31432.0,0.0,81639.22,130395.19,0
1,89829.44,0.0,0.0,657073.54,746902.98,0
1,137622.15,21833.0,0.0,0.0,137622.15,0
0,347379.72,0.0,0.0,2044427.55,2391807.27,0
1,280390.32,31340.0,0.0,0.0,280390.32,0
1,141355.98,0.0,0.0,209614.84,350970.81,0
0,1131071.31,5586.67,0.0,1905947.58,3037018.9,0
1,160054.48,0.0,0.0,210476.66,370531.14,0
1,476208.96,6020.05,0.0,5661238.91,6137447.86,0
1,234742.01,15864.0,0.0,57268.33,292010.34,0
1,163496.66,7000.0,0.0,690309.64,853806.3,0
1,172592.34,0.0,0.0,246248.02,418840.37,0
0,957565.39,19853.0,0.0,721779.3,1679344.69,0
0,25930.47,0.0,0.0,2330957.85,2356888.32,0
1,190374.14,0.0,0.0,2907794.46,3098168.59,0
1,42617.95,0.0,0.0,655904.26,698522.21,0
1,84192.39,0.0,0.0,173121.36,257313.75,0
1,33277.39,0.0,0.0,1499067.07,1532344.46,0
1,163193.78,0.0,0.0,3009395.81,3172589.6,0
1,2092.44,1196.0,0.0,0.0,2092.44,0
1,318040.1,0.0,0.0,2396516.96,2714557.06,0
1,143979.2,0.0,0.0,583408.43,727387.63,0
1,79924.32,0.0,0.0,231448.98,311373.31,0
1,48265.69,0.0,0.0,159397.49,207663.19,0
1,173684.49,0.0,0.0,415066.12,588750.61,0
1,64431.07,0.0,0.0,746823.48,811254.56,0
1,96629.29,29793.0,0.0,0.0,96629.29,0
0,1598801.99,0.0,0.0,2044424.93,3643226.92,0
1,143739.45,10406.0,0.0,8189281.05,8333020.5,0
1,84441.19,0.0,0.0,4978241.63,5062682.81,0
0,413515.37,15914.0,0.0,0.0,413515.37,0
1,138342.14,28382.0,0.0,728325.57,866667.71,0
1,205272.72,1223.0,0.0,411250.82,616523.54,0
1,58053.76,0.0,0.0,3826113.25,3884167.01,0
1,228535.9,11010.0,0.0,3422475.03,3857993.3,0
0,125046.84,0.0,0.0,1242009.9,1367056.74,0
1,172981.4,20553.0,0.0,171695.04,344676.45,0
1,34003.09,9907.0,0.0,18541.76,52544.85,0
0,219168.48,936.0,0.0,413551.52,632720.0,0
0,257816.72,154146.0,0.0,9423659.48,9681476.2,0
1,388472.25,10839.0,0.0,931237.23,1319709.48,0
0,25240.08,0.0,0.0,4741375.11,4766615.19,0
1,74974.4,716026.86,641052.46,433980.93,508955.33,0
1,5427.16,49807.0,44379.84,0.0,5427.16,0
0,540727.51,0.0,0.0,4050863.69,4591591.2,0
1,118856.53,0.0,0.0,4404403.16,4523259.69,0
1,250369.08,5021.0,0.0,0.0,250369.08,0
1,31669.29,0.0,0.0,2990300.18,3021969.47,0
1,302890.09,0.0,0.0,944010.84,1246900.93,0
0,948266.35,108.0,0.0,415218.35,1312883.81,0
0,1402864.69,20789.0,0.0,11402683.02,12805547.71,0
1,91360.89,0.0,0.0,234267.55,325628.44,0
1,119126.79,161381.0,42254.21,0.0,119126.79,0
1,8199.74,3559.17,0.0,53312.61,61512.35,0
1,364786.71,16808.0,0.0,581215.04,946001.76,0
0,192746.34,0.0,0.0,12348896.18,12541642.53,0
1,462981.33,0.0,0.0,3246225.77,4194531.82,0
0,1204938.52,0.0,0.0,5679719.04,6884657.57,0
1,137707.2,0.0,0.0,598844.46,736551.67,0
1,101028.36,0.0,0.0,3411395.96,3512424.32,0
1,218298.55,50180.0,0.0,1981554.14,2199852.68,0
1,132968.79,72002.0,0.0,0.0,132968.79,0
1,257608.64,10124.0,0.0,761842.2,1019450.84,0
1,418625.6,8037.0,0.0,72023.73,490649.34,0
1,249385.97,0.0,0.0,1034213.6,1283599.57,0
1,345803.55,0.0,0.0,2227885.65,2573689.2,0
1,423387.48,96955.0,0.0,3211215.68,3634603.15,0
1,144054.56,0.0,0.0,948157.17,1092211.74,0
1,7858.51,50177.0,42318.49,0.0,7858.51,0
0,250093.54,102690.88,0.0,1404026.44,1654119.98,0
0,111113.71,0.0,0.0,295641.61,406755.32,0
1,177484.85,25562.0,0.0,0.0,177484.85,0
1,109870.83,86036.45,0.0,111835.59,221706.41,0
0,385798.52,15298.0,0.0,0.0,385798.52,0
1,251790.29,23179.81,0.0,551188.17,802978.46,0
1,58480.25,61119.0,2638.75,0.0,58480.25,0
1,244142.65,114546.0,0.0,543854.79,787997.45,0
0,147518.84,0.0,0.0,4092290.54,4239809.39,0
0,188097.22,0.0,0.0,2330123.52,2518220.74,0
0,3782104.29,0.0,0.0,4532980.88,8315085.17,0
0,429778.31,179092.0,0.0,76542.55,506320.87,0
1,50927.13,0.0,0.0,5031724.14,5082651.26,0
1,137869.98,25936.0,0.0,2460979.17,2598849.15,0
0,1498124.91,0.0,0.0,2964676.34,4462801.26,0
1,193821.27,0.0,0.0,7373376.88,7567198.14,0
1,195602.73,19223.0,0.0,246419.4,442022.12,0
1,150847.13,11049.0,0.0,19136.02,169983.14,0
1,71435.39,0.0,0.0,436392.2,507827.59,0
1,382347.31,29833.0,0.0,0.0,382347.31,0
1,182033.38,30472.98,0.0,5954758.4,6136791.78,0
0,1085321.33,34794.65,0.0,11747231.63,12832552.96,0
1,234755.63,0.0,0.0,493402.22,728157.84,0
1,37998.05,0.0,0.0,233639.49,271637.54,0
1,92874.44,50594.0,0.0,0.0,92874.44,0
0,605566.73,181811.38,0.0,981777.86,2248821.03,0
1,98326.34,52142.0,0.0,2230388.76,2328715.1,0
1,140189.65,24915.0,0.0,117641.11,257830.76,0
1,64932.28,21232.0,0.0,543354.77,608287.04,0
1,51579.95,0.0,0.0,163725.59,215305.54,0
1,73352.22,21281.0,0.0,33140395.75,33213747.97,0
1,333735.8,273.0,0.0,92309.66,426045.45,0
1,79697.42,0.0,0.0,908409.29,988106.72,0
1,88438.64,23790.0,0.0,163044.72,251483.36,0
1,313080.08,119823.01,0.0,347354.47,660434.55,0
1,27848.9,21182.0,0.0,11103.0,0.0,0
1,131234.32,65376.0,0.0,198123.36,329357.68,0
1,48742.23,0.0,0.0,1686484.71,1575502.98,0
1,311135.18,0.0,0.0,2327239.8,2638374.98,0
1,308876.29,0.0,0.0,357859.73,666736.02,0
1,19092.05,40132.0,21039.95,0.0,19092.05,0
0,186680.86,0.0,0.0,1007902.83,1194583.69,0
0,468984.13,0.0,0.0,696289.66,1165273.79,0
0,371985.35,1325.0,0.0,301877.51,523722.51,0
1,168211.2,0.0,0.0,334943.53,751505.6,0
1,155758.7,9991.0,0.0,454903.93,615609.04,0
1,195054.53,4357.0,0.0,940508.29,1135562.82,0
1,4421.62,0.0,0.0,551696.9,556118.52,0
1,470747.85,0.0,0.0,734143.0,1263751.45,0
1,73899.97,0.0,0.0,1359667.07,1433567.04,0
0,808805.15,0.0,0.0,1003562.02,1812367.17,0
0,69589.07,0.0,0.0,4648822.84,4895274.05,0
1,201514.9,5913.0,0.0,605267.2,806782.1,0
1,163052.71,0.0,0.0,2107931.76,2270984.46,0
1,8292.29,0.0,0.0,14420.0,22712.29,0
1,151792.97,0.0,0.0,1495652.68,1647445.64,0
1,21990.02,0.0,0.0,870081.41,892071.43,0
0,1677912.21,0.0,0.0,4454306.3,6132218.52,0
0,228889.56,3946.0,0.0,101330.23,330219.78,0
1,102372.13,0.0,0.0,907838.85,1010210.98,0
1,125928.68,0.0,0.0,1733103.34,1859032.02,0
1,116649.85,0.0,0.0,311013.31,427663.17,0
1,244085.14,0.0,0.0,8948333.34,9192418.48,0
1,66789.21,2046.0,0.0,0.0,66789.21,0
1,62573.84,121632.0,59058.16,943700.15,1006273.99,0
1,210761.22,0.0,0.0,322092.39,532853.61,0
0,90205.44,0.0,0.0,812962.86,903168.3,0
1,328984.48,0.0,0.0,4381572.49,4710556.98,0
0,192625.7,0.0,0.0,244151.16,436776.87,0
0,970444.15,124.0,0.0,102147.79,1072591.93,0
1,370247.96,144368.0,0.0,932777.32,1303025.28,0
1,431289.3,527.0,0.0,0.0,431289.3,0
1,255753.68,0.0,0.0,877972.22,1133725.9,0
1,55397.39,12523.0,0.0,2060171.28,2115568.67,0
0,147653.48,118972.0,0.0,2289233.86,2436887.34,0
1,293503.15,31061.0,0.0,0.0,293503.15,0
0,546431.7,0.0,0.0,1294855.56,1841287.26,0
1,140149.67,0.0,0.0,616702.31,756851.99,0
1,98827.16,0.0,0.0,7067602.59,7166429.75,0
1,81571.63,237506.51,155934.88,551267.67,632839.3,0
1,150641.86,194061.0,43419.14,728795.89,879437.76,0
1,204382.64,5378.0,0.0,0.0,204382.64,0
1,154522.76,22126.0,0.0,4869965.61,5024488.37,0
0,879646.63,0.0,0.0,3650792.77,4780392.09,0
0,711875.66,0.0,0.0,2955103.58,3666979.24,0
1,369698.43,161948.0,0.0,10863.2,380561.62,0
0,998536.33,0.0,0.0,2374854.29,3373390.62,0
1,51243.41,23751.0,0.0,219051.27,270294.68,0
0,46105.99,0.0,0.0,158175.0,204280.99,0
1,172387.73,467.0,0.0,0.0,172387.73,0
1,189921.73,0.0,0.0,2858420.39,3048342.12,0
1,140175.93,0.0,0.0,6694829.9,6835005.82,0
0,113359.9,0.0,0.0,447679.79,561039.68,0
1,339794.01,1866.0,0.0,16153.43,355947.44,0
1,208399.79,0.0,0.0,273042.22,481442.01,0
1,195152.47,0.0,0.0,247887.84,443040.31,0
0,170414.54,25976.0,0.0,1282976.65,1453391.19,0
1,89105.96,49978.0,0.0,345541.07,434647.03,0
1,50281.12,0.0,0.0,1457629.07,1507910.18,0
1,301134.61,14338.0,0.0,38924.11,340058.72,0
1,483773.91,31233.0,0.0,0.0,483773.91,0
1,125499.64,6695.0,0.0,1961409.84,2086909.48,0
0,393427.93,0.0,0.0,1803109.28,2196537.21,0
0,841570.42,0.0,0.0,1157824.41,1999394.82,0
1,394111.45,684.0,0.0,68227.67,501880.03,0
1,109854.44,0.0,0.0,224885.29,334739.73,0
0,784811.72,73373.0,0.0,315571.93,1100383.66,0
1,134094.29,0.0,0.0,4035153.56,4169247.85,0
1,156355.73,28049.12,0.0,224429.53,380785.27,0
1,48223.64,11212.0,0.0,3163081.53,3211305.17,0
1,109774.11,0.0,0.0,1764298.26,1874072.37,0
1,84805.74,0.0,0.0,391295.37,476101.11,0
1,77276.24,0.0,0.0,401821.5,479097.74,0
1,24255.11,0.0,0.0,44284.82,68539.93,0
1,95467.03,155211.0,59743.97,1068943.06,1164410.1,0
1,92986.22,23797.0,0.0,89148.18,182134.4,0
0,510301.84,39799.0,0.0,552156.99,1062458.83,0
1,106973.07,0.0,0.0,1209824.34,1316797.41,0
1,161412.95,420592.0,259179.05,568.0,303764.36,0
1,444070.31,93073.39,0.0,1281969.2,1726039.51,0
0,589174.34,0.0,0.0,14130169.39,14719343.73,0
1,164152.83,8296.0,0.0,90469.36,254622.19,0
1,232867.79,0.0,0.0,288408.3,521276.09,0
1,287780.17,0.0,0.0,4400103.86,4687884.04,0
1,66334.78,293.0,0.0,281880.24,348215.02,0
1,125316.05,70660.0,0.0,38968.42,164284.47,0
1,216257.99,0.0,0.0,891204.71,1107462.7,0
1,350607.56,32374.0,0.0,0.0,350607.56,0
1,178443.86,0.0,0.0,4940805.9,5119249.77,0
1,26013.43,0.0,0.0,31726.88,57740.31,0
1,322547.14,0.0,0.0,2101356.6,2423903.74,0
0,156499.39,0.0,0.0,1525873.89,1682373.28,0
0,116938.16,15799.0,0.0,2716425.61,2977399.9,0
1,194634.8,594366.0,399731.2,86783.19,281417.99,0
1,369308.47,3020.0,0.0,0.0,369308.47,0
1,187201.65,0.0,0.0,1009406.63,1196608.28,0
1,306280.12,0.0,0.0,1536262.52,2107965.39,0
1,327764.36,9906.0,0.0,1243297.05,1330848.87,0
0,375865.28,0.0,0.0,882715.64,1258580.93,0
1,71578.38,0.0,0.0,2669057.24,2740635.61,0
1,223256.31,170085.86,0.0,551959.06,775215.38,0
1,281262.95,9894.42,0.0,289633.76,570896.71,0
1,191350.73,0.0,0.0,1521620.99,1712971.71,0
0,116092.57,65320.0,0.0,271579.31,387671.88,0
0,730210.2,0.0,0.0,1210785.66,1940995.85,0
0,191023.7,833.0,0.0,23926470.2,24117493.9,0
1,44390.95,0.0,0.0,835704.4,880095.35,0
1,219039.13,0.0,0.0,474369.88,693409.02,0
1,242296.58,0.0,0.0,514603.26,756899.84,0
1,249590.64,0.0,0.0,13215852.09,13465442.73,0
1,41314.19,0.0,0.0,396588.19,437902.38,0
1,109481.44,0.0,0.0,149249.35,258730.79,0
0,1295150.45,0.0,0.0,2382000.84,3783884.41,0
1,114464.78,0.0,0.0,5270666.2,5385130.98,0
1,138982.47,565.0,0.0,3683574.82,3822557.29,0
1,34215.62,0.0,0.0,539002.89,573218.51,0
1,406143.36,10968.0,0.0,92044.87,498188.23,0
1,257471.65,603077.0,345605.35,69681.0,122760.29,0
1,263599.38,21265.0,0.0,231696.35,495295.73,0
1,315506.76,0.0,0.0,531107.49,846614.25,0
1,37735.89,0.0,0.0,134734.78,172470.68,0
0,510296.83,58950.0,0.0,0.0,510296.83,0
1,79003.9,0.0,0.0,556880.21,635884.11,0
0,884286.13,427.0,0.0,191580.87,1075867.01,0
1,312677.88,702.0,0.0,177218.95,489896.82,0
0,214085.88,0.0,0.0,967788.87,1181874.76,0
1,84575.57,14423.0,0.0,0.0,84575.57,0
1,313165.42,230473.0,0.0,3372237.51,3685402.93,0
0,3305020.59,0.0,0.0,11678139.19,14983159.78,0
1,64630.49,79974.0,15343.51,3098099.73,3162730.22,0
1,172736.4,16862.99,0.0,362502.92,535239.32,0
1,39842.71,0.0,0.0,450100.65,489943.36,0
1,428847.1,45204.0,0.0,0.0,428847.1,0
0,254075.13,0.0,0.0,1910748.32,2164823.44,0
1,275668.7,0.0,0.0,6711956.22,6987624.92,0
0,523774.98,41896.0,0.0,71575.86,595350.84,0
1,27116.56,21705.0,0.0,0.0,27116.56,0
0,145125.92,0.0,0.0,4056120.43,4201246.35,0
1,128134.5,20552.0,0.0,1692849.87,1820984.37,0
1,107687.3,1594.0,0.0,2224357.57,2332044.86,0
1,300894.14,0.0,0.0,912863.16,1213757.3,0
0,87895.89,0.0,0.0,787851.35,875747.24,0
1,194966.25,27243.41,0.0,4231061.26,4426027.51,0
1,145700.47,660.0,0.0,0.0,145700.47,0
1,232061.38,19517.42,0.0,3228257.35,3460318.73,0
0,707404.72,0.0,0.0,1548716.71,2256121.43,0
0,935800.57,0.0,0.0,1406379.18,2342179.76,0
1,61135.35,0.0,0.0,3296395.49,3357530.84,0
1,44597.68,21052.0,0.0,399017.97,443615.65,0
1,337702.23,189614.0,0.0,214938.22,552640.45,0
1,46689.29,61555.0,14865.71,0.0,46689.29,0
1,6986.63,10218.0,3231.37,463139.84,470126.48,0
1,37819.43,0.0,0.0,65792.81,103612.24,0
1,22401.71,0.0,0.0,1046670.58,1069072.29,0
1,294116.3,61359.0,0.0,129171.39,423287.69,0
1,190222.54,29247.0,0.0,0.0,190222.54,0
1,66334.36,0.0,0.0,4616425.51,4682759.87,0
1,9215.11,0.0,0.0,2021411.79,2030626.9,0
1,44812.5,221283.35,176470.85,262711.7,425525.41,0
1,54671.97,0.0,0.0,254272.89,308944.86,0
1,232621.17,0.0,0.0,973524.16,1206145.32,0
1,454849.18,0.0,0.0,3158349.96,3613199.14,0
1,132701.78,0.0,0.0,210233.46,880510.54,0
0,204230.82,0.0,0.0,1499667.35,1703898.17,0
1,91529.03,6065.0,0.0,2374286.16,2465815.18,0
1,59333.45,20662.0,0.0,317923.93,377257.38,0
1,124194.56,0.0,0.0,1954989.82,2079184.38,0
0,1284103.78,0.0,0.0,2207882.74,3491986.52,0
1,371765.72,9232.0,0.0,0.0,371765.72,0
1,92775.04,18437.08,0.0,605196.57,697971.61,0
1,389392.64,31154.97,0.0,495010.32,884402.96,0
1,208131.14,1987.0,0.0,74601.23,282732.37,0
1,61817.96,609179.0,547361.04,163508.59,225326.55,0
1,73257.43,0.0,0.0,2208665.68,2281923.12,0
0,229319.74,0.0,0.0,230362.64,459682.38,0
1,433945.16,0.0,0.0,883976.9,1317922.05,0
1,178936.39,257005.0,78068.61,2042855.11,2221791.5,0
1,399683.9,680.0,0.0,237308.86,636992.76,0
1,308700.91,49951.0,0.0,3307188.7,3327540.51,0
0,3219148.73,0.0,0.0,11575019.55,14794168.28,0
1,33338.27,0.0,0.0,160447.63,193785.9,0
1,110791.07,0.0,0.0,84655437.75,84766228.82,0
1,77885.45,0.0,0.0,957144.5,1035029.95,0
0,577424.75,0.0,0.0,1475414.39,2052839.14,0
1,303989.44,0.0,0.0,929463.95,1233453.39,0
0,270084.42,0.0,0.0,4964217.46,5234301.87,0
1,79364.37,104012.0,24647.63,54704.76,134069.13,0
1,61719.44,0.0,0.0,223049.45,289392.3,0
0,630144.63,146747.0,0.0,242560.39,872705.02,0
1,39346.63,0.0,0.0,943450.05,982796.68,0
1,46019.94,35698.0,0.0,0.0,46019.94,0
1,101783.27,247890.09,146106.83,66647303.64,66749086.9,0
1,96961.3,0.0,0.0,891070.78,1677807.52,0
0,556413.35,0.0,0.0,3791136.25,4415622.51,0
1,17714.11,20603.0,2888.89,0.0,17714.11,0
1,223137.92,80511.0,0.0,218422.93,441560.85,0
1,126692.97,0.0,0.0,4198911.88,4325604.85,0
1,22146.16,31247.0,9100.84,0.0,22146.16,0
1,33797.72,251694.0,217896.28,636928.28,670726.0,0
1,118104.84,22090.0,0.0,49155.56,167260.39,0
1,524761.68,6077.0,0.0,108764.88,633526.56,0
1,130920.82,61800.0,0.0,0.0,130920.82,0
1,235718.05,6038.0,0.0,627523.37,863241.42,0
1,120593.22,678690.64,558097.43,0.0,120593.22,0
1,109204.33,725.0,0.0,4763791.24,4872995.57,0
1,198617.51,0.0,0.0,1350919.67,1549537.18,0
1,295333.93,25799.0,0.0,179.08,295513.01,0
1,2406.17,0.0,0.0,275579.57,277985.74,0
1,171940.61,0.0,0.0,2534404.11,2706344.72,0
1,70160.81,42086.94,0.0,70469.7,140630.51,0
1,366534.98,0.0,0.0,1032929.96,1399464.94,0
1,287104.34,37662.0,0.0,2679097.78,2966202.13,0
0,1252077.1,0.0,0.0,3940784.71,5192861.81,0
1,193137.15,7892.86,0.0,2956515.11,3149652.26,0
1,102014.63,0.0,0.0,2141455.67,2243470.3,0
1,93700.54,0.0,0.0,7183651.59,7277352.13,0
0,1924712.86,0.0,0.0,2304104.55,4228817.41,0
1,304482.87,0.0,0.0,1712843.48,2017326.35,0
1,132014.55,15795.0,0.0,306379.63,438394.18,0
1,24059.78,23997.0,0.0,0.0,24059.78,0
1,358012.03,49667.0,0.0,46882.39,404894.42,0
1,2727.64,0.0,0.0,117152.47,119880.1,0
1,22095.85,227159.52,205063.67,195738.09,217833.94,0
1,217442.86,54360.01,0.0,935727.17,1153170.03,0
1,14551.87,30783.0,16231.13,182171.77,196723.64,0
0,907975.09,11420.0,0.0,0.0,907975.09,0
1,30218.7,5100.0,0.0,2315466.28,2345684.98,0
1,170347.16,0.0,0.0,576903.28,747250.44,0
1,519532.48,753.0,0.0,73732.23,593264.71,0
1,221654.48,0.0,0.0,277562.07,499216.54,0
1,147372.55,233233.0,85860.45,420614.23,567986.78,0
1,233491.0,0.0,0.0,928691.86,1162182.86,0
1,261982.17,41975.0,0.0,4811990.54,5561543.76,0
1,245854.16,11518.0,0.0,325260.58,571114.74,0
1,114305.89,366659.09,252353.19,636701.09,751006.99,0
1,179632.83,327325.0,147692.17,0.0,179632.83,0
1,321741.08,0.0,0.0,423740.55,745481.63,0
1,58347.84,10794.0,0.0,2551590.32,2609938.16,0
1,297678.22,0.0,0.0,708958.37,911633.07,0
1,327915.32,0.0,0.0,2265386.89,2593302.21,0
1,202364.86,67904.0,0.0,18232.03,220596.89,0
1,29188.06,123723.0,94534.94,194822.47,224010.53,0
1,533587.35,30323.0,0.0,0.0,533587.35,0
1,91788.83,43517.0,0.0,26407.2,118196.03,0
1,287116.9,11140.95,0.0,527507.05,814623.95,0
1,333799.36,0.0,0.0,464523.77,798323.13,0
1,173033.35,0.0,0.0,610799.31,626556.31,0
1,146880.12,108122.89,0.0,7635058.75,7781938.86,0
1,229592.23,4267.0,0.0,3998730.78,4228323.01,0
1,101864.81,0.0,0.0,6344503.17,6446367.98,0
0,175814.01,0.0,0.0,418671.68,594485.68,0
0,485401.8,0.0,0.0,586852.96,1072254.76,0
0,259181.67,0.0,0.0,1188983.84,1582559.04,0
0,1761404.35,34542.0,0.0,0.0,1761404.35,0
0,372611.73,0.0,0.0,560317.62,932929.36,0
1,314560.55,30726.0,0.0,462703.51,777264.06,0
1,78003.4,0.0,0.0,936806.16,778807.33,0
0,240570.89,291457.5,50886.62,798837.91,1229356.05,0
1,125554.78,0.0,0.0,218948.94,529421.94,0
0,753729.34,0.0,0.0,4757286.01,5511015.36,0
1,30638.5,0.0,0.0,3376877.69,3407516.2,0
1,188120.22,20888.0,0.0,54216.78,242337.0,0
1,180620.34,0.0,0.0,440131.15,620751.49,0
1,98967.2,0.0,0.0,1155704.06,1254671.26,0
1,190842.48,12652.0,0.0,1354498.04,1545340.52,0
1,388408.16,524.0,0.0,43357.81,834546.46,0
0,767571.81,100008.0,0.0,0.0,767571.81,0
1,29117.73,10966.0,0.0,916161.44,945279.17,0
1,88879.75,0.0,0.0,1526073.96,1614953.71,0
1,88776.75,50135.0,0.0,307718.64,396495.39,0
1,392419.19,31488.0,0.0,0.0,392419.19,0
1,125310.25,61296.0,0.0,181618.13,306928.39,0
0,834.48,141762.0,140927.52,100187.0,54578.32,0
1,196746.5,11238.0,0.0,14270944.47,14467690.97,0
1,230160.54,101239.0,0.0,0.0,230160.54,0
1,248912.44,1054.0,0.0,2259432.31,2508344.75,0
1,92476.17,0.0,0.0,1826248.05,1918724.21,0
0,1162106.18,45008.0,0.0,0.0,819054.34,0
1,89349.0,6180.0,0.0,0.0,89349.0,0
0,473272.67,0.0,0.0,5248324.43,5721597.1,0
1,541731.54,0.0,0.0,1445379.86,1987111.4,0
0,116811.32,10132.0,0.0,0.0,116811.32,0
1,308973.41,41703.0,0.0,966216.04,1275189.46,0
1,620202.08,22786.0,0.0,1573633.78,2942871.83,0
1,140662.86,150362.0,9699.14,498.51,141161.37,0
1,57213.76,0.0,0.0,16877230.24,16934444.0,0
0,256962.82,0.0,0.0,2826606.78,5065960.5,0
1,17408.1,0.0,0.0,27428.53,44836.63,0
1,328225.92,285.0,0.0,0.0,328225.92,0
1,428268.66,21276.0,0.0,263379.26,691647.92,0
0,840832.04,0.0,0.0,2217734.61,3058566.65,0
0,1373447.92,0.0,0.0,1716524.91,3089972.83,0
1,170378.76,0.0,0.0,256817.46,427196.22,0
1,4178.2,528397.0,524218.8,24406.87,28585.07,0
1,35607.84,0.0,0.0,1161247.92,1196855.76,0
1,214973.81,461.0,0.0,4167431.56,4382405.38,0
1,453731.05,0.0,0.0,2360462.05,2814193.1,0
1,264424.46,31401.0,0.0,0.0,264424.46,0
1,248171.03,10364.0,0.0,237621.43,485792.46,0
1,242283.93,180327.07,0.0,5589810.23,5920146.49,0
1,25401.31,0.0,0.0,1077404.83,1102806.14,0
1,101061.7,28304.0,0.0,150589.86,251651.56,0
0,132728.18,50868.0,0.0,180072.84,312801.02,0
1,96265.6,130245.44,33979.84,935459.6,1031725.2,0
1,41670.6,51638.0,9967.4,0.0,41670.6,0
1,159601.45,22168.0,0.0,1968974.11,2128575.56,0
0,55020.97,0.0,0.0,348328.17,403349.14,0
1,245576.35,121.0,0.0,807857.98,1053434.33,0
1,66532.74,20549.0,0.0,63285.27,129818.01,0
1,367581.15,5187.0,0.0,29170.11,396751.26,0
1,106201.98,22404.0,0.0,6862438.81,6554920.23,0
1,136143.16,0.0,0.0,10889580.5,11025723.65,0
1,92313.39,0.0,0.0,398004.59,490317.98,0
0,723535.62,0.0,0.0,876396.04,1599931.65,0
1,74632.58,0.0,0.0,456642.07,531274.65,0
1,190861.76,146.0,0.0,0.0,190861.76,0
1,128421.07,11184.0,0.0,474713.3,603134.37,0
1,52781.39,22443.0,0.0,717733.48,770514.87,0
0,1235365.45,49665.0,0.0,5164.0,544306.96,0
1,97204.61,0.0,0.0,2039917.44,2137122.04,0
1,161403.55,21899.0,0.0,37653.0,367710.63,0
1,140370.89,5050.0,0.0,30507.46,170878.35,0
1,48348.62,0.0,0.0,245622.74,293971.36,0
1,119660.64,0.0,0.0,2048793.77,2227125.96,0
1,250796.22,0.0,0.0,679004.92,929801.15,0
1,238604.92,202463.8,0.0,2350864.84,2589469.77,0
0,1317185.07,891.0,0.0,336487.95,1653673.02,0
1,163481.98,299442.0,135960.02,0.0,163481.98,0
1,1379.31,0.0,0.0,80549.85,81929.16,0
1,297149.13,180.0,0.0,0.0,297149.13,0
1,73139.57,0.0,0.0,855700.04,928839.62,0
1,107843.57,0.0,0.0,193010.76,300854.34,0
1,41346.65,109569.75,68223.09,195756.35,237103.01,0
1,125301.33,0.0,0.0,10729029.51,10854330.84,0
1,141718.76,10734.0,0.0,1219867.8,1361586.55,0
1,258041.15,0.0,0.0,334015.75,592056.89,0
1,136820.67,24747.0,0.0,412909.0,318472.74,0
1,124386.87,0.0,0.0,4031750.12,4156136.99,0
1,342380.05,104580.0,0.0,9145984.34,9488364.38,0
0,605286.53,0.0,0.0,3374629.21,3979915.74,0
1,198360.47,1558496.51,1360136.04,1135235.71,1333596.17,0
1,409940.66,0.0,0.0,3133695.78,3543636.44,0
1,161897.69,231.0,0.0,1693818.87,1855716.56,0
1,119257.74,0.0,0.0,612899.98,732157.73,0
0,387347.25,0.0,0.0,467266.97,902509.77,0
1,31307.38,493925.91,462618.52,564593.49,595900.87,0
1,28061.74,31054.0,2992.26,76800.63,104862.37,0
1,451108.17,506319.0,55210.83,740031.87,1191140.04,0
0,181098.82,0.0,0.0,8034826.96,8215925.78,0
1,213200.17,0.0,0.0,287319.15,500519.32,0
1,113532.4,178457.0,64924.6,0.0,113532.4,0
1,32095.38,31939.0,0.0,22039.0,54134.38,0
1,267992.0,0.0,0.0,668895.15,936887.15,0
1,219728.67,119287.0,0.0,36877.94,256606.61,0
1,358803.48,40759.0,0.0,1515595.7,1874399.18,0
1,225629.26,0.0,0.0,1677282.81,1902912.07,0
1,6896.38,20455.0,13558.62,1311927.58,1318823.96,0
1,41103.74,0.0,0.0,4437477.75,4478581.48,0
1,30700.45,89031.0,58330.55,9074459.0,9105159.45,0
1,147331.15,3216.0,0.0,40106.14,187437.3,0
1,154296.91,0.0,0.0,1374318.7,1528615.61,0
0,2073431.3,245305.0,0.0,0.0,2073431.3,0
1,182842.72,41955.0,0.0,0.0,182842.72,0
1,455382.93,0.0,0.0,5546020.38,6001403.31,0
1,36169.1,0.0,0.0,2202609.89,2238778.98,0
1,78188.15,0.0,0.0,245192.68,323380.83,0
1,39549.83,0.0,0.0,138106.09,177655.92,0
1,197066.54,226750.0,29683.46,0.0,197066.54,0
1,136082.45,0.0,0.0,966547.73,1102630.18,0
1,13551.89,205126.0,191574.11,0.0,13551.89,0
0,362295.18,0.0,0.0,3047654.15,3409949.33,0
1,151123.66,0.0,0.0,2251689.27,2731694.0,0
1,80561.96,139512.32,58950.36,505962.02,586523.97,0
1,160772.04,0.0,0.0,562814.28,723586.31,0
1,122792.69,0.0,0.0,288672.11,411464.8,0
1,174263.71,11287.0,0.0,129439.79,303703.5,0
1,69203.63,24123.0,0.0,0.0,69203.63,0
1,439929.44,3138.0,0.0,235.0,304940.45,0
0,922043.4,0.0,0.0,1516463.7,2438507.1,0
1,317304.15,0.0,0.0,1466154.66,1783458.81,0
1,111356.13,0.0,0.0,256973.12,368329.26,0
1,288151.75,9771.92,0.0,1156118.46,1444270.22,0
1,202698.04,13429.0,0.0,81787.04,284485.07,0
1,89999.73,50814.0,0.0,48052.0,138051.73,0
1,123469.31,0.0,0.0,200998.94,324468.26,0
1,58873.28,5468.0,0.0,345372.86,404246.14,0
1,214678.36,18345.0,0.0,4510083.74,4460080.58,0
1,315668.62,18222.0,0.0,105089.63,420758.25,0
1,45350.44,16832.0,0.0,1715238.49,1760588.93,0
1,347006.32,65009.0,0.0,0.0,347006.32,0
1,28807.92,0.0,0.0,197659.02,226466.95,0
1,26569.01,2404.0,0.0,1679792.37,1706361.38,0
1,207354.46,747.0,0.0,1827486.9,2034841.35,0
1,54092.89,181533.0,127440.11,4115692.69,4169785.58,0
1,178055.14,6990.0,0.0,1031725.34,1209780.48,0
1,251321.98,10077.0,0.0,32356.0,377522.9,0
1,251459.33,45427.0,0.0,288079.15,539538.49,0
1,45312.81,658679.0,613366.19,1117935.49,1549114.81,0
1,427.28,0.0,0.0,4549.38,4976.66,0
1,101356.72,0.0,0.0,371497.57,472854.29,0
1,108385.68,22350.0,0.0,0.0,108385.68,0
1,23956.33,50959.0,27002.67,539644.4,920444.94,0
1,75526.59,20580.0,0.0,2711081.52,2786608.11,0
1,155918.69,0.0,0.0,289442.44,445361.14,0
1,55567.33,0.0,0.0,260359.58,315926.91,0
1,29271.18,29853.0,581.82,0.0,29271.18,0
1,174258.48,0.0,0.0,313899.63,488158.11,0
1,74311.72,0.0,0.0,633260.59,707572.3,0
1,33838.38,25908.0,0.0,21799.0,55637.38,0
0,773105.97,0.0,0.0,1496253.22,2269359.19,0
1,250957.27,107205.0,0.0,0.0,250957.27,0
1,72507.38,67316.01,0.0,1369537.69,1442045.08,0
1,86828.07,49511.0,0.0,0.0,86828.07,0
0,464969.14,257234.03,0.0,2292176.68,2757145.83,0
1,12827.25,0.0,0.0,1879839.4,1892666.65,0
1,159286.04,0.0,0.0,735756.15,895042.19,0
1,216356.2,4584.0,0.0,0.0,216356.2,0
1,122864.82,0.0,0.0,2408650.51,2531515.34,0
0,1838409.46,0.0,0.0,2894192.51,4732601.97,0
1,59250.43,237862.0,178611.57,3977641.13,4036891.56,0
1,292192.84,0.0,0.0,6223544.18,6515737.02,0
1,72822.2,39699.0,0.0,89374.65,162196.85,0
1,305614.47,0.0,0.0,473722.44,779336.9,0
1,64321.35,0.0,0.0,839481.67,903803.02,0
1,168424.59,0.0,0.0,545506.15,713930.74,0
0,292677.92,0.0,0.0,2096228.29,2388906.21,0
1,205312.77,18774.0,0.0,5070552.47,5275865.25,0
1,182798.84,0.0,0.0,640545.58,823344.42,0
1,13690.8,0.0,0.0,32543.37,46234.17,0
0,865638.65,0.0,0.0,1175546.18,2041184.82,0
1,117737.93,0.0,0.0,4702782.07,4820519.99,0
1,1442.14,0.0,0.0,19513.26,20955.4,0
1,218500.85,0.0,0.0,2278640.36,2497141.21,0
1,90478.57,22583.0,0.0,210930.55,301409.12,0
1,114065.6,0.0,0.0,1979022.68,2014017.61,0
1,45073.8,0.0,0.0,136405.42,181479.22,0
1,45303.01,0.0,0.0,1019532.66,1064835.67,0
1,155835.33,0.0,0.0,2532301.28,2688136.61,0
1,505247.07,104658.0,0.0,5221497.03,5726744.1,0
1,171943.3,0.0,0.0,453073.14,625016.44,0
1,195038.96,0.0,0.0,322191.03,517229.99,0
1,652726.67,174864.0,0.0,594353.39,1247080.06,0
1,257057.93,271214.0,14156.07,462045.88,719103.81,0
1,94990.38,0.0,0.0,2967271.53,3062261.91,0
0,484391.28,0.0,0.0,1206634.18,1691025.47,0
0,1536650.29,0.0,0.0,3169802.33,4706452.62,0
1,443369.9,150.0,0.0,18099.7,461469.59,0
1,96790.67,0.0,0.0,6335376.72,6432167.39,0
0,14881211.12,0.0,0.0,21729466.1,36610677.22,0
1,58652.95,0.0,0.0,908536.64,967189.59,0
1,98029.7,21483.0,0.0,0.0,98029.7,0
1,124410.96,0.0,0.0,221108.1,345519.06,0
0,480631.37,14957.85,0.0,1380227.51,1860858.89,0
1,22114.26,44574.0,22459.74,494052.43,516166.68,0
0,883896.54,42261.64,0.0,721300.54,1605197.08,0
1,21713.9,9009.0,0.0,135870.87,157584.77,0
0,599408.68,0.0,0.0,5484975.63,6084384.32,0
1,398807.68,0.0,0.0,1307749.71,1706557.39,0
1,67689.86,19608.62,0.0,218968.88,286658.74,0
0,907632.96,5444.0,0.0,64467.97,972100.92,0
1,303675.27,21672.0,0.0,535580.24,839255.51,0
1,453970.47,30023.0,0.0,0.0,453970.47,0
1,299489.04,0.0,0.0,1776877.62,2076366.66,0
1,169962.39,0.0,0.0,3694244.26,3864206.65,0
1,182849.31,0.0,0.0,484130.63,666979.95,0
1,87393.88,0.0,0.0,346079.65,433473.53,0
1,297411.58,18099.0,0.0,920205.5,1217617.08,0
1,207286.28,512068.0,304781.72,0.0,207286.28,0
1,21458.82,34661.0,13202.18,331165.0,352623.82,0
0,383995.84,0.0,0.0,525823.08,1171796.37,0
0,327045.31,2717.0,0.0,117736.91,444782.23,0
0,2188430.2,0.0,0.0,3222955.92,5411386.12,0
1,52717.58,104832.0,52114.42,7898706.58,7951424.16,0
1,434088.6,320262.0,0.0,99287.68,533376.28,0
1,125944.16,0.0,0.0,1414568.91,1540513.07,0
1,83864.49,0.0,0.0,4372874.3,4456738.78,0
0,1377573.12,60386.0,0.0,562758.8,1940331.92,0
1,110085.23,0.0,0.0,723157.45,833242.69,0
0,3468471.38,0.0,0.0,22305440.13,25773911.51,0
0,367704.45,0.0,0.0,4300600.53,4668304.98,0
1,61352.9,102.0,0.0,0.0,61352.9,0
1,110649.28,9035.0,0.0,197480.07,308129.35,0
1,212730.21,82025.0,0.0,850973.42,1063703.63,0
1,221599.81,0.0,0.0,2754055.98,2975655.79,0
0,145833.5,79641.0,0.0,0.0,145833.5,0
1,105518.81,4630.0,0.0,0.0,105518.81,0
1,39013.94,0.0,0.0,111457.19,150471.13,0
1,283870.76,0.0,0.0,3645007.39,3928878.16,0
1,24403.72,0.0,0.0,1368698.06,1393101.78,0
1,188876.03,26299.0,0.0,128298.97,317174.99,0
1,79351.32,8106.0,0.0,0.0,79351.32,0
1,197718.55,588.0,0.0,50868.98,248587.53,0
1,401182.38,0.0,0.0,4077185.47,4478367.86,0
1,119356.38,0.0,0.0,922643.6,1041999.98,0
0,541413.83,0.0,0.0,1697661.28,2239075.11,0
1,273709.98,99918.0,0.0,1993567.47,2267277.45,0
1,212666.89,31449.0,0.0,0.0,212666.89,0
1,98062.12,0.0,0.0,272905.72,370967.83,0
1,299909.5,0.0,0.0,634839.38,934748.89,0
1,156482.36,0.0,0.0,218382.66,55363.5,0
1,39625.05,0.0,0.0,53660.05,93285.1,0
1,13066.15,10886.0,0.0,202702.0,215768.15,0
1,274416.15,0.0,0.0,3294701.51,3569117.66,0
1,200687.32,0.0,0.0,1028755.97,1229443.29,0
0,108269.24,51210.0,0.0,0.0,108269.24,0
1,380514.53,201791.0,0.0,4102852.86,4483367.39,0
0,530622.21,1517.0,0.0,0.0,530622.21,0
1,168454.06,1574.0,0.0,0.0,168454.06,0
0,271411.83,0.0,0.0,389587.29,660999.11,0
0,271460.0,105549.0,0.0,12221.89,283681.89,0
1,164491.66,122667.0,0.0,1763273.73,1927765.38,0
1,74408.74,72339.0,0.0,0.0,74408.74,0
0,764584.16,0.0,0.0,811878.84,1576463.0,0
1,142956.16,0.0,0.0,1470427.22,1613383.38,0
1,292149.08,0.0,0.0,310106.62,602255.71,0
1,5017.46,30122.0,25104.54,297108.0,302125.47,0
0,1696157.12,180681.0,0.0,1446882.82,3143039.94,0
1,62694.55,0.0,0.0,13819499.59,13882194.14,0
1,2445.25,0.0,0.0,123724.09,126169.34,0
1,156017.94,602.0,0.0,1022430.79,1178448.73,0
1,17527.92,293.0,0.0,353213.04,370740.96,0
1,242624.34,5349.0,0.0,0.0,242624.34,0
1,358821.62,19841.0,0.0,3465460.52,3824282.14,0
1,126690.02,3505.0,0.0,0.0,126690.02,0
1,306611.58,0.0,0.0,640221.82,946833.39,0
0,7906.44,197123.11,189216.67,4660571.3,4668477.74,0
1,120434.93,80229.0,0.0,5906656.27,6027091.2,0
1,24191.31,74818.0,50626.69,143605.64,167796.95,0
1,52333.03,19978.0,0.0,735948.49,788281.52,0
1,256163.39,0.0,0.0,392617.27,785728.09,0
1,293450.18,0.0,0.0,935325.51,1228775.68,0
0,112286.08,0.0,0.0,11250983.08,11915486.35,0
1,79361.71,0.0,0.0,5120603.34,5199965.06,0
1,53143.84,19095.0,0.0,231836.8,284980.64,0
0,534878.33,0.0,0.0,598355.94,1133234.27,0
1,71044.41,0.0,0.0,1194939.01,1265983.41,0
1,13235.42,50276.0,37040.58,269027.51,282262.93,0
1,41324.05,0.0,0.0,51416.0,92740.05,0
1,366675.14,0.0,0.0,898768.45,1265443.6,0
1,95452.19,0.0,0.0,188406.89,283859.08,0
1,38262.13,100068.0,61805.87,11298.04,49560.17,0
1,31703.18,20064.94,0.0,51158.2,78066.26,0
0,1381788.22,0.0,0.0,4232816.7,5614604.92,0
1,102962.28,31247.0,0.0,6379050.33,6482012.6,0
1,204975.88,56182.0,0.0,1516371.63,1721347.51,0
0,380243.31,0.0,0.0,3089370.71,3469614.02,0
1,15969.26,7933.0,0.0,27749.6,43718.86,0
1,351958.53,0.0,0.0,9011314.86,9363273.4,0
1,209849.89,315129.0,105279.11,2732648.41,2942498.3,0
1,292591.63,24777.0,0.0,0.0,292591.63,0
1,126424.88,174173.58,47748.69,6304641.98,6431066.86,0
1,96128.63,11613.0,0.0,604128.12,700256.75,0
1,16729.08,0.0,0.0,35366.0,186509.01,0
1,297894.04,29939.0,0.0,4355337.11,4653231.15,0
0,1307884.66,195359.82,0.0,1571755.83,2879640.49,0
1,94342.37,0.0,0.0,414345.79,508688.16,0
0,465262.06,212722.0,0.0,0.0,465262.06,0
1,310288.08,0.0,0.0,3793359.51,4103647.59,0
0,780795.79,0.0,0.0,1085977.43,1866773.22,0
0,658392.82,0.0,0.0,2374757.19,3033150.01,0
1,137971.8,71947.0,0.0,1923447.69,2061419.49,0
1,104641.94,41006.0,0.0,0.0,104641.94,0
1,184753.51,0.0,0.0,456097.08,640850.59,0
1,226423.87,0.0,0.0,8249822.98,8476246.86,0
1,41200.44,0.0,0.0,1169114.69,1779458.03,0
1,120683.16,301383.0,180699.84,164599.25,285282.41,0
0,881329.8,0.0,0.0,5102833.07,5984162.87,0
0,345700.28,62858.0,0.0,0.0,345700.28,0
1,55771.31,0.0,0.0,819865.36,875636.66,0
1,70561.13,31204.0,0.0,5630660.03,5701221.16,0
0,1143686.45,0.0,0.0,1393303.64,3865844.71,0
0,3072.48,0.0,0.0,1213734.04,1216806.51,0
1,147765.22,0.0,0.0,201020.23,348785.44,0
0,218889.7,0.0,0.0,490646.02,709535.73,0
1,224727.8,0.0,0.0,976787.62,1201515.43,0
1,166923.71,12707.0,0.0,4678096.69,4845020.4,0
0,1072513.53,0.0,0.0,3120444.07,4192957.61,0
1,13893.0,10156.0,0.0,275689.83,289582.82,0
1,60505.4,0.0,0.0,3520223.46,3580728.86,0
1,274076.45,3531.0,0.0,43042.65,317119.1,0
1,178843.0,45214.89,0.0,3457978.13,3636821.13,0
1,90291.74,303299.0,213007.26,1746610.55,1836902.29,0
1,46238.55,0.0,0.0,118530.28,164768.83,0
1,111476.43,0.0,0.0,160023.54,271499.97,0
0,888262.7,0.0,0.0,9984206.05,10872468.75,0
0,1219335.38,0.0,0.0,8926847.75,10146183.13,0
1,67411.62,0.0,0.0,146349.55,213761.18,0
1,32626.4,0.0,0.0,1103612.57,1136238.97,0
1,230223.15,0.0,0.0,589622.87,819846.02,0
1,91879.05,705.0,0.0,156305.13,248184.18,0
0,170970.85,0.0,0.0,4646669.9,4817640.75,0
1,314319.65,39943.0,0.0,799761.59,1114081.25,0
1,208049.37,19843.0,0.0,440550.39,648599.76,0
0,729186.32,187274.18,0.0,913835.06,1643021.38,0
1,173538.17,40450.15,0.0,13487899.51,13661437.68,0
1,478720.49,0.0,0.0,2185561.0,2664281.48,0
1,142564.65,431859.78,289295.13,9860877.21,10465850.59,0
0,14544.81,0.0,0.0,12125414.35,12139959.16,0
1,159758.82,215200.0,55441.18,977246.13,1137004.95,0
0,1007335.15,0.0,0.0,2003455.42,4084563.01,0
1,69533.71,0.0,0.0,77002.87,146536.58,0
0,328774.44,0.0,0.0,11243346.86,12486103.73,0
0,200433.51,0.0,0.0,829975.04,1030408.55,0
1,287498.19,0.0,0.0,411199.16,698697.34,0
1,123730.66,939.0,0.0,443524.8,567255.46,0
1,106965.25,30844.29,0.0,266319.63,373284.89,0
1,75332.72,0.0,0.0,252540.57,327873.3,0
1,297692.88,105553.0,0.0,61296.43,358989.3,0
1,493798.11,0.0,0.0,2722657.8,3216455.91,0
1,132158.02,0.0,0.0,4069509.88,4592962.92,0
1,128740.79,0.0,0.0,797334.25,926075.03,0
1,131770.7,30026.0,0.0,0.0,131770.7,0
0,691987.2,0.0,0.0,1173272.22,1865259.42,0
1,216836.29,37345.0,0.0,0.0,216836.29,0
1,66385.21,0.0,0.0,925668.1,992053.31,0
1,1310.71,0.0,0.0,356539.67,180521.13,0
1,199218.07,30616.0,0.0,10292.71,209510.79,0
0,424391.05,139529.0,0.0,539670.96,1154909.51,0
0,1457213.54,0.0,0.0,10937223.86,19169204.93,0
1,85494.86,10402.0,0.0,105754.64,191249.49,0
1,273891.33,46803.0,0.0,948767.89,1222659.22,0
1,78900.63,41220.0,0.0,1306639.28,1385539.91,0
1,150774.06,0.0,0.0,2496843.28,2647617.33,0
0,211664.88,0.0,0.0,269852.04,481516.92,0
1,471709.61,0.0,0.0,2512700.8,2984410.4,0
1,386767.81,36328.0,0.0,3529309.3,3916077.11,0
1,93239.56,20483.0,0.0,1528260.89,1621500.45,0
1,253705.83,0.0,0.0,457084.16,710790.0,0
1,190641.63,11584.52,0.0,255408.78,446050.42,0
0,480761.2,189.0,0.0,0.0,397838.21,0
1,324380.37,0.0,0.0,6278499.6,6602879.97,0
1,246709.04,0.0,0.0,685528.87,932237.91,0
0,46654.82,3029.0,0.0,1656437.62,1703092.45,0
1,164046.19,14141.0,0.0,75237.72,239283.9,0
0,703715.13,41006.0,0.0,2612715.99,3316431.12,0
1,116599.58,0.0,0.0,1699057.79,1815657.37,0
1,29277.76,53007.0,23729.24,0.0,29277.76,0
0,4480076.17,40132.0,0.0,0.0,4480076.17,0
1,195931.44,20523.0,0.0,1766088.55,1962019.99,0
0,27954.24,31568.0,3613.76,317035.13,344989.36,0
1,113704.0,0.0,0.0,197426.27,311130.27,0
1,276433.37,0.0,0.0,289474.45,565907.82,0
0,676271.0,0.0,0.0,1620142.97,2296413.97,0
1,171667.22,1178.0,0.0,0.0,171667.22,0
1,99522.57,244779.41,145256.84,263591.0,3861257.77,0
1,139249.84,0.0,0.0,313156.13,452405.97,0
1,188033.91,19435.0,0.0,0.0,188033.91,0
1,6382.26,623.0,0.0,14620.0,21002.26,0
1,20562.18,0.0,0.0,1480914.7,1501476.88,0
1,84955.09,93410.0,8454.91,273981.08,358936.16,0
1,13544.85,234936.47,221391.62,19700.88,33245.73,0
1,277092.19,116.0,0.0,0.0,277092.19,0
1,69145.7,95012.0,25866.3,402861.82,472007.52,0
1,236270.99,0.0,0.0,606946.93,843217.92,0
1,39106.91,0.0,0.0,3719604.29,3785881.12,0
1,261474.5,949.0,0.0,1614453.35,1875927.84,0
0,856769.34,272159.0,0.0,11063712.09,11920481.43,0
1,292403.01,42654.0,0.0,153419.5,445822.5,0
1,124752.81,0.0,0.0,191412.59,316165.39,0
1,39135.41,0.0,0.0,202339.86,241475.26,0
1,23920.11,61703.0,37782.89,232971.94,256892.05,0
1,148030.81,7605.0,0.0,817.0,148847.81,0
1,68763.77,100696.0,31932.23,980145.0,1048908.77,0
1,16466.84,0.0,0.0,2133505.6,2149972.44,0
1,9658.22,439.0,0.0,2255251.62,2264909.84,0
1,16148.32,0.0,0.0,54670.45,70818.77,0
1,212271.45,0.0,0.0,891926.77,1104198.22,0
1,68293.04,0.0,0.0,479166.68,547459.72,0
1,188225.69,0.0,0.0,795986.3,984211.99,0
1,37987.6,0.0,0.0,4360203.16,4398190.76,0
0,377063.28,0.0,0.0,896021.99,1273085.27,0
0,871654.18,0.0,0.0,1950817.98,2822472.15,0
1,201889.9,460.0,0.0,738497.28,940387.18,0
1,312784.45,0.0,0.0,5738445.59,6051230.04,0
1,84079.12,49.0,0.0,0.0,84079.12,0
0,343364.78,0.0,0.0,12448115.99,12791480.77,0
0,158338.41,0.0,0.0,582283.16,740621.58,0
1,195446.93,542.0,0.0,10967567.74,11163014.67,0
1,66209.86,0.0,0.0,534327.74,600537.6,0
1,86606.06,99881.0,13274.94,581672.43,668278.49,0
1,260998.4,735966.0,474967.6,0.0,260998.4,0
1,217019.63,691.0,0.0,0.0,217019.63,0
0,537295.21,0.0,0.0,16972582.46,17509877.67,0
1,13948.34,0.0,0.0,4655166.06,4669114.4,0
1,265601.79,1398.0,0.0,70812.58,336414.37,0
1,130511.19,0.0,0.0,318096.79,489968.38,0
1,120015.13,9023.0,0.0,205061.14,325076.27,0
1,221202.59,0.0,0.0,248805.53,470008.12,0
1,90624.23,10029.0,0.0,204483.82,295108.05,0
1,385058.33,0.0,0.0,876356.86,1261415.2,0
1,95491.56,456093.0,360601.44,21177.96,116669.52,0
0,645321.07,0.0,0.0,8032591.35,8677912.43,0
0,716879.89,0.0,0.0,1582396.92,2299276.82,0
1,121185.09,0.0,0.0,163951.2,285136.29,0
1,2922.76,21863.0,18940.24,0.0,2922.76,0
1,298015.65,103857.0,0.0,880480.64,1178496.29,0
1,161773.09,0.0,0.0,1955782.87,2117555.96,0
1,67586.05,0.0,0.0,1074896.45,1142482.49,0
1,226523.19,0.0,0.0,1263938.32,1490461.51,0
1,131290.35,112067.31,0.0,3389697.97,3520988.31,0
1,51151.36,106847.0,55695.64,18004.75,69156.11,0
1,320178.81,0.0,0.0,350423.83,670602.65,0
0,337047.33,19283.0,0.0,182149.84,519197.17,0
1,108076.31,56484.0,0.0,598455.35,706531.65,0
1,146022.2,9066.0,0.0,0.0,146022.2,0
1,293319.19,0.0,0.0,390871.4,684190.6,0
0,332202.93,0.0,0.0,1186687.61,1518890.54,0
1,267213.17,0.0,0.0,361439.51,628652.68,0
1,276689.54,26551.0,0.0,1080688.97,1357378.51,0
1,207298.29,2038.0,0.0,236758.47,444056.77,0
1,263129.01,10482.0,0.0,1690464.83,1953593.84,0
1,56668.2,0.0,0.0,3093474.18,3150142.38,0
1,73617.98,0.0,0.0,2184470.93,2258088.9,0
1,276740.79,87670.0,0.0,476563.2,753303.99,0
1,22250.33,0.0,0.0,372401.27,394651.59,0
0,250672.84,0.0,0.0,3491103.83,4563446.47,0
1,124114.88,0.0,0.0,1623676.58,1747791.46,0
1,44735.93,4410.0,0.0,261425.56,306161.48,0
1,93059.57,0.0,0.0,319875.0,412934.57,0
1,153882.2,11038.0,0.0,1495898.72,2214371.43,0
1,158364.3,1413.0,0.0,1446621.93,1604986.22,0
1,44860.95,0.0,0.0,72827.18,117688.12,0
1,61545.73,0.0,0.0,147988.99,199494.46,0
1,269389.24,0.0,0.0,2652325.64,2921714.88,0
1,161572.37,20429.0,0.0,131435.94,293008.31,0
1,143900.72,0.0,0.0,2750544.51,2894445.23,0
1,59390.12,47838.98,0.0,213746.16,273136.29,0
1,106953.14,0.0,0.0,155038.29,261991.43,0
1,140141.33,95406.0,0.0,10232318.1,10372459.43,0
0,540800.48,0.0,0.0,3101051.63,3641852.11,0
1,48867.07,123613.76,74746.69,535119.86,583986.93,0
1,168470.16,0.0,0.0,7604512.61,7772982.77,0
1,74208.91,0.0,0.0,255485.18,329694.1,0
1,42071.44,150564.0,108492.56,1331649.5,1373720.94,0
1,20447.48,31145.0,10697.52,139065.36,159512.84,0
1,107071.65,10468.0,0.0,7526555.79,7633627.44,0
1,157020.48,16623.0,0.0,100000.0,257020.48,0
1,113741.42,16276.0,0.0,1422723.91,1536465.33,0
0,1182390.98,0.0,0.0,2009201.28,3191592.26,0
1,112396.37,0.0,0.0,497076.63,609473.01,0
1,114499.14,0.0,0.0,129297.57,420946.86,0
1,109067.72,145730.11,36662.39,747252.11,856319.82,0
1,189970.14,0.0,0.0,1389333.3,1579303.44,0
1,223425.8,21479.0,0.0,0.0,223425.8,0
1,203531.59,0.0,0.0,2350035.4,2553566.99,0
0,55471.98,0.0,0.0,962598.96,1018070.95,0
1,430007.0,31377.0,0.0,2677223.17,3107230.17,0
1,27392.16,6047.0,0.0,269946.1,305835.68,0
1,37940.86,0.0,0.0,51377.35,89318.21,0
1,412566.7,12797.0,0.0,763433.19,1175999.89,0
1,162444.69,0.0,0.0,219812.75,382257.44,0
1,99013.97,0.0,0.0,8660245.8,8759259.78,0
0,290292.11,0.0,0.0,6531738.13,6822030.23,0
1,45808.96,0.0,0.0,227738.41,273547.37,0
1,627590.94,157550.0,0.0,0.0,704381.52,0
1,143882.2,5200.0,0.0,0.0,143882.2,0
1,163588.4,377.0,0.0,0.0,163588.4,0
1,166155.82,0.0,0.0,2770283.71,2936439.54,0
1,111585.08,0.0,0.0,244235.1,355820.17,0
0,479978.55,304.0,0.0,842958.6,1322937.15,0
1,127525.88,0.0,0.0,5654292.99,5781818.87,0
1,327408.27,0.0,0.0,2894331.98,3221740.25,0
1,216569.01,0.0,0.0,731062.6,947631.61,0
1,241528.22,161092.0,0.0,0.0,241528.22,0
1,170201.17,51489.0,0.0,0.0,170201.17,0
1,112967.92,0.0,0.0,204485.68,228331.22,0
1,26417.29,31245.0,4827.71,77122.86,103540.14,0
1,175276.13,0.0,0.0,179956.07,355232.2,0
0,1180049.86,0.0,0.0,5467244.11,6469967.73,0
1,21064.82,406.0,0.0,115031.36,136096.18,0
1,252516.99,52271.0,0.0,41550.75,294067.73,0
1,147638.78,0.0,0.0,282463.41,430102.19,0
0,329764.63,0.0,0.0,2687003.27,3016767.9,0
1,213391.12,10454.0,0.0,827508.19,1040899.3,0
1,144619.71,0.0,0.0,3673232.67,3817852.39,0
1,4873.66,64287.3,59413.64,4035519.78,4040393.44,0
1,34227.57,138.0,0.0,0.0,34227.57,0
1,44891.4,1061.0,0.0,402221.12,447112.52,0
1,135646.96,11162.0,0.0,80761.58,216408.54,0
1,143412.1,4060.0,0.0,2491401.83,2634813.93,0
0,494328.17,113019.0,0.0,0.0,494328.17,0
0,502247.73,0.0,0.0,6994249.76,7753467.33,0
1,195972.4,0.0,0.0,4182629.01,4378601.41,0
1,213575.3,42573.0,0.0,258344.53,471919.83,0
1,157631.7,0.0,0.0,304085.25,461716.94,0
1,152679.98,49930.0,0.0,831476.41,984156.39,0
1,641016.46,10543.0,0.0,49628.22,538197.31,0
0,365875.98,330933.0,0.0,40087.31,262370.46,0
1,164674.52,171.0,0.0,73871.82,238546.34,0
1,74601.61,4522.0,0.0,1783806.16,1858407.77,0
0,363679.38,11109.0,0.0,1312322.36,1676001.75,0
0,488337.6,0.0,0.0,8453100.72,8941438.32,0
1,133975.26,0.0,0.0,12983155.73,13821583.52,0
1,320814.86,49822.0,0.0,35406.29,356221.15,0
0,240679.53,50820.0,0.0,0.0,240679.53,0
1,57754.79,504495.0,446740.21,0.0,57754.79,0
1,218848.4,0.0,0.0,1726954.67,3148377.44,0
1,295386.32,0.0,0.0,2762731.02,3058117.34,0
0,10702.12,94075.0,83372.88,243501.4,254203.52,0
1,95396.66,0.0,0.0,1473131.15,1568527.81,0
1,32577.77,0.0,0.0,178696.73,211274.5,0
1,71342.59,29768.0,0.0,325292.24,396634.83,0
1,99226.22,630036.0,530809.78,0.0,99226.22,0
1,165039.25,0.0,0.0,2165992.23,2331031.47,0
1,23337.67,0.0,0.0,167721.26,191058.93,0
1,404063.77,40605.0,0.0,177572.59,581636.36,0
1,82508.47,10859.0,0.0,913854.9,996363.37,0
1,128687.69,105687.0,0.0,518414.0,404509.78,0
1,72213.92,9430.0,0.0,0.0,72213.92,0
1,114085.24,35765.0,0.0,146817.4,260902.64,0
0,465723.85,0.0,0.0,895115.92,1360839.77,0
1,267654.4,20243.0,0.0,0.0,267654.4,0
0,278973.3,0.0,0.0,884040.86,1163014.17,0
1,144075.48,40779.0,0.0,2061658.46,2205733.94,0
1,104500.25,0.0,0.0,188630.52,293130.76,0
1,14913.55,113046.0,98132.45,0.0,14913.55,0
1,190714.98,0.0,0.0,276351.68,467066.66,0
1,222582.37,207903.0,0.0,0.0,222582.37,0
0,1405032.9,0.0,0.0,2064619.2,3469652.1,0
1,217397.62,372934.0,155536.38,17281.01,348355.58,0
1,374276.27,0.0,0.0,421345.62,795621.9,0
1,233626.92,72959.0,0.0,0.0,708006.02,0
0,979151.92,0.0,0.0,7702781.79,8681933.71,0
1,24890.16,0.0,0.0,738669.47,763559.63,0
1,160484.75,0.0,0.0,632516.31,793001.05,0
1,441632.44,124938.0,0.0,16619.67,458252.1,0
0,166753.84,0.0,0.0,184862.63,351616.48,0
1,72948.97,11257.0,0.0,1671746.08,1744695.05,0
1,111478.01,0.0,0.0,420102.2,531580.21,0
0,1203108.63,51612.0,0.0,7406312.84,8609421.47,0
1,48675.92,30435.0,0.0,0.0,48675.92,0
1,23592.36,0.0,0.0,131378.92,154971.28,0
1,91325.15,5007.0,0.0,0.0,91325.15,0
1,65164.24,0.0,0.0,483879.04,954988.23,0
1,89158.61,0.0,0.0,528139.26,617297.87,0
1,65345.63,0.0,0.0,2763962.54,2829308.17,0
0,441080.78,14651.87,0.0,1443417.16,1884497.95,0
1,573401.55,59977.0,0.0,21627.0,595028.55,0
0,111690.07,68309.0,0.0,0.0,111690.07,0
1,177752.91,0.0,0.0,330247.86,508000.77,0
1,216520.87,9670.0,0.0,4561674.15,4778195.02,0
0,171745.63,31006.0,0.0,12319781.12,12491526.75,0
1,46733.29,16259.0,0.0,3121.69,49854.98,0
1,16063.17,0.0,0.0,2168402.04,2184465.22,0
1,268558.03,16271.0,0.0,250658.0,219734.65,0
1,153549.52,0.0,0.0,587717.78,741267.31,0
1,82094.74,30708.0,0.0,731960.72,814055.46,0
0,204516.87,0.0,0.0,980116.92,1184633.79,0
1,221269.14,103741.0,0.0,0.0,221269.14,0
1,46344.15,24321.0,0.0,230835.67,277179.81,0
1,65823.82,0.0,0.0,163451.96,229275.78,0
0,1325988.29,47122.0,0.0,1276815.13,2602803.42,0
1,209439.02,22447.0,0.0,2720621.17,2930060.18,0
1,271456.11,5093.0,0.0,0.0,271456.11,0
1,191371.68,0.0,0.0,2795836.78,2987208.46,0
0,121537.2,0.0,0.0,6839245.79,6939143.66,0
1,152927.88,10253.0,0.0,0.0,247976.07,0
1,404498.8,0.0,0.0,809938.37,1214437.17,0
1,118793.01,0.0,0.0,299906.16,418699.17,0
1,13616.27,0.0,0.0,4362145.8,4375762.08,0
1,56319.29,0.0,0.0,57464.36,857333.79,0
1,279928.7,0.0,0.0,329860.95,609789.65,0
1,265403.57,135648.0,0.0,5468.0,409104.92,0
1,288225.91,0.0,0.0,409665.36,697891.27,0
1,215186.83,0.0,0.0,311526.59,526713.41,0
1,39320.7,166.0,0.0,3541504.62,3580825.32,0
0,71716.24,0.0,0.0,8415296.23,8412669.97,0
1,135982.69,51733.87,0.0,3422282.07,3558264.75,0
0,127402.9,10533.0,0.0,3260334.25,3387737.15,0
1,34753.07,695.0,0.0,1176363.71,1211116.78,0
0,49187.13,0.0,0.0,150826.27,200013.4,0
1,315820.78,0.0,0.0,1415455.2,1731275.97,0
1,185984.92,0.0,0.0,3397347.02,3583331.94,0
1,157313.36,307.0,0.0,168798.51,326111.87,0
0,109658.93,0.0,0.0,141562.98,251221.91,0
1,361065.14,0.0,0.0,813828.73,1644240.07,0
0,649574.19,0.0,0.0,1260906.42,1910480.61,0
0,23705.21,0.0,0.0,1458014.64,1481719.86,0
1,204173.51,0.0,0.0,1338387.48,1542560.99,0
1,82537.99,0.0,0.0,1335398.73,1417936.72,0
1,78339.51,0.0,0.0,258306.97,336646.48,0
1,29826.18,0.0,0.0,106240.0,0.0,0
1,325303.1,26964.24,0.0,1166815.8,1492118.9,0
1,37685.25,27984.0,0.0,2809.0,40494.24,0
1,109726.68,0.0,0.0,4460155.13,4569881.8,0
1,2934.22,24523.0,21588.78,0.0,2934.22,0
0,360677.22,0.0,0.0,647624.82,1008302.04,0
1,131495.39,48646.0,0.0,0.0,131495.39,0
1,37695.01,0.0,0.0,1323611.68,1625261.74,0
1,47901.1,227741.0,179839.9,164317.72,212218.82,0
0,221981.94,24300.0,0.0,0.0,221981.94,0
0,4342002.56,139865.0,0.0,14722698.13,19064700.69,0
1,143925.65,56501.0,0.0,0.0,143925.65,0
1,57948.74,419759.4,361810.66,444195.38,502144.13,0
1,114937.45,808.0,0.0,2092209.7,2207147.15,0
1,148423.11,0.0,0.0,1840771.79,1989194.9,0
1,52096.75,0.0,0.0,124248.58,176345.33,0
1,2126.95,0.0,0.0,5338585.28,5340712.24,0
1,19386.31,0.0,0.0,76268.89,95655.19,0
1,198092.75,9342.0,0.0,653612.11,851704.87,0
0,492909.46,49882.34,0.0,1915005.34,2407914.8,0
1,596711.3,0.0,0.0,945066.38,1541777.69,0
1,81801.91,0.0,0.0,995449.01,1077250.92,0
1,231631.48,81406.04,0.0,1441845.82,1732894.49,0
0,390835.82,1031.0,0.0,170260.4,561096.22,0
1,118935.48,0.0,0.0,130279.9,489160.23,0
0,68631.32,0.0,0.0,2277523.62,2419744.29,0
1,188183.17,0.0,0.0,859259.9,1047443.07,0
1,143126.85,131.0,0.0,0.0,143126.85,0
1,288767.5,20375.0,0.0,565990.24,854757.74,0
1,3280.55,0.0,0.0,990343.07,993623.62,0
1,77381.66,16373.0,0.0,2454979.62,2532361.28,0
1,71246.98,11919.0,0.0,71618.66,142865.64,0
1,113033.76,20753.0,0.0,0.0,113033.76,0
1,6140.55,0.0,0.0,3985947.38,3992087.93,0
1,263922.69,0.0,0.0,453128.65,717051.35,0
1,273646.44,0.0,0.0,1746923.1,2020569.54,0
0,597626.35,0.0,0.0,5892206.88,6489833.23,0
1,139005.02,0.0,0.0,394376.0,533381.02,0
1,359742.18,86238.0,0.0,205726.58,565468.76,0
1,117321.22,112.0,0.0,35697.44,153018.66,0
1,244077.65,21060.0,0.0,416081.05,660158.7,0
0,232679.22,53091.0,0.0,0.0,247200.75,0
0,753286.03,0.0,0.0,5791152.08,6544438.12,0
1,532451.12,149139.62,0.0,836539.53,1368990.65,0
1,380508.87,0.0,0.0,1657912.98,2038421.84,0
1,112558.81,0.0,0.0,310221.53,422780.34,0
0,238024.23,287130.99,49106.75,254486.7,492510.93,0
0,664480.87,0.0,0.0,3196847.48,3861328.35,0
1,24185.11,0.0,0.0,921158.07,945343.18,0
1,18671.88,20587.0,1915.12,78008.91,96680.8,0
0,618188.47,642838.0,24649.53,0.0,618188.47,0
1,220386.81,0.0,0.0,732611.18,952997.98,0
0,702316.43,137824.62,0.0,2697494.01,3399810.44,0
1,212343.46,0.0,0.0,1984414.14,2196757.6,0
1,34911.28,20993.0,0.0,0.0,34911.28,0
1,307850.19,0.0,0.0,477429.17,785279.36,0
1,40642.93,0.0,0.0,163577.1,204220.04,0
1,11609.33,1005.0,0.0,533023.51,655152.04,0
1,35348.04,80091.0,44742.96,0.0,35348.04,0
1,328000.28,0.0,0.0,2344272.76,2672273.04,0
1,229864.53,306424.1,76559.57,8755136.77,8985001.29,0
1,295017.64,0.0,0.0,699649.9,994667.54,0
1,242208.33,10308.0,0.0,687249.44,929457.77,0
1,182727.91,811.0,0.0,0.0,182727.91,0
1,66771.22,172.0,0.0,147192.63,213963.84,0
0,1380405.44,0.0,0.0,1475344.43,2855749.86,0
1,359184.42,0.0,0.0,692212.99,1051397.41,0
1,106036.68,44469.19,0.0,8159777.54,8265814.22,0
1,24730.73,0.0,0.0,2997390.96,3022121.69,0
1,86710.86,0.0,0.0,2060020.62,2146731.48,0
1,69141.93,0.0,0.0,1717591.36,1786733.29,0
1,380899.31,0.0,0.0,584677.6,965576.91,0
1,110126.01,169.0,0.0,1282794.68,1392920.69,0
1,69401.39,0.0,0.0,1210503.1,1279904.5,0
1,395890.67,0.0,0.0,898830.05,1294720.72,0
1,184279.16,51826.0,0.0,2055775.81,2240054.97,0
1,92517.91,0.0,0.0,3135746.67,3228264.58,0
1,120565.79,0.0,0.0,865422.26,985988.05,0
1,81654.25,0.0,0.0,3163130.34,3443002.72,0
0,17675.84,2093.0,0.0,719389.1,737064.94,0
1,125529.06,0.0,0.0,625798.77,751327.83,0
1,148217.86,0.0,0.0,173545.44,321763.3,0
1,331655.09,0.0,0.0,791412.3,1123067.39,0
1,5558.93,0.0,0.0,2407315.28,2412874.22,0
1,85617.0,1728.0,0.0,0.0,85617.0,0
0,1720714.05,15763.0,0.0,117193.48,1837907.53,0
0,280096.9,0.0,0.0,954399.97,1234496.86,0
1,149516.91,0.0,0.0,1264160.39,1413677.3,0
1,364493.62,0.0,0.0,570044.21,1561948.17,0
0,1934375.32,0.0,0.0,16708353.37,18642728.68,0
1,216063.9,10346.0,0.0,0.0,369563.57,0
1,132524.36,9925.0,0.0,0.0,132524.36,0
0,943352.28,0.0,0.0,7711683.66,8655035.95,0
0,125403.55,0.0,0.0,384449.95,509853.5,0
1,30235.49,11722.0,0.0,0.0,30235.49,0
1,124862.45,141506.0,16643.55,0.0,124862.45,0
0,451121.96,17424.23,0.0,11568598.72,12019720.68,0
0,1006288.31,0.0,0.0,2567973.04,3574261.35,0
1,4715.8,4803.0,87.2,142309.77,147025.57,0
1,251627.64,0.0,0.0,2011288.92,2262916.56,0
1,107976.12,51285.0,0.0,0.0,107976.12,0
1,55198.8,0.0,0.0,105006.0,125591.39,0
1,679051.64,24377.0,0.0,0.0,679051.64,0
1,1642.18,79553.0,77910.82,1076113.87,1077756.04,0
1,178594.39,0.0,0.0,1413542.37,1592136.75,0
1,5531.71,0.0,0.0,3991782.26,3997313.97,0
1,245274.15,0.0,0.0,588831.85,834106.0,0
1,243612.15,0.0,0.0,841448.59,715251.5,0
1,374638.07,0.0,0.0,2929392.17,3304030.23,0
0,398505.08,5738.0,0.0,4562761.68,4961266.76,0
1,142198.42,0.0,0.0,3550799.24,3692997.66,0
1,156453.94,180.0,0.0,0.0,156453.94,0
1,435698.06,30884.0,0.0,86192.71,521890.77,0
1,17797.84,0.0,0.0,961956.0,979753.84,0
0,614487.49,0.0,0.0,986875.73,1601363.22,0
1,47160.03,0.0,0.0,719285.69,766445.73,0
1,108930.49,0.0,0.0,1554481.43,1663411.93,0
1,135063.23,108319.0,0.0,0.0,135063.23,0
1,13042.32,61336.0,48293.68,1314879.37,1327921.68,0
0,56169.04,101575.0,45405.96,1165152.66,1221321.7,0
1,111642.16,181.0,0.0,627220.89,738863.05,0
1,76123.14,146678.0,70554.86,1031273.61,1517915.35,0
1,254015.52,0.0,0.0,2673430.18,2927445.7,0
0,476845.93,17370.0,0.0,949228.39,1426074.33,0
1,380776.97,0.0,0.0,3849575.62,4230352.58,0
0,3903247.99,33115.0,0.0,62679.01,3965926.99,0
1,44015.2,82166.0,38150.8,1384863.47,1428878.67,0
1,83350.44,0.0,0.0,200960.83,284311.27,0
1,126327.26,0.0,0.0,321371.71,447698.97,0
1,232067.27,50013.0,0.0,0.0,232067.27,0
1,278576.43,64137.0,0.0,75234.7,353811.13,0
1,239100.59,210686.0,0.0,75870.46,314971.05,0
1,189262.82,1863.0,0.0,8042219.51,8231482.33,0
0,241231.14,70262.57,0.0,8205887.49,8447118.63,0
0,135120.17,196.0,0.0,553912.8,689032.98,0
1,312164.06,0.0,0.0,2014713.04,2326877.1,0
1,402706.82,0.0,0.0,6265471.37,7308072.08,0
1,89436.68,75970.23,0.0,1109721.5,1164062.67,0
1,24075.3,0.0,0.0,290289.92,314365.22,0
1,95592.86,0.0,0.0,1418343.12,1513935.98,0
1,193161.37,289518.15,96356.78,897034.9,1090196.27,0
1,269590.32,498.0,0.0,162113.22,431703.54,0
1,179745.02,335908.0,156162.98,7929.05,187674.07,0
1,254524.7,0.0,0.0,2763790.47,3018315.18,0
1,413413.44,9169.0,0.0,0.0,413413.44,0
1,113717.21,0.0,0.0,247611.07,361328.27,0
1,155871.92,0.0,0.0,735429.6,891301.52,0
1,15990.04,49511.0,33520.96,531512.4,448875.92,0
1,15726.29,0.0,0.0,11231400.13,11247126.42,0
0,153028.28,100270.0,0.0,0.0,153028.28,0
1,84692.46,21581.0,0.0,2517975.84,2602668.3,0
0,1367263.66,3587.0,0.0,110673.91,1477937.57,0
1,151427.51,1510.0,0.0,698507.91,849935.42,0
1,136951.74,0.0,0.0,1800143.39,1937095.13,0
1,167015.19,39941.0,0.0,12835033.57,13002048.76,0
1,115854.1,105.0,0.0,54792.6,170646.71,0
0,601753.92,0.0,0.0,4182237.18,4783991.1,0
1,235594.46,44593.14,0.0,6639040.34,6874634.81,0
1,115111.85,0.0,0.0,1465963.52,1581075.37,0
1,149458.62,40954.0,0.0,0.0,149458.62,0
0,193185.35,0.0,0.0,926407.24,1119592.59,0
1,100845.9,0.0,0.0,380823.44,481669.34,0
0,276663.03,0.0,0.0,531720.43,808383.46,0
1,249937.69,9120.0,0.0,264690.9,514628.59,0
0,1373261.57,375.0,0.0,2386.03,1403116.39,0
0,723135.55,252820.19,0.0,3876064.77,4599200.31,0
1,44480.36,0.0,0.0,1174225.31,1401810.09,0
1,77753.31,165.0,0.0,344865.92,328089.92,0
0,1380503.31,0.0,0.0,1915693.08,3296196.38,0
1,369756.9,0.0,0.0,1114148.12,1483905.01,0
1,167518.66,0.0,0.0,204992.42,372511.09,0
0,322956.77,50177.0,0.0,0.0,322956.77,0
1,304281.87,0.0,0.0,1363718.52,1668000.39,0
1,167700.22,21027.0,0.0,0.0,167700.22,0
1,16676.41,0.0,0.0,290631.24,307307.65,0
1,294476.78,0.0,0.0,396441.34,195256.67,0
1,106693.7,11462.0,0.0,0.0,106693.7,0
1,153.17,0.0,0.0,232749.65,232902.82,0
1,23500.51,0.0,0.0,3027791.18,3051291.69,0
1,102946.79,353.0,0.0,3584706.22,3687653.01,0
1,327492.54,11336.0,0.0,693700.34,1143403.74,0
1,110068.61,0.0,0.0,620646.09,567181.71,0
0,421959.01,543439.0,121479.99,728505.36,1150464.38,0
1,276936.61,12295.5,0.0,2047265.98,2324202.6,0
1,396850.91,29312.0,0.0,1129968.62,1526819.52,0
1,17258.34,0.0,0.0,1471024.07,1488282.41,0
1,37560.08,10344.0,0.0,221275.27,258835.36,0
1,462742.7,32416.0,0.0,524941.46,987684.15,0
1,257669.39,20909.0,0.0,0.0,257669.39,0
1,58850.93,507158.2,448307.28,682599.37,741450.3,0
1,132445.9,38791.0,0.0,4385602.26,6123780.64,0
0,17229.25,31671.0,14441.75,237465.0,254694.24,0
1,398735.7,0.0,0.0,1178260.31,1880585.49,0
0,392306.91,52499.0,0.0,1234311.75,1626618.66,0
1,235775.98,251.0,0.0,0.0,235775.98,0
1,211800.77,0.0,0.0,1395543.69,1607344.46,0
1,90917.3,0.0,0.0,799545.3,890462.6,0
1,88219.79,47491.0,0.0,3486623.84,3574843.63,0
1,626712.33,0.0,0.0,3484175.68,4110888.01,0
1,274968.35,103.0,0.0,895708.55,1170676.9,0
1,48446.57,0.0,0.0,951625.35,1000071.92,0
1,33093.95,0.0,0.0,256766.39,289860.34,0
1,294076.44,0.0,0.0,565686.07,859762.52,0
1,948.79,0.0,0.0,198435.0,199383.79,0
1,57035.39,111370.0,54334.61,150874.87,207910.25,0
0,142979.03,0.0,0.0,606218.35,950266.0,0
1,552865.31,215873.0,0.0,642627.27,1195492.58,0
0,2154452.63,62807.0,0.0,400000.12,2554452.75,0
1,205586.87,21161.0,0.0,0.0,205586.87,0
1,120005.18,0.0,0.0,186992.58,306997.77,0
1,45725.49,16871.0,0.0,12725818.68,12771544.17,0
1,181713.3,0.0,0.0,467342.5,649055.79,0
1,81023.39,14042.0,0.0,5577.5,86600.88,0
1,145810.92,28261.0,0.0,881895.46,1027706.38,0
1,169278.74,40594.0,0.0,0.0,169278.74,0
1,41585.95,11552.0,0.0,9839013.61,9880599.56,0
1,198064.29,50286.0,0.0,175247.41,373311.69,0
1,144611.19,0.0,0.0,1176480.96,1321092.16,0
1,186372.5,0.0,0.0,290467.46,476839.96,0
1,165495.29,0.0,0.0,969338.28,1134833.57,0
1,352337.9,385409.59,33071.68,725470.91,1077808.81,0
1,234889.11,51723.0,0.0,6051.03,240940.14,0
1,136623.83,0.0,0.0,3208992.1,3345615.93,0
1,78932.73,0.0,0.0,171107.92,250040.65,0
0,148991.62,0.0,0.0,3308267.22,3457258.84,0
0,230262.41,154647.33,0.0,441590.81,671853.22,0
1,89665.31,208.0,0.0,7012159.72,7101825.03,0
1,327783.19,0.0,0.0,4601343.92,4929127.12,0
1,302515.53,0.0,0.0,1083300.27,1385815.8,0
1,434128.67,0.0,0.0,1061255.31,1495383.97,0
1,333029.75,0.0,0.0,469566.23,1043089.47,0
1,111676.75,0.0,0.0,2653890.57,2765567.33,0
1,17083.22,524077.64,506994.43,3052886.52,3069969.74,0
1,226128.65,0.0,0.0,1006845.98,1232974.63,0
1,107386.14,14926.0,0.0,1119342.1,1226728.23,0
1,51886.16,18543.0,0.0,0.0,51886.16,0
1,283020.83,22052.0,0.0,770732.39,1053753.21,0
1,245971.19,0.0,0.0,516540.16,762511.35,0
1,500325.57,0.0,0.0,1985653.78,2485979.35,0
1,326762.49,0.0,0.0,9802006.59,10128769.08,0
1,241545.71,24701.0,0.0,1708.47,243254.19,0
1,52544.51,556.0,0.0,2407424.07,2459968.57,0
1,64569.47,0.0,0.0,963406.06,1027975.53,0
1,52961.32,0.0,0.0,1381525.26,1434486.58,0
0,2084353.65,205701.0,0.0,971.0,2192311.72,0
1,543649.51,0.0,0.0,6335382.31,6879031.82,0
1,191006.4,0.0,0.0,9153018.39,9344024.78,0
1,232156.86,70434.0,0.0,0.0,232156.86,0
1,304913.93,10926.0,0.0,3192426.24,3497340.18,0
1,142558.43,0.0,0.0,3352933.41,3495491.84,0
1,355409.81,0.0,0.0,556574.15,911983.96,0
1,329691.1,20075.0,0.0,3955557.55,4285248.66,0
1,120997.91,22052.0,0.0,117969.25,238967.16,0
1,61074.91,0.0,0.0,326060.4,387135.31,0
1,19045.59,50508.0,31462.41,18952.56,37998.16,0
1,394484.1,0.0,0.0,14833147.24,15227631.34,0
1,21251.47,20933.0,0.0,0.0,21251.47,0
1,621972.18,0.0,0.0,897483.2,1519455.37,0
0,315500.73,0.0,0.0,466109.05,781609.78,0
1,52112.71,7123.7,0.0,733263.56,785376.27,0
1,27074.12,18273.0,0.0,0.0,27074.12,0
1,184234.47,190161.75,5927.28,535980.86,720215.33,0
1,43954.28,38770.38,0.0,227077.51,271031.79,0
1,370914.45,104410.0,0.0,19748.75,390663.19,0
1,189556.52,736.0,0.0,0.0,189556.52,0
1,185532.4,0.0,0.0,7224782.36,7410314.77,0
0,258390.87,0.0,0.0,27508038.0,27766428.87,0
1,168339.24,407412.0,239072.76,35619.94,203959.18,0
1,299411.98,10494.0,0.0,0.0,299411.98,0
1,83070.11,0.0,0.0,371196.08,454266.19,0
1,370201.66,0.0,0.0,784100.46,1154302.13,0
1,52297.37,27019.0,0.0,187077.99,239375.37,0
1,29663.26,243825.0,214161.74,203372.95,233036.21,0
1,158895.54,9930.0,0.0,232690.75,391586.29,0
1,350675.69,63596.0,0.0,309097.33,659773.02,0
1,274398.24,0.0,0.0,3161351.68,3435749.92,0
1,41358.49,0.0,0.0,117834.31,159192.8,0
1,106655.16,0.0,0.0,2771708.72,2878363.88,0
1,128870.44,0.0,0.0,709598.21,838468.64,0
0,1675301.71,0.0,0.0,8940421.46,13136605.34,0
0,177057.42,7017.0,0.0,1379030.04,1556087.46,0
1,88883.06,40103.0,0.0,107913.79,196796.85,0
1,225053.21,79673.0,0.0,2084699.92,2309753.13,0
1,438179.73,600.81,0.0,656021.41,1094201.14,0
1,109065.14,21.0,0.0,0.0,109065.14,0
1,199742.65,22409.0,0.0,546840.2,746582.85,0
0,1413983.97,0.0,0.0,2364553.19,3778537.17,0
1,6243.07,10417.0,4173.93,0.0,6243.07,0
0,79255.86,0.0,0.0,107820.59,187076.45,0
1,11750.67,25121.0,13370.33,0.0,11750.67,0
0,3016962.6,0.0,0.0,4291390.42,7308353.02,0
1,296521.55,63722.0,0.0,2071389.78,2367911.33,0
1,209467.14,0.0,0.0,1630181.89,1839649.02,0
1,34896.5,5384.0,0.0,90793.74,125690.24,0
1,189172.23,49732.0,0.0,589850.74,779022.97,0
0,909219.64,0.0,0.0,1611397.58,2520617.22,0
1,226500.17,0.0,0.0,2389754.17,2715862.87,0
0,768957.91,0.0,0.0,3873555.53,4642513.43,0
0,1595014.91,0.0,0.0,2614263.41,4559558.12,0
0,340332.45,0.0,0.0,1941902.03,2282234.48,0
1,105831.91,1918.0,0.0,69612.43,175444.35,0
1,84377.44,0.0,0.0,1247594.32,1331971.77,0
1,293747.03,0.0,0.0,899392.63,1528702.88,0
1,596758.55,63550.95,0.0,626837.15,1223595.7,0
1,646083.21,49038.0,0.0,326991.41,973074.62,0
0,710713.27,207301.0,0.0,26641.32,818713.71,0
1,236440.06,12432.0,0.0,1824456.02,2060896.08,0
1,183678.24,11972.0,0.0,1790698.31,1974376.56,0
1,182649.35,0.0,0.0,272333.43,454982.79,0
1,252114.76,29001.0,0.0,372827.08,624941.84,0
1,15073.78,0.0,0.0,650219.35,665293.13,0
1,131462.9,0.0,0.0,181553.32,313016.22,0
1,102360.81,7150.0,0.0,384129.75,486490.56,0
0,300859.75,0.0,0.0,2257393.19,2558252.94,0
1,471257.53,0.0,0.0,2202441.28,2700136.4,0
0,487669.07,0.0,0.0,1401670.87,1889339.94,0
1,238543.04,11122.0,0.0,3275824.42,3514367.46,0
1,700563.6,0.0,0.0,7525433.05,8574357.27,0
1,423962.6,34937.0,0.0,0.0,423962.6,0
1,241953.21,8088.0,0.0,0.0,241953.21,0
1,478970.61,40.0,0.0,1697527.74,2176498.35,0
1,158208.62,0.0,0.0,729698.89,887907.51,0
0,729842.29,0.0,0.0,6849793.74,7579636.03,0
1,74665.39,0.0,0.0,139826.51,0.0,0
1,66863.05,202380.0,135516.95,50995.71,117858.76,0
1,570649.33,570649.33,0.0,0.0,570649.33,1
1,11429.41,2096.0,0.0,693929.51,705358.92,0
1,119603.6,26269.0,0.0,814771.51,934375.11,0
1,131608.13,10225.0,0.0,0.0,131608.13,0
1,219790.25,0.0,0.0,243927.87,463718.12,0
1,376847.85,0.0,0.0,5387562.94,5764410.79,0
1,185620.91,0.0,0.0,862555.47,1048176.38,0
1,51920.08,0.0,0.0,863067.2,914987.28,0
1,71982.62,310973.0,238990.38,40673.61,112656.24,0
1,136526.27,0.0,0.0,374115.25,510641.51,0
1,212085.77,5109.0,0.0,4171117.69,4383203.46,0
1,6150.71,0.0,0.0,144083.0,150233.71,0
1,344132.9,0.0,0.0,674384.38,1018517.28,0
1,49810.62,0.0,0.0,5534286.6,5807722.14,0
0,451980.7,0.0,0.0,857195.21,1309175.91,0
1,305629.24,0.0,0.0,1091532.91,1397162.15,0
1,3336.48,23584.03,20247.55,408205.0,0.0,0
1,321815.56,0.0,0.0,1851091.2,2172906.76,0
1,10228.29,11463.0,1234.71,0.0,10228.29,0
1,181753.95,0.0,0.0,973206.15,1154960.09,0
1,99788.74,0.0,0.0,557097.24,656885.98,0
1,89540.1,0.0,0.0,5210242.98,5299783.08,0
1,20383.36,0.0,0.0,148229.72,168613.08,0
1,8417.4,0.0,0.0,212665.73,0.0,0
1,270458.63,0.0,0.0,775859.24,1046317.87,0
1,60326.86,21078.0,0.0,0.0,60326.86,0
0,851221.3,0.0,0.0,5586834.66,6438055.96,0
1,88033.43,0.0,0.0,156394.7,244428.12,0
1,81944.41,6302.27,0.0,817751.53,899695.94,0
1,569746.71,897.0,0.0,1339731.15,2126057.17,0
1,310447.78,106211.0,0.0,97743.05,408190.83,0
1,180687.69,14422.0,0.0,0.0,180687.69,0
1,35003.38,10542.0,0.0,0.0,35003.38,0
0,208150.86,0.0,0.0,214614.36,703853.19,0
1,210636.67,259390.0,48753.33,367841.61,578478.27,0
1,125124.84,514.0,0.0,1629956.67,1755081.51,0
1,138645.23,0.0,0.0,3374366.12,3513011.36,0
1,433164.45,0.0,0.0,727580.51,1160744.96,0
0,1296952.82,0.0,0.0,2150052.01,3447004.83,0
0,81013.41,106527.43,25514.02,269104.61,350118.02,0
0,634191.62,15643.0,0.0,3505337.69,4139529.31,0
0,125168.02,5592.0,0.0,0.0,125168.02,0
1,83058.76,227094.36,144035.6,3744940.02,3827998.79,0
1,203483.2,10667.0,0.0,0.0,203483.2,0
1,91476.61,491.0,0.0,0.0,91476.61,0
0,8049.0,0.0,0.0,3547871.0,3555919.99,0
1,99647.95,9550.0,0.0,309159.11,408807.06,0
1,259886.2,11399.0,0.0,0.0,259886.2,0
1,203832.88,0.0,0.0,1087466.79,1291299.67,0
1,155349.45,0.0,0.0,847784.1,1003133.54,0
1,151598.85,21214.0,0.0,161017.4,312616.25,0
1,8738.53,12176.0,3437.47,2238914.19,2247652.72,0
1,377842.99,0.0,0.0,1705636.64,2083479.63,0
1,398364.85,0.0,0.0,1827902.69,2226267.54,0
1,115713.82,100053.0,0.0,149850.99,265564.81,0
1,107313.3,0.0,0.0,402616.32,509929.62,0
0,237943.62,237943.62,0.0,0.0,0.0,1
1,25699.98,880.0,0.0,151982.81,177682.79,0
1,194732.07,0.0,0.0,196092.71,390824.78,0
1,205390.15,6183.0,0.0,32300.59,237690.73,0
1,105996.07,18094.27,0.0,287300.27,393296.34,0
1,122193.96,0.0,0.0,1609399.33,1731593.3,0
0,269882.08,0.0,0.0,271979.33,944972.86,0
1,76207.63,110106.0,33898.37,0.0,76207.63,0
1,55551.98,0.0,0.0,267428.2,322980.18,0
1,95686.43,0.0,0.0,538797.0,634483.43,0
1,196286.08,393199.99,196913.91,1152167.97,1348454.05,0
1,296235.79,0.0,0.0,378396.28,416791.59,0
1,595814.82,22735.0,0.0,0.0,595814.82,0
1,419187.99,30092.0,0.0,318646.11,737834.1,0
1,92260.22,0.0,0.0,517036.02,609296.24,0
1,45406.94,0.0,0.0,5536928.61,5582335.55,0
0,333903.6,44596.0,0.0,9304.56,343208.16,0
1,133194.96,0.0,0.0,2965674.43,3098869.4,0
1,49060.46,0.0,0.0,643108.66,692169.11,0
1,47120.04,0.0,0.0,710750.14,757870.18,0
1,817.2,0.0,0.0,43241.85,44059.05,0
0,597262.98,11844.0,0.0,0.0,1603463.65,0
0,679504.39,0.0,0.0,1249039.94,1928544.33,0
1,29037.07,84724.0,55686.93,10133.56,39170.63,0
1,444125.01,0.0,0.0,3753242.92,4197367.93,0
1,130216.25,6076.0,0.0,3445549.08,3875797.93,0
1,146987.65,0.0,0.0,257793.91,404781.55,0
1,75854.0,0.0,0.0,578885.52,654739.52,0
1,52616.96,6419.0,0.0,38808.38,91425.34,0
0,1344698.36,13077.0,0.0,191262.22,1535960.58,0
1,493619.82,137623.87,0.0,973426.62,1467046.44,0
1,83706.27,0.0,0.0,528598.36,612304.62,0
1,60001.48,22302.0,0.0,353735.66,413737.13,0
1,97629.97,0.0,0.0,279386.1,550946.52,0
1,81433.47,0.0,0.0,810253.42,891686.89,0
1,207033.09,9911.0,0.0,218893.7,425926.79,0
1,37297.72,0.0,0.0,38047.28,276027.69,0
1,195991.69,61336.0,0.0,249348.72,445340.41,0
1,192864.0,180564.0,0.0,2552706.99,2745571.0,0
1,57081.62,0.0,0.0,134399.35,191480.97,0
1,67562.5,0.0,0.0,703065.59,770628.09,0
1,222636.37,0.0,0.0,3217726.87,3689409.44,0
1,211692.56,0.0,0.0,1256355.15,1468047.71,0
1,306656.8,41460.0,0.0,3263460.79,3570117.59,0
0,10000000.0,0.0,0.0,10318883.47,30191152.86,0
1,246854.04,0.0,0.0,503314.0,1134985.48,0
1,124528.1,100659.0,0.0,0.0,72707.17,0
1,207460.19,0.0,0.0,3502348.23,3709808.41,0
0,1405388.59,0.0,0.0,3685629.62,5214106.64,0
1,313691.07,0.0,0.0,770620.78,1084311.85,0
1,135130.51,0.0,0.0,1459164.86,1594295.37,0
1,287590.94,10287.0,0.0,163995.6,451586.54,0
0,3603277.86,0.0,0.0,4520948.87,8124226.72,0
1,183739.94,204460.0,20720.06,0.0,109711.75,0
1,113839.29,198273.0,84433.71,0.0,113839.29,0
1,338972.77,30491.0,0.0,363339.59,702312.36,0
1,33367.11,0.0,0.0,2898269.39,2931636.51,0
1,332699.41,123216.0,0.0,2589546.41,2922245.83,0
1,131693.13,0.0,0.0,1563015.27,1694708.4,0
1,194982.9,11624.0,0.0,4192352.27,4387335.17,0
1,168269.65,0.0,0.0,1503450.86,1671720.52,0
1,85835.4,0.0,0.0,3972167.11,4058002.51,0
0,515733.69,27656.0,0.0,1040180.33,1716487.82,0
1,181960.08,15473.0,0.0,178069.68,360029.76,0
1,113114.95,51048.0,0.0,85380.67,198495.62,0
1,312754.68,0.0,0.0,802210.26,1114964.94,0
1,444770.19,0.0,0.0,7081653.07,7526423.27,0
1,17255.1,634.0,0.0,3801777.58,3819032.68,0
1,222299.92,0.0,0.0,700427.25,922727.17,0
1,60637.97,41523.0,0.0,864842.11,925480.08,0
1,81892.29,0.0,0.0,961780.84,1043673.13,0
0,3292118.41,0.0,0.0,6262492.01,9554610.42,0
1,212124.47,69323.0,0.0,496878.66,709003.13,0
1,5050.91,103816.0,98765.09,68548.17,73599.08,0
1,294582.39,40065.0,0.0,0.0,294582.39,0
1,75324.38,149884.0,74559.62,885018.02,960342.4,0
1,439950.41,0.0,0.0,589517.41,1029467.82,0
1,34846.6,0.0,0.0,166664.75,201511.35,0
1,213272.79,0.0,0.0,1523765.82,1737038.61,0
1,89.68,0.0,0.0,40464.0,694981.78,0
1,76261.23,49516.0,0.0,64924.8,141186.04,0
1,35131.41,154.0,0.0,0.0,35131.41,0
0,395745.55,203751.0,0.0,0.0,395745.55,0
0,122501.09,636.0,0.0,0.0,122501.09,0
1,1911239.21,1911239.21,0.0,188720.75,2099959.96,1
1,27520.38,0.0,0.0,799785.44,827305.82,0
1,492175.81,0.0,0.0,1469964.77,3133162.11,0
1,428558.36,78231.0,0.0,1615961.92,2044520.27,0
1,12419.11,0.0,0.0,76510.75,88929.86,0
1,93616.5,0.0,0.0,3501654.91,3595271.41,0
1,21030.85,0.0,0.0,742777.72,763808.57,0
1,67353.89,52141.0,0.0,431741.76,499095.66,0
0,1359709.9,358752.17,0.0,3086483.29,4446193.19,0
1,59528.32,0.0,0.0,705141.97,764670.3,0
0,119842.74,0.0,0.0,130235.5,44541.73,0
1,595664.3,0.0,0.0,7436596.74,8032261.04,0
1,51591.04,122439.0,70847.96,0.0,51591.04,0
1,84138.8,0.0,0.0,8878316.96,8962455.76,0
1,235861.38,100901.97,0.0,354428.88,590290.27,0
0,364628.24,159.0,0.0,307257.76,671885.99,0
1,90345.83,0.0,0.0,1453711.58,1544057.41,0
1,10441.25,37039.18,26597.93,520566.98,531008.23,0
1,261578.29,0.0,0.0,476298.02,737876.32,0
0,228457.89,16379.0,0.0,0.0,228457.89,0
0,672106.69,0.0,0.0,4389699.56,5061806.25,0
1,458163.83,0.0,0.0,778994.22,1237158.05,0
1,415757.41,39132.0,0.0,339063.97,754821.39,0
1,90086.01,0.0,0.0,583192.15,673278.16,0
1,51669.35,5089.0,0.0,673470.79,725140.15,0
1,175646.28,0.0,0.0,2378473.04,2554119.32,0
1,290851.21,10.0,0.0,6273601.4,6564452.61,0
1,100679.38,1440.0,0.0,0.0,100679.38,0
0,736206.06,0.0,0.0,10000000.0,10736206.06,0
1,58076.81,307697.0,249620.19,0.0,58076.81,0
1,254835.14,237749.0,0.0,41449.2,296284.33,0
1,302122.84,100374.0,0.0,0.0,302122.84,0
1,138793.96,0.0,0.0,141379.25,280173.21,0
0,20454978.16,0.0,0.0,30606409.04,51061387.2,0
0,142.17,0.0,0.0,4282363.08,4282505.25,0
1,74548.6,0.0,0.0,448980.58,523529.18,0
0,1031642.29,1130.0,0.0,141617.62,1173259.91,0
0,189055.33,0.0,0.0,503873.82,607592.22,0
1,195119.33,0.0,0.0,262616.64,457735.97,0
1,364491.88,14890.0,0.0,15466.57,379958.45,0
1,605211.81,0.0,0.0,757026.07,1362237.88,0
1,154704.4,0.0,0.0,1116952.28,1271656.68,0
1,102172.73,0.0,0.0,969976.13,1072148.87,0
1,74052.54,0.0,0.0,406210.02,480262.56,0
1,4407.33,0.0,0.0,1989963.05,1994370.38,0
1,254259.59,50043.0,0.0,0.0,254259.59,0
1,857773.05,0.0,0.0,4363153.82,5220926.87,0
1,323893.74,0.0,0.0,644684.86,968578.61,0
0,118191.33,0.0,0.0,1052849.34,1171040.67,0
1,107752.85,0.0,0.0,5872532.26,5980285.11,0
0,48800.65,153.0,0.0,2839191.86,2887992.51,0
1,135621.98,10616.0,0.0,45074.69,180696.66,0
1,168315.81,4255.0,0.0,1878200.74,2046516.55,0
1,25981.12,0.0,0.0,354010.89,379992.01,0
1,240217.6,0.0,0.0,2894170.02,3134387.62,0
1,225863.14,0.0,0.0,1087153.78,1313016.92,0
1,399686.26,448.0,0.0,0.0,399686.26,0
1,244762.45,439673.9,194911.45,81513.77,326276.22,0
1,224969.79,222.0,0.0,0.0,224969.79,0
1,492355.01,0.0,0.0,786920.51,647891.59,0
1,432911.55,0.0,0.0,5154853.92,5587765.47,0
0,94517.41,45795.0,0.0,475878.28,498427.13,0
0,1778633.19,0.0,0.0,3843270.84,5621904.03,0
0,995228.66,0.0,0.0,1076796.13,2072024.79,0
0,636788.99,487873.67,0.0,81829.95,718618.94,0
1,122435.66,361954.49,239518.83,61757.79,184193.45,0
0,100479.91,0.0,0.0,242835.56,343315.48,0
1,54048.69,150258.0,96209.31,5978554.75,6032603.44,0
0,1307758.69,113660.0,0.0,0.0,1307758.69,0
1,66776.88,39832.0,0.0,38359.24,105136.12,0
1,160140.88,532638.43,372497.56,1155890.98,1316031.86,0
0,563667.25,0.0,0.0,4274786.58,4838453.83,0
1,51749.75,0.0,0.0,301563.67,353313.42,0
1,356142.59,0.0,0.0,814229.69,1170372.28,0
1,357981.17,135663.0,0.0,501734.91,859716.07,0
1,224867.26,0.0,0.0,249611.2,474478.46,0
1,206677.78,0.0,0.0,8100868.19,8307545.97,0
1,215569.5,0.0,0.0,5919374.23,6134943.73,0
1,118090.02,55676.0,0.0,72001.6,190091.63,0
1,647195.7,0.0,0.0,5681360.37,6328556.07,0
1,295136.26,0.0,0.0,2846105.18,3141241.44,0
1,97988.28,15593.0,0.0,1669557.65,1767545.93,0
1,498532.68,52401.46,0.0,1295664.84,1794197.53,0
0,329421.0,0.0,0.0,383764.06,713185.06,0
1,65741.49,52365.0,0.0,781216.66,846958.15,0
1,19063.65,0.0,0.0,9824329.64,9843393.29,0
1,6130.96,0.0,0.0,507275.89,513406.85,0
0,686217.43,0.0,0.0,1583087.95,2269305.38,0
1,148829.24,0.0,0.0,191910.03,340739.27,0
1,125154.77,52444.0,0.0,4087940.36,4213095.13,0
1,135632.34,76.0,0.0,101928.33,237560.67,0
1,339006.25,0.0,0.0,1075489.11,1414495.36,0
1,168491.36,0.0,0.0,396526.6,565017.96,0
1,349619.29,0.0,0.0,1965985.83,2315605.12,0
1,433592.79,132295.3,0.0,541825.04,975417.83,0
1,34572.36,0.0,0.0,58326.3,92898.67,0
0,1999971.31,0.0,0.0,3491915.21,5491886.52,0
1,287275.38,0.0,0.0,549890.22,837165.6,0
0,519963.09,108720.0,0.0,0.0,519963.09,0
1,299217.13,0.0,0.0,11224435.52,11523652.65,0
0,950064.34,251897.0,0.0,0.0,1831481.64,0
1,55673.34,9992.0,0.0,71814.53,127487.87,0
1,56084.69,0.0,0.0,562474.02,618558.71,0
0,444764.38,29839.0,0.0,453887.6,898651.98,0
1,225893.6,57927.0,0.0,1612688.83,1838582.43,0
1,161036.53,7058.0,0.0,0.0,161036.53,0
1,1330.21,0.0,0.0,4337142.14,4437953.68,0
0,1604650.63,164260.45,0.0,2984978.57,8732619.21,0
1,169247.62,1020.0,0.0,0.0,169247.62,0
1,118170.86,109621.91,0.0,2201037.84,2319208.69,0
1,215469.94,0.0,0.0,411350.5,626820.44,0
0,37731.54,0.0,0.0,403026.12,440757.66,0
0,1209444.33,0.0,0.0,2721823.51,3931267.84,0
1,279825.44,35617.0,0.0,0.0,279825.44,0
1,330383.83,0.0,0.0,544448.91,874832.74,0
1,195317.4,31248.0,0.0,170460.66,365778.07,0
0,230151.45,0.0,0.0,386508.22,616659.67,0
1,355434.54,863268.51,507833.96,1140698.54,1496133.08,0
1,226670.72,0.0,0.0,6719203.45,8045309.41,0
1,86977.49,11294.0,0.0,0.0,86977.49,0
1,87239.06,618757.0,531517.94,82287.79,169526.85,0
1,158067.78,0.0,0.0,1260596.1,1418663.87,0
1,633865.63,0.0,0.0,984320.97,1704160.28,0
1,88743.96,70860.0,0.0,0.0,88743.96,0
1,78700.98,5010.0,0.0,261135.26,339836.24,0
1,254402.9,95331.0,0.0,0.0,254402.9,0
1,52968.07,43504.0,0.0,0.0,52968.07,0
1,33879.88,0.0,0.0,96729.4,130609.28,0
1,49018.85,0.0,0.0,863074.39,912093.24,0
1,190949.86,83171.0,0.0,52747.9,243697.76,0
1,266534.09,0.0,0.0,1314648.84,1581182.93,0
1,27668.62,92489.44,64820.82,675080.55,702749.17,0
0,62607.03,0.0,0.0,126506.18,189113.21,0
1,639042.49,4093.0,0.0,44441.8,193428.26,0
1,142916.48,0.0,0.0,1406771.44,1549687.92,0
1,154894.78,21207.0,0.0,100044.77,254939.55,0
1,66737.8,0.0,0.0,3332261.22,3398999.02,0
1,9077.58,10662.0,1584.42,1548658.64,1557736.22,0
0,2214224.19,50583.0,0.0,0.0,2214224.19,0
1,76027.76,103108.0,27080.24,224239.08,300266.84,0
1,125798.97,542.0,0.0,2514462.9,2979609.06,0
1,33284.59,0.0,0.0,841799.89,875084.48,0
0,45613.1,0.0,0.0,990374.62,1035987.72,0
1,513474.68,7092.0,0.0,0.0,513474.68,0
1,101872.8,29720.0,0.0,458368.79,560241.6,0
1,107969.63,1042.0,0.0,0.0,107969.63,0
1,422506.07,165.0,0.0,1120794.9,1543300.97,0
1,202571.62,247.0,0.0,5813609.05,6016180.67,0
1,385936.7,0.0,0.0,3638358.42,4255651.52,0
1,185274.39,0.0,0.0,198370.23,383644.62,0
1,100662.25,31119.0,0.0,10564453.55,10746882.65,0
1,46639.24,0.0,0.0,538424.58,585063.81,0
1,139007.23,22820.0,0.0,0.0,139007.23,0
1,108603.11,285689.0,177085.89,136612.49,454688.87,0
1,350590.66,12178.0,0.0,4247871.62,4598462.28,0
1,206100.52,0.0,0.0,770520.79,976621.31,0
1,77411.06,82623.0,5211.94,943926.08,1021337.15,0
1,44165.55,0.0,0.0,261216.47,305382.01,0
1,120168.06,36326.0,0.0,1050323.63,1170491.69,0
1,140133.22,0.0,0.0,932520.02,1072653.25,0
1,230823.09,96729.16,0.0,1990180.45,2221003.54,0
1,291934.13,10283.0,0.0,1042837.82,1334771.95,0
1,126099.44,0.0,0.0,1857178.85,2256963.27,0
0,372762.25,0.0,0.0,675328.38,1048090.63,0
1,145436.16,0.0,0.0,193785.56,339221.72,0
1,17406.38,201387.0,183980.62,26446.91,43853.29,0
0,1643483.61,918.0,0.0,71615.33,1715098.95,0
1,148002.32,0.0,0.0,2166574.31,2314576.62,0
0,336369.08,0.0,0.0,2039582.74,2375951.82,0
1,376090.59,0.0,0.0,1576377.98,1952468.57,0
1,284410.93,0.0,0.0,2741041.76,3025452.69,0
1,66509.8,0.0,0.0,4128467.11,4194976.9,0
1,534216.81,0.0,0.0,11081278.69,12356028.41,0
1,44238.69,0.0,0.0,2091391.38,3686663.47,0
1,269364.36,0.0,0.0,7792160.95,8061525.31,0
1,10147.25,2189.0,0.0,0.0,10147.25,0
1,464765.8,0.0,0.0,759739.78,1224505.58,0
1,229291.22,22374.0,0.0,4489256.87,4718548.09,0
1,35536.73,0.0,0.0,4944636.76,4980173.49,0
1,129216.97,61090.0,0.0,60758.0,0.0,0
1,124184.24,497045.0,372860.76,0.0,124184.24,0
1,243741.88,0.0,0.0,4624201.47,4867943.34,0
1,172053.9,572.0,0.0,0.0,172053.9,0
1,134478.5,2036.0,0.0,348407.98,482886.49,0
1,56956.36,237387.0,180430.64,1297916.47,1354872.83,0
1,116318.57,0.0,0.0,383367.75,499686.32,0
1,157695.9,0.0,0.0,519144.6,676840.5,0
1,177616.83,0.0,0.0,1352221.7,1529838.52,0
1,321088.8,0.0,0.0,2634387.65,2955476.46,0
1,80756.49,0.0,0.0,1213261.98,1294018.46,0
1,170436.18,0.0,0.0,231046.47,401482.65,0
1,18365.56,1409.0,0.0,0.0,18365.56,0
1,41329.61,68945.61,27616.0,3394841.42,3436171.03,0
1,171568.88,128627.14,0.0,24331788.55,24503357.43,0
0,229816.2,319867.88,90051.69,849631.03,1079447.23,0
1,352067.35,119863.0,0.0,156053.07,508120.42,0
1,84055.11,0.0,0.0,3246116.41,3330171.52,0
1,128703.45,0.0,0.0,7793244.11,7921947.56,0
0,5748924.96,0.0,0.0,6838681.09,12587606.05,0
1,45464.04,10465.0,0.0,0.0,45464.04,0
1,59642.97,19461.0,0.0,1427821.05,1487464.01,0
1,25003.57,52105.0,27101.43,0.0,25003.57,0
1,342883.39,179.0,0.0,3016342.65,3359226.03,0
1,359684.1,106674.0,0.0,119711.44,479395.54,0
0,232426.33,24378.0,0.0,44246.12,276672.45,0
1,25167.4,19000.0,0.0,3608958.22,3634125.63,0
1,121020.03,0.0,0.0,344709.9,465729.94,0
1,517495.0,0.0,0.0,1153579.41,1671074.41,0
1,3058.67,0.0,0.0,13317144.13,13320202.8,0
1,277475.8,86425.0,0.0,70118.04,347593.84,0
1,265015.93,1282.0,0.0,0.0,265015.93,0
1,196480.51,5088.0,0.0,480750.95,674738.05,0
1,143756.2,59657.0,0.0,169669.95,313426.15,0
1,22132.25,952.0,0.0,0.0,22132.25,0
1,76763.78,25833.0,0.0,2423.15,79186.94,0
1,369131.98,11385.0,0.0,2761804.11,3130936.09,0
1,93190.71,0.0,0.0,665207.07,758397.78,0
1,233284.14,0.0,0.0,420954.76,323253.31,0
1,5157.26,55780.0,50622.74,0.0,5157.26,0
1,136311.52,0.0,0.0,2612670.1,2748981.62,0
1,344322.81,0.0,0.0,380270.21,724593.03,0
1,219614.73,81918.97,0.0,460368.87,679983.6,0
1,191810.29,9045.0,0.0,3891813.86,4083624.15,0
1,96868.54,8067.0,0.0,992405.18,1089273.73,0
1,313561.72,183418.0,0.0,3792659.66,4106221.39,0
1,567363.22,0.0,0.0,1268817.12,1836180.34,0
1,205528.83,78641.0,0.0,359570.57,565099.41,0
1,270056.54,0.0,0.0,831173.72,1101230.26,0
1,243382.41,0.0,0.0,348795.81,592178.22,0
1,116673.89,10655.0,0.0,0.0,116673.89,0
1,171880.91,158726.0,0.0,0.0,171880.91,0
1,251492.65,0.0,0.0,2402933.57,2654426.23,0
1,10593.48,0.0,0.0,194802.64,205396.13,0
0,2227678.26,0.0,0.0,3100719.54,5328397.8,0
0,1052773.82,177510.1,0.0,2181437.44,3234211.26,0
1,319262.21,230.0,0.0,0.0,319262.21,0
1,77809.04,0.0,0.0,1318526.57,1396335.61,0
1,272216.51,10084.0,0.0,0.0,272216.51,0
0,131579.36,455565.08,323985.72,1000675.56,1371083.9,0
1,271728.68,101249.0,0.0,17552.3,289280.99,0
1,334009.21,62611.67,0.0,429093.64,763102.85,0
1,296233.59,0.0,0.0,610376.03,906609.63,0
1,563719.89,0.0,0.0,683894.98,1247614.87,0
1,187891.78,49695.0,0.0,483045.1,670936.87,0
1,176708.39,0.0,0.0,444849.95,621558.33,0
1,28030.78,0.0,0.0,53667.9,81698.68,0
1,193985.87,62857.0,0.0,571438.5,765424.37,0
1,326676.83,30527.0,0.0,0.0,326676.83,0
0,512633.08,0.0,0.0,10331433.46,10844066.54,0
1,333409.5,5567.0,0.0,46163.38,379572.88,0
1,95746.78,0.0,0.0,476992.63,572739.41,0
1,171302.37,147.0,0.0,1443241.31,1614543.68,0
1,93312.75,304199.0,210886.25,4900840.52,4994153.27,0
1,208794.0,43059.0,0.0,0.0,208794.0,0
1,156808.66,0.0,0.0,1084789.88,1241598.54,0
1,241822.4,10260.0,0.0,0.0,241822.4,0
1,16128.74,0.0,0.0,1881286.02,1897414.75,0
1,263826.59,57710.0,0.0,0.0,263826.59,0
1,292697.08,103180.0,0.0,0.0,292697.08,0
1,317344.35,0.0,0.0,1379681.39,1697025.74,0
1,182122.87,0.0,0.0,5199860.29,5381983.16,0
1,135969.78,0.0,0.0,269176.84,405146.62,0
1,314507.22,6111.0,0.0,2444606.52,2759113.74,0
1,281998.85,0.0,0.0,398979.97,680978.82,0
1,278059.42,696308.0,418248.58,0.0,278059.42,0
1,24753.01,0.0,0.0,7274625.04,7299378.05,0
1,135820.91,0.0,0.0,500083.78,635904.69,0
1,219556.01,0.0,0.0,1972754.68,2192310.69,0
1,24076.2,21726.0,0.0,66636.32,90712.52,0
1,207071.89,0.0,0.0,989645.18,1196717.08,0
1,381988.09,0.0,0.0,384601.17,766589.26,0
1,243962.5,116751.0,0.0,1000136.49,1244098.99,0
1,102411.06,6037.0,0.0,67525.38,169936.44,0
1,356170.99,20866.0,0.0,8470299.32,8826470.3,0
1,179052.85,88983.0,0.0,0.0,179052.85,0
1,342340.67,239644.54,0.0,0.0,342340.67,0
0,3246422.31,27281.0,0.0,150719.32,3397141.63,0
1,242508.81,0.0,0.0,4574617.76,4817126.56,0
1,12230.92,34705.0,22474.08,0.0,12230.92,0
1,85570.78,32866.0,0.0,0.0,85570.78,0
0,285270.61,10829.0,0.0,701470.85,986741.45,0
1,219350.06,0.0,0.0,3529149.45,3748499.51,0
1,21491.4,0.0,0.0,1920267.65,1941759.05,0
1,16793.83,60960.0,44166.17,5789805.89,5806599.72,0
0,376778.88,0.0,0.0,2385073.54,2761852.41,0
1,152634.49,0.0,0.0,810997.03,963631.52,0
1,215582.85,5001.0,0.0,324194.55,539777.41,0
0,474197.18,0.0,0.0,615729.02,1089926.2,0
1,58532.55,0.0,0.0,188581.99,247114.53,0
0,618819.27,0.0,0.0,418150.9,1036970.17,0
0,33520.8,0.0,0.0,206850.38,240371.18,0
0,2201596.18,32641.0,0.0,4050.0,4124891.35,0
0,254987.16,0.0,0.0,522950.95,777938.12,0
1,88803.41,49398.0,0.0,102563.49,191366.91,0
1,172574.1,0.0,0.0,453773.93,626348.04,0
1,16250.83,0.0,0.0,4301544.59,4317795.42,0
1,136743.52,203872.0,67128.48,0.0,136743.52,0
0,1071439.4,6020.0,0.0,856343.42,1927782.82,0
1,15448.23,0.0,0.0,20208.05,35656.28,0
1,304658.25,0.0,0.0,1093214.72,1397872.97,0
1,79120.4,485.0,0.0,273776.9,352897.3,0
1,122309.67,0.0,0.0,403361.3,525670.97,0
1,105983.48,78573.6,0.0,3237240.85,3343224.33,0
1,203426.56,392.0,0.0,0.0,203426.56,0
1,13176.87,0.0,0.0,4660314.36,5440069.81,0
1,97140.6,39604.0,0.0,0.0,97140.6,0
1,182977.55,0.0,0.0,13518026.55,13701004.1,0
1,137969.64,903.0,0.0,1813239.87,2530669.07,0
1,120570.13,0.0,0.0,298401.11,418971.24,0
1,70233.58,3578.0,0.0,231784.14,302017.73,0
0,388978.91,0.0,0.0,1290310.26,1679289.17,0
1,335180.86,20839.0,0.0,1388401.94,1723582.8,0
1,16785.26,0.0,0.0,3259669.1,3276454.36,0
1,168107.84,0.0,0.0,183708.11,351815.95,0
1,107207.15,30984.0,0.0,861905.61,969112.77,0
1,87355.09,0.0,0.0,887968.6,975323.69,0
0,224179.75,17982.0,0.0,1103598.3,1327778.05,0
1,6402.26,0.0,0.0,19969.0,0.0,0
0,231138.32,10180.0,0.0,0.0,231138.32,0
1,345408.88,124.0,0.0,107975.99,453384.87,0
1,139024.83,20234.0,0.0,0.0,139024.83,0
1,123426.9,0.0,0.0,1183684.58,1307111.49,0
1,35620.81,9955.0,0.0,0.0,35620.81,0
1,70354.76,0.0,0.0,7153959.26,7224314.02,0
0,75137.63,49911.0,0.0,513661.71,588799.34,0
1,30565.9,0.0,0.0,35339.85,65905.76,0
1,88410.83,51953.0,0.0,178210.18,266621.01,0
0,193913.58,0.0,0.0,1486323.92,1680237.51,0
1,156063.93,0.0,0.0,1050102.56,1206166.48,0
1,186842.52,0.0,0.0,284203.01,471045.53,0
1,8577.98,10028.0,1450.02,0.0,8577.98,0
1,105552.6,26620.0,0.0,0.0,105552.6,0
1,283742.77,0.0,0.0,1951637.91,2235380.69,0
1,45818.03,45100.0,0.0,20848572.71,21094577.62,0
1,204277.3,0.0,0.0,4701189.39,4905466.69,0
1,259907.76,0.0,0.0,670064.4,929972.16,0
1,145426.23,144159.0,0.0,1919747.56,2065173.79,0
0,256790.77,0.0,0.0,8595169.7,8851960.48,0
0,66094.51,0.0,0.0,427258.13,493352.64,0
1,168792.48,14513.0,0.0,60895.93,229688.41,0
0,245283.82,0.0,0.0,2003974.8,2249258.62,0
0,608911.57,0.0,0.0,794291.78,1403203.35,0
1,59806.33,0.0,0.0,352581.97,412388.3,0
1,46583.51,10376.0,0.0,1561931.45,1608514.96,0
1,72990.72,55001.0,0.0,840691.44,913682.16,0
1,333008.52,0.0,0.0,464939.58,797948.1,0
1,289630.07,0.0,0.0,1685314.47,1974944.54,0
1,51170.27,13138.0,0.0,0.0,51170.27,0
1,49587.33,0.0,0.0,2667584.44,2717171.77,0
1,343915.7,11154.0,0.0,320794.4,664710.1,0
0,121204.39,0.0,0.0,2022983.55,2144187.94,0
1,163769.17,0.0,0.0,1668053.03,2943975.68,0
0,2188295.55,0.0,0.0,10305775.56,12494071.11,0
1,225404.5,22777.0,0.0,2473443.81,2698848.31,0
0,4219334.91,4054.0,0.0,0.0,4219334.91,0
1,463210.86,237270.0,0.0,1079292.32,1542503.18,0
0,1395850.55,0.0,0.0,260806.21,1656656.77,1
1,118248.68,201216.0,82967.32,2586883.47,2874613.01,0
1,281377.83,0.0,0.0,4889305.74,5170683.57,0
1,102180.33,2393.0,0.0,78853.34,181033.67,0
1,171097.52,0.0,0.0,1551641.33,1722738.85,0
1,3821.57,0.0,0.0,2407313.22,2276442.31,0
1,119912.91,10926.0,0.0,2711.25,122624.17,0
0,1772766.99,0.0,0.0,4974071.8,6746838.79,0
1,51553.51,0.0,0.0,890696.88,942250.4,0
1,352847.02,0.0,0.0,973540.54,1326387.56,0
0,277970.01,0.0,0.0,5181810.04,5459780.04,0
1,305049.16,25265.0,0.0,28643.0,11818.69,0
1,90501.64,0.0,0.0,759725.69,850227.32,0
1,10832.36,343034.0,332201.64,766960.62,777792.97,0
1,63350.09,0.0,0.0,8114475.78,8177825.87,0
0,2021665.19,0.0,0.0,21493250.26,23514915.44,0
0,221786.57,0.0,0.0,14217054.0,14438840.57,0
1,3415.22,32152.0,28736.78,0.0,3415.22,0
1,137729.32,0.0,0.0,389129.71,526859.03,0
1,63759.38,517589.0,453829.62,844420.43,908179.81,0
1,320501.72,0.0,0.0,1561718.71,1882220.42,0
0,228769.96,8117.0,0.0,143345.98,372115.94,0
1,518393.45,30433.0,0.0,575406.6,1093800.05,0
1,26367.51,22202.0,0.0,94686.33,121053.84,0
0,1422775.61,104004.0,0.0,0.0,1422775.61,0
1,129893.64,0.0,0.0,735337.23,1324614.51,0
1,22999.77,0.0,0.0,333842.42,356842.2,0
1,76599.39,0.0,0.0,119224.67,195824.05,0
1,78707.81,0.0,0.0,1378900.32,1457608.14,0
1,295580.57,0.0,0.0,5169136.54,5464717.11,0
1,23245.24,0.0,0.0,4011528.9,4034774.14,0
1,493247.74,2255.0,0.0,465338.4,958586.14,0
1,243740.49,0.0,0.0,610548.39,854288.88,0
1,46447.61,20295.0,0.0,24281.96,70729.58,0
0,1360258.22,0.0,0.0,2557182.96,3917441.17,0
0,11996.58,0.0,0.0,40255.0,0.0,0
1,115686.68,128221.51,12534.84,419790.42,535477.09,0
1,232484.08,21804.0,0.0,1060614.46,1293098.54,0
1,213695.4,21692.0,0.0,55367.81,269063.21,0
1,215544.07,0.0,0.0,17135415.09,17350959.17,0
1,52447.18,0.0,0.0,187440.02,239887.21,0
1,401.32,0.0,0.0,570231.96,570633.28,0
0,222059.89,21290.0,0.0,326603.09,548662.98,0
1,139433.4,0.0,0.0,7730349.01,8848194.11,0
1,238993.37,6529.0,0.0,0.0,238993.37,0
1,234184.88,51434.0,0.0,76446.29,310631.17,0
1,157474.99,12544.0,0.0,24811.63,182286.63,0
1,294268.85,51015.0,0.0,854646.65,1148915.5,0
1,74926.45,0.0,0.0,923655.41,998581.87,0
1,45727.02,0.0,0.0,3405933.46,3451660.48,0
1,34407.16,357984.47,323577.3,595738.25,630145.41,0
0,144142.25,487320.0,343177.75,3919539.36,4063681.61,0
1,95533.54,0.0,0.0,278290.51,373824.05,0
1,55716.38,938.0,0.0,1596999.92,1652716.29,0
1,192606.04,0.0,0.0,214312.23,406918.27,0
1,92188.07,69446.0,0.0,7662.71,99850.78,0
0,1459407.75,16116.0,0.0,0.0,1459407.75,0
1,70125.83,50163.0,0.0,42032.0,112157.83,0
1,53023.2,0.0,0.0,190640.19,243663.38,0
0,460077.64,0.0,0.0,1493291.37,1953369.0,0
1,125611.4,577.0,0.0,280907.72,406519.11,0
0,362749.95,0.0,0.0,12550753.71,12913503.66,0
0,650983.44,115981.17,0.0,0.0,650983.44,0
1,293545.29,0.0,0.0,4543950.05,4837495.35,0
1,226577.57,122236.84,0.0,2608411.29,3495679.55,0
0,205728.83,0.0,0.0,2193070.76,2267521.69,0
1,171094.92,0.0,0.0,559241.89,730336.81,0
1,451322.2,198538.0,0.0,6491039.76,6942361.96,0
0,144959.13,0.0,0.0,401783.02,546742.15,0
1,37048.11,7061.0,0.0,0.0,37048.11,0
0,384322.64,42252.0,0.0,3328100.27,3712422.92,0
1,251804.9,163939.95,0.0,11435.33,263240.23,0
1,139939.96,0.0,0.0,435174.98,575114.94,0
1,89516.96,55173.0,0.0,556792.46,646309.42,0
0,484718.66,0.0,0.0,2206116.37,2690835.03,0
1,21108.67,0.0,0.0,253270.46,274379.13,0
1,303964.95,21064.0,0.0,0.0,303964.95,0
1,76249.13,31580.0,0.0,1141565.0,1217814.13,0
0,976343.76,2313.0,0.0,40342.22,1016685.98,0
1,82181.64,0.0,0.0,7106344.19,7188525.83,0
0,352961.29,0.0,0.0,1497472.72,1912526.2,0
1,411675.68,50103.0,0.0,0.0,411675.68,0
1,87714.19,41969.0,0.0,844716.27,932430.46,0
1,308898.21,0.0,0.0,1590869.79,1899768.01,0
0,7564390.73,0.0,0.0,7646995.11,15211385.84,0
1,128412.14,70463.0,0.0,1674591.74,1803003.88,0
1,42296.33,30372.0,0.0,49769.75,92066.08,0
1,236715.97,0.0,0.0,1917519.58,2087369.46,0
1,122739.84,0.0,0.0,1436590.58,1559330.42,0
0,5850403.44,25875.0,0.0,105848.45,5524934.31,0
1,2012.45,0.0,0.0,120559.25,122571.7,0
1,328906.49,48902.2,0.0,1802566.47,2131472.96,0
1,74389.98,74455.0,65.02,0.0,74389.98,0
1,407680.47,0.0,0.0,2090161.85,2497842.32,0
1,393104.9,0.0,0.0,1137048.88,1530153.78,0
1,94379.26,10942.0,0.0,77830.45,172209.7,0
0,1627438.13,0.0,0.0,3303849.88,5312631.16,0
0,1611469.53,0.0,0.0,3217300.97,4828770.5,0
1,344165.37,279615.0,0.0,218095.08,562260.45,0
1,351294.78,27842.0,0.0,0.0,351294.78,0
1,129792.61,20343.0,0.0,456632.78,586425.38,0
1,141577.83,0.0,0.0,1322954.27,1464532.09,0
1,168663.34,0.0,0.0,3812165.56,3980828.91,0
1,106789.78,0.0,0.0,2456704.04,2563493.81,0
1,121615.03,0.0,0.0,151450.39,273065.42,0
1,33836.38,0.0,0.0,111665.8,145502.18,0
1,42371.73,0.0,0.0,6146948.94,6189320.67,0
1,58148.61,5293.0,0.0,8143.63,66292.23,0
1,102036.97,33609.0,0.0,1218147.61,1320184.58,0
1,101584.45,32245.0,0.0,0.0,101584.45,0
1,352378.02,0.0,0.0,6919694.2,7272072.21,0
0,300292.28,0.0,0.0,11010859.63,11311151.91,0
1,227771.2,324273.0,96501.8,41826.0,413735.59,0
1,29202.9,0.0,0.0,357898.25,387101.15,0
1,400578.1,55045.0,0.0,110019.0,629162.88,0
1,54592.57,63440.0,8847.43,1584315.28,1638907.85,0
1,37688.05,931.0,0.0,0.0,37688.05,0
1,241345.76,30854.0,0.0,0.0,241345.76,0
1,24612.91,51359.0,26746.09,0.0,24612.91,0
1,166653.89,0.0,0.0,1062699.23,1229353.12,0
1,204039.04,0.0,0.0,2150143.3,2354182.33,0
1,22012.22,0.0,0.0,108563.42,130575.63,0
1,40226.83,10933.0,0.0,510990.43,551217.25,0
1,143318.7,107404.0,0.0,1178691.9,1322010.6,0
1,136044.54,920.0,0.0,0.0,136044.54,0
0,368915.01,17014.0,0.0,441728.3,810643.31,0
1,45738.93,37241.0,0.0,0.0,45738.93,0
1,59844.65,0.0,0.0,121413.27,181257.91,0
1,294274.85,5902.0,0.0,116653.03,410927.88,0
1,296950.22,5463.0,0.0,65291.0,362241.22,0
1,218212.83,0.0,0.0,467925.12,686137.95,0
1,106972.93,80373.0,0.0,155605.19,262578.13,0
0,246703.16,30850.0,0.0,556940.27,803643.43,0
1,250249.31,0.0,0.0,1572203.95,1822453.26,0
0,616958.12,13807.0,0.0,0.0,616958.12,0
1,61177.23,0.0,0.0,64161.13,125338.36,0
1,248268.0,0.0,0.0,10292864.35,10541132.35,0
1,93033.16,0.0,0.0,532482.68,625515.84,0
1,84691.4,10890.0,0.0,2170242.96,2254934.36,0
1,89591.32,0.0,0.0,189766.67,279357.99,0
1,228512.74,172575.97,0.0,448138.72,676651.46,0
1,61071.53,4148.3,0.0,182229.87,243301.39,0
0,99872.42,49566.0,0.0,530059.61,629932.02,0
1,1503.55,0.0,0.0,5288259.48,5289763.04,0
1,160000.33,651274.31,491273.98,8596648.33,8756648.66,0
1,250362.72,0.0,0.0,273971.89,524334.61,0
1,173236.12,136528.41,0.0,284855.31,458091.43,0
1,276641.71,0.0,0.0,815290.54,1091932.25,0
1,1887.21,0.0,0.0,72053.02,73940.23,0
0,620979.59,0.0,0.0,14374278.61,14995258.2,0
1,29294.1,7315.0,0.0,399897.0,624074.6,0
0,3413679.87,0.0,0.0,10000000.0,13413679.87,0
1,3630.24,0.0,0.0,309893.88,313524.12,0
1,167465.64,52768.0,0.0,37033.0,0.0,0
0,194662.11,293779.35,99117.24,288467.47,483129.58,0
1,406301.57,220.0,0.0,123077.29,529378.86,0
1,95.35,0.0,0.0,561571.72,561667.07,0
1,37174.65,0.0,0.0,8451042.27,8488216.93,0
0,847751.45,203753.77,0.0,1279879.11,2127630.57,0
0,362427.93,0.0,0.0,692307.58,1054735.5,0
1,292180.82,0.0,0.0,406715.74,698896.56,0
1,347286.23,0.0,0.0,651935.02,999221.25,0
1,137887.76,16061.0,0.0,0.0,113000.5,0
0,601398.53,10762.0,0.0,0.0,601398.53,0
1,81667.72,37727.0,0.0,442530.04,524197.76,0
1,77631.19,336.0,0.0,25130.88,102762.08,0
1,211780.2,0.0,0.0,2506543.63,2718323.83,0
1,2985.91,0.0,0.0,1146757.39,1149743.31,0
1,43417.57,0.0,0.0,3760060.22,3527531.02,0
0,108299.76,0.0,0.0,1993908.3,2102208.06,0
1,235981.44,10432.0,0.0,191148.15,427129.6,0
1,106334.29,45825.0,0.0,0.0,106334.29,0
1,95963.38,18615.0,0.0,684594.36,780557.74,0
1,269317.76,0.0,0.0,521488.23,790805.99,0
1,233568.12,39346.27,0.0,4754483.43,4988051.55,0
0,745886.78,0.0,0.0,991567.07,1737453.85,0
1,37001.83,0.0,0.0,98437.81,135439.64,0
1,371173.67,0.0,0.0,640660.04,1011833.71,0
1,675975.69,0.0,0.0,7148917.01,7824892.7,0
1,17952.16,0.0,0.0,225903.03,243855.18,0
1,84112.7,0.0,0.0,255753.73,339866.42,0
1,223448.71,0.0,0.0,2141755.16,2365203.87,0
1,30332.89,84539.42,54206.53,72852.93,103185.82,0
1,137907.55,10171.0,0.0,7888.96,145796.51,0
1,53058.55,167018.68,113960.12,2239257.18,2525123.09,0
1,270604.22,512.0,0.0,2578467.77,2849071.99,0
0,262737.69,21736.0,0.0,0.0,262737.69,0
1,96267.22,0.0,0.0,6684521.72,6780788.94,0
1,191534.77,40511.0,0.0,363234.49,554769.26,0
1,142974.59,0.0,0.0,222994.61,365969.21,0
1,228138.45,0.0,0.0,4071315.54,4299453.98,0
1,297647.73,0.0,0.0,3327116.65,3624764.38,0
0,650376.4,0.0,0.0,980199.74,1630576.14,0
1,7369.12,52996.0,45626.88,16430.59,23799.71,0
1,48790.43,145060.0,96269.57,4713243.29,4762033.72,0
1,23076.31,205988.0,182911.69,8250708.31,8273784.63,0
1,106289.29,10085.0,0.0,96900.06,203189.35,0
1,388399.96,0.0,0.0,4236412.68,6667393.92,0
1,160594.88,661651.95,501057.07,180622.6,341217.48,0
1,80478.99,0.0,0.0,480041.99,560520.99,0
1,271768.38,0.0,0.0,9993634.27,10265402.66,0
1,220490.16,20477.0,0.0,6372873.5,6593363.67,0
0,1024107.58,0.0,0.0,1412459.27,2436566.86,0
1,217694.15,0.0,0.0,1067435.48,1285129.64,0
0,832102.16,1204.0,0.0,0.0,832102.16,0
1,294850.19,148645.43,0.0,3163920.11,3458770.3,0
1,230768.86,100622.0,0.0,1306346.52,1537115.38,0
1,44526.86,0.0,0.0,15254729.23,15299256.09,0
1,32519.13,56506.0,23986.87,0.0,32519.13,0
1,39037.7,103869.0,64831.3,771548.26,810585.96,0
1,128048.12,0.0,0.0,476610.83,604658.96,0
0,1861509.48,5425.0,0.0,0.0,2079972.56,0
0,383520.1,39869.0,0.0,2108309.83,2491829.94,0
1,90085.13,0.0,0.0,942698.07,1411892.44,0
1,98602.85,248596.0,149993.15,757468.27,856071.12,0
0,274410.26,69531.0,0.0,31045.81,305456.07,0
1,177177.18,19850.0,0.0,33011.92,210189.1,0
1,42298.77,0.0,0.0,4290744.9,4333043.68,0
0,854344.33,0.0,0.0,7064389.57,8057144.47,0
1,414806.94,0.0,0.0,5622920.79,6037727.72,0
1,179440.65,0.0,0.0,314206.56,493647.21,0
1,373609.55,0.0,0.0,603285.13,976894.68,0
1,14883.17,75123.0,60239.83,105416.74,120299.91,0
1,186608.29,2951.0,0.0,1693968.17,1931099.14,0
1,486313.6,129924.0,0.0,503808.74,990122.34,0
1,349731.36,31911.0,0.0,90390.26,440121.62,0
1,251375.21,0.0,0.0,367654.32,1256391.01,0
0,634552.82,0.0,0.0,5273731.45,5908284.27,0
0,252936.6,0.0,0.0,2701150.95,2954087.55,0
0,347984.06,0.0,0.0,404966.96,752951.02,0
1,147246.04,0.0,0.0,1052787.61,1200033.65,0
1,179007.9,0.0,0.0,1988670.97,2167678.87,0
0,373480.44,0.0,0.0,4512875.22,4886355.66,0
1,203095.08,34712.0,0.0,163750.59,366845.68,0
0,2905917.88,158770.78,0.0,12206045.68,15111963.56,0
1,7680.42,272140.51,264460.09,1267711.71,1275392.13,0
1,184652.95,12785.0,0.0,290923.44,475576.39,0
1,360587.59,0.0,0.0,1243725.06,1604312.65,0
1,216699.31,20923.0,0.0,459.35,217158.65,0
1,193977.18,88.0,0.0,658456.92,852434.1,0
1,95471.36,5902.0,0.0,0.0,95471.36,0
0,391633.07,0.0,0.0,2611828.23,3003461.3,0
1,53400.16,0.0,0.0,4451638.23,4505038.39,0
1,298348.03,0.0,0.0,366020.42,664368.45,0
0,41123.02,551.0,0.0,5491265.3,5532388.32,0
1,103163.51,0.0,0.0,1790345.39,1893508.9,0
1,175149.02,81439.0,0.0,70480.7,245629.72,0
1,281701.71,14830.0,0.0,104598.63,386300.35,0
1,12391.91,0.0,0.0,3143842.32,3156234.23,0
1,460742.83,106.0,0.0,580828.35,1041571.18,0
1,506053.39,0.0,0.0,944982.28,1451035.68,0
1,423510.04,31324.0,0.0,597909.45,1021419.49,0
0,45822.51,0.0,0.0,15558893.55,15604716.06,0
0,1933081.57,265236.18,0.0,3839335.63,5772417.21,0
1,120647.58,0.0,0.0,1694648.39,1815295.97,0
1,119245.13,16115.14,0.0,975960.65,1095205.78,0
0,1662178.09,101835.41,0.0,8011021.12,9673199.21,0
1,389140.01,100.0,0.0,21523.0,410663.01,0
1,187515.19,0.0,0.0,254537.94,442053.13,0
1,388838.74,711.0,0.0,1273670.87,1662509.61,0
0,1154104.37,0.0,0.0,13146711.0,17356500.26,0
1,28468.7,0.0,0.0,2591276.71,2619745.4,0
1,66850.47,0.0,0.0,281413.02,348263.49,0
1,5174.12,27031.1,21856.98,3917766.58,4200266.27,0
1,119012.31,0.0,0.0,157768.8,224222.88,0
1,67275.35,0.0,0.0,19043247.19,19110522.54,0
1,156510.28,10275.07,0.0,834166.65,990676.92,0
0,410559.45,0.0,0.0,2041293.31,2451852.76,0
1,463756.02,41955.0,0.0,1200972.59,1286621.23,0
1,42081.94,77170.0,35088.06,123538.71,165620.66,0
1,201736.42,62856.17,0.0,3938193.12,4139929.54,0
1,23258.42,146648.0,123389.58,1633474.3,1656732.72,0
1,213129.44,203582.0,0.0,0.0,213129.44,0
0,34664.44,0.0,0.0,7796964.93,7831629.37,0
1,33867.01,46157.0,12289.99,285152.98,319020.0,0
1,348296.36,22704.0,0.0,0.0,348296.36,0
0,171154.52,0.0,0.0,228921.69,400076.21,0
0,2338399.61,0.0,0.0,5434164.8,7772564.41,0
1,93841.22,50443.96,0.0,1549929.17,1643770.39,0
1,544661.05,0.0,0.0,2694035.58,3238696.63,0
1,50506.43,0.0,0.0,117667.05,168173.47,0
1,67793.61,0.0,0.0,325583.95,393377.56,0
1,4197.08,50281.0,46083.92,4390648.54,4394845.62,0
0,385851.42,54938.0,0.0,121480.91,321065.23,0
1,275591.34,0.0,0.0,2799359.95,3074951.29,0
1,42254.15,199147.0,156892.85,426626.11,695617.43,0
0,145467.78,0.0,0.0,850221.38,995689.16,0
1,244912.2,0.0,0.0,2268919.63,2513831.84,0
1,182369.8,68940.0,0.0,218066.54,400436.34,0
1,122668.83,51637.0,0.0,39548.35,162217.18,0
0,1609238.73,0.0,0.0,4926220.94,6535459.67,0
0,283343.37,0.0,0.0,595123.17,878466.54,0
1,69942.85,30009.0,0.0,1332131.21,1402074.06,0
1,108937.26,68933.0,0.0,31284.0,140221.26,0
1,35706.44,265422.7,229716.25,55502.48,91208.92,0
1,312122.37,6781.0,0.0,0.0,312122.37,0
1,138879.45,104269.0,0.0,236497.09,375376.54,0
0,367747.41,0.0,0.0,782770.4,1150517.81,0
1,182456.37,13374.0,0.0,0.0,182456.37,0
1,121809.5,0.0,0.0,498276.2,620085.7,0
1,123154.91,18341.0,0.0,1231116.36,1354271.27,0
0,301845.07,0.0,0.0,2270510.99,2548492.21,0
1,326001.06,0.0,0.0,10836055.25,11162056.3,0
1,185219.93,0.0,0.0,2178405.79,2599207.74,0
1,29527.65,0.0,0.0,67310.58,96838.23,0
1,263235.88,33626.0,0.0,2320680.41,2583916.29,0
1,206911.06,0.0,0.0,1622864.99,1829776.04,0
0,335616.88,0.0,0.0,2053301.31,2388918.19,0
1,150793.62,2504.0,0.0,12204.0,0.0,0
0,464007.87,0.0,0.0,1464917.8,1928925.68,0
1,46964.98,221171.0,174206.02,1970.63,48935.61,0
1,272073.86,19851.0,0.0,0.0,272073.86,0
1,172386.16,0.0,0.0,1781147.66,1953533.82,0
1,36201.22,0.0,0.0,38813.17,75014.39,0
1,130886.2,0.0,0.0,500104.8,630990.99,0
0,691770.77,0.0,0.0,1500182.73,2209873.94,0
1,258839.2,0.0,0.0,1525282.65,1784121.85,0
1,14901.87,0.0,0.0,32187.35,47089.22,0
1,19634.98,0.0,0.0,1608416.0,1628050.98,0
1,124913.83,0.0,0.0,1812580.79,1937494.62,0
1,102216.61,90422.0,0.0,0.0,102216.61,0
1,115363.82,0.0,0.0,119370.33,234734.15,0
0,490718.94,774552.0,283833.06,18580.0,249371.91,0
0,215035.89,0.0,0.0,6747477.12,6962513.02,0
1,54198.24,26580.0,0.0,0.0,1141.85,0
1,92545.81,159.0,0.0,0.0,92545.81,0
1,121239.05,99871.0,0.0,64297.41,185536.45,0
1,134229.83,1369.0,0.0,64489.24,198719.06,0
0,259330.91,0.0,0.0,6033202.01,6292532.92,0
1,236160.0,40906.0,0.0,142882.09,379042.09,0
0,293239.17,0.0,0.0,408073.16,701312.33,0
1,147290.25,203683.0,56392.75,6795232.94,6942523.19,0
1,190427.73,21582.0,0.0,0.0,190427.73,0
0,485698.42,0.0,0.0,663239.81,1148938.24,0
1,181208.18,74.0,0.0,175.15,181383.32,0
1,10498.25,0.0,0.0,872368.31,882866.56,0
1,78619.73,0.0,0.0,143543.8,222163.53,0
1,172621.32,6010.0,0.0,0.0,172621.32,0
1,56315.39,21164.0,0.0,0.0,56315.39,0
1,359113.49,0.0,0.0,8053382.71,8412496.2,0
1,305187.15,99136.0,0.0,184081.03,489268.18,0
1,65060.22,93102.12,28041.9,416665.42,481725.64,0
1,75506.1,10045.0,0.0,5060085.3,5135591.4,0
0,27513.74,435297.08,407783.34,3646042.87,3673556.61,0
0,1774276.68,0.0,0.0,5163911.36,7106783.76,0
1,84038.73,0.0,0.0,3708601.58,3792640.31,0
1,44197.37,20167.0,0.0,2213465.7,2771316.29,0
1,302988.04,42856.0,0.0,183817.41,486805.45,0
1,72286.26,0.0,0.0,138217.06,210503.32,0
1,47560.82,0.0,0.0,2849817.5,2897378.32,0
1,104872.59,0.0,0.0,1100111.5,1204984.09,0
1,120275.46,20390.0,0.0,0.0,120275.46,0
1,216543.37,0.0,0.0,1081113.39,1297656.76,0
1,228122.05,0.0,0.0,614754.82,842876.87,0
1,76505.56,912873.15,836367.59,572427.76,648933.32,0
1,123068.98,1251.0,0.0,83771.88,206840.86,0
1,199049.66,134026.0,0.0,47194.18,246243.84,0
1,176669.91,82780.0,0.0,436726.31,613396.22,0
1,71132.56,0.0,0.0,1102151.86,1173284.42,0
1,157630.56,0.0,0.0,669395.49,827026.05,0
1,58286.68,0.0,0.0,1820923.75,1879210.43,0
1,18461.58,30461.0,11999.42,0.0,18461.58,0
1,218212.66,2075.0,0.0,0.0,218212.66,0
1,149670.78,0.0,0.0,2085054.92,2234725.71,0
1,284066.81,287.0,0.0,0.0,284066.81,0
0,216991.17,0.0,0.0,1272640.43,1489631.6,0
1,137010.41,105945.0,0.0,128132.74,430063.37,0
1,108158.39,12051.0,0.0,248262.74,356421.13,0
0,36562.49,0.0,0.0,1339183.05,1375745.54,0
0,582946.94,0.0,0.0,660773.47,1243720.42,0
1,185750.1,3074.0,0.0,1136257.72,1322007.82,0
1,589164.96,15933.0,0.0,1903876.92,2493041.88,0
1,33938.82,45719.0,11780.18,17554.65,51493.47,0
1,134800.07,0.0,0.0,248712.32,383512.39,0
1,66737.5,104521.0,37783.5,84868.79,151606.28,0
1,47969.01,8264.0,0.0,86041.0,134010.01,0
1,174738.23,71906.0,0.0,1010491.12,1185229.35,0
1,40031.88,0.0,0.0,658064.55,698096.43,0
1,183955.49,366517.0,182561.51,157783.26,341738.75,0
1,105447.21,0.0,0.0,4592793.52,4698240.72,0
1,547925.95,100048.0,0.0,676116.58,1224042.53,0
1,37361.85,108693.0,71331.15,64576.79,101938.64,0
0,1469861.57,163024.0,0.0,129610.82,1599472.39,0
1,78086.05,0.0,0.0,2880582.26,2958668.31,0
1,57046.03,686.0,0.0,0.0,57046.03,0
1,414526.95,20176.0,0.0,1200985.28,1615512.24,0
1,150415.65,50304.91,0.0,354936.21,505351.86,0
1,123795.35,124090.0,294.65,2951561.18,3075356.53,0
1,183436.67,0.0,0.0,1466487.27,1649923.94,0
0,1208003.31,0.0,0.0,10276365.97,11484369.29,0
1,612847.8,0.0,0.0,5777375.42,6390223.22,0
0,434399.66,0.0,0.0,610053.96,1425561.01,0
1,83129.67,0.0,0.0,1218523.38,1301653.05,0
1,102311.67,11983.0,0.0,0.0,102311.67,0
1,113146.45,0.0,0.0,179042.49,292188.94,0
1,199550.23,0.0,0.0,1341174.52,1540724.75,0
1,430240.0,20148.0,0.0,0.0,432051.76,0
1,195485.74,38950.0,0.0,3390379.2,3585864.95,0
1,114570.48,0.0,0.0,282646.57,397217.04,0
0,1076491.49,0.0,0.0,11584211.25,12660702.75,0
1,49227.83,0.0,0.0,1346541.07,1395768.9,0
1,180734.72,0.0,0.0,3394889.8,3575624.52,0
0,330381.05,0.0,0.0,3119191.57,3449572.62,0
1,77830.27,0.0,0.0,2216053.53,2293883.8,0
1,218975.42,0.0,0.0,1260674.53,1479649.95,0
1,107992.01,89571.21,0.0,635459.87,743451.89,0
1,18856.36,0.0,0.0,138108.09,156964.46,0
1,294155.61,25457.0,0.0,0.0,294155.61,0
1,9161.73,240072.0,230910.27,49750.34,58912.07,0
1,435252.92,0.0,0.0,823883.24,1259136.16,0
1,72626.29,2036.0,0.0,0.0,72626.29,0
1,3643.87,36183.0,32539.13,0.0,3643.87,0
1,160841.55,0.0,0.0,132793.35,4617.72,0
0,1002091.06,0.0,0.0,2797157.71,3799248.77,0
1,48427.62,0.0,0.0,453618.56,502046.18,0
1,558270.91,26362.0,0.0,380253.94,938524.85,0
1,104517.14,0.0,0.0,1436979.72,1541496.86,0
0,164992.06,176434.53,11442.47,1196123.13,1361115.19,0
0,425451.38,10412.0,0.0,0.0,425451.38,0
1,162728.41,197196.8,34468.39,1325099.17,1487827.58,0
1,65436.4,10850.0,0.0,682836.83,748273.24,0
1,241962.99,20422.0,0.0,327085.97,569048.96,0
0,251011.41,29859.0,0.0,2579161.08,2830172.49,0
0,10544.39,0.0,0.0,10746.46,21290.85,0
0,167428.04,0.0,0.0,1751085.72,1918513.77,0
0,741427.26,0.0,0.0,790848.14,1532275.4,0
1,398859.71,0.0,0.0,960702.12,1359561.83,0
1,409680.86,212816.0,0.0,698866.14,1108547.01,0
1,338855.48,53620.0,0.0,871000.97,1209856.45,0
1,381502.89,769.0,0.0,2901472.46,3282975.35,0
0,1380747.2,0.0,0.0,6701101.57,8081848.78,0
1,14211.28,355985.0,341773.72,495749.41,509960.69,0
1,36565.74,0.0,0.0,1083190.16,1119755.89,0
0,323451.29,0.0,0.0,470349.52,793800.81,0
1,115580.53,20.0,0.0,339530.41,455110.93,0
0,2745795.69,21044.4,0.0,3787716.63,6533512.32,0
1,51993.26,0.0,0.0,1547814.3,1599807.57,0
1,407027.95,0.0,0.0,3787363.81,4194391.77,0
1,197896.96,0.0,0.0,1341622.36,1539519.32,0
1,247436.21,0.0,0.0,13561609.11,13809045.32,0
1,38607.39,95855.94,57248.54,723352.26,761959.65,0
1,141992.21,0.0,0.0,275539.22,417531.43,0
1,69892.0,97389.0,27497.0,0.0,69892.0,0
1,66635.46,0.0,0.0,866738.31,981264.24,0
1,11036.12,0.0,0.0,305785.61,316821.73,0
1,378889.54,1006874.8,627985.27,694744.58,1073634.12,0
1,168498.09,179.0,0.0,4963.0,0.0,0
1,36048.12,76932.0,40883.88,0.0,36048.12,0
0,515803.93,0.0,0.0,2936860.5,3452664.43,0
0,292774.77,97409.24,0.0,371930.13,664704.89,0
1,479358.21,8154.0,0.0,303841.28,783199.49,0
0,35325.15,0.0,0.0,1592925.99,1628251.14,0
1,352408.25,61128.0,0.0,682604.68,1035012.93,0
0,2060954.67,198.0,0.0,12315.8,2073270.47,0
1,123888.16,42689.0,0.0,2855184.72,2979072.87,0
0,602214.19,0.0,0.0,1873953.03,2476167.21,0
1,188140.62,0.0,0.0,2080859.63,2269000.25,0
1,259184.42,42041.0,0.0,389620.24,648804.66,0
0,51394.95,44463.0,0.0,19106979.68,19158374.63,0
1,54982.04,0.0,0.0,1397681.95,1452663.99,0
0,1317929.76,32869.0,0.0,2559143.21,3877072.98,0
1,241348.16,0.0,0.0,605093.89,846442.05,0
1,218171.3,11555.0,0.0,1411371.16,1629542.46,0
1,496038.83,34110.0,0.0,342580.3,838619.13,0
1,500027.64,17443.0,0.0,29900.66,529928.29,0
1,9750.93,0.0,0.0,7954246.31,7963997.24,0
1,34566.56,147487.0,112920.44,47001.46,81568.02,0
1,234755.63,0.0,0.0,1320256.18,1555011.81,0
1,108081.91,0.0,0.0,1208369.16,1316451.07,0
0,545213.16,0.0,0.0,961082.11,1506295.27,0
0,690500.63,411.0,0.0,1710909.54,2401410.18,0
0,386334.95,29720.0,0.0,73129.38,459464.33,0
1,13372.62,20692.0,7319.38,0.0,13372.62,0
1,194300.82,0.0,0.0,276165.35,470466.17,0
1,27735.45,3974.0,0.0,797863.77,825599.21,0
0,73658.07,119516.39,45858.32,229840.11,303498.18,0
1,110668.76,0.0,0.0,1366619.05,1477287.81,0
1,37999.35,98931.64,60932.29,794043.38,832042.73,0
1,65696.21,0.0,0.0,966028.33,1031724.54,0
1,363668.4,11068.0,0.0,0.0,363668.4,0
0,2007559.78,0.0,0.0,2225567.94,4233127.72,0
1,10347.7,340414.0,330066.3,2281324.83,2291672.53,0
1,12890.37,0.0,0.0,39648.21,52538.58,0
1,120311.65,12992.0,0.0,5924455.45,6044767.11,0
1,160220.37,0.0,0.0,949443.34,1109663.71,0
1,395289.1,0.0,0.0,4692605.86,5087894.96,0
1,475526.67,955.0,0.0,802946.25,1278472.91,0
1,273317.53,122155.0,0.0,0.0,273317.53,0
0,494803.05,0.0,0.0,5173710.59,5668513.64,0
1,458697.56,70398.0,0.0,280554.68,739252.24,0
1,297664.53,0.0,0.0,365855.03,733061.24,0
1,125269.83,26821.0,0.0,1650031.67,1775301.5,0
1,39912.03,0.0,0.0,755870.54,795782.57,0
1,291477.86,30588.0,0.0,0.0,291477.86,0
1,38280.63,699491.0,661210.37,1432760.34,1471040.96,0
1,196428.68,0.0,0.0,207422.68,403851.37,0
1,115433.06,0.0,0.0,1509546.88,1624979.94,0
0,45807.51,45807.51,0.0,0.0,0.0,1
1,67803.06,0.0,0.0,872164.37,939967.42,0
1,253705.38,0.0,0.0,4829835.2,5083540.58,0
1,576765.1,1348.0,0.0,0.0,576765.1,0
1,23816.28,0.0,0.0,230754.35,254570.62,0
1,70337.14,0.0,0.0,530221.9,600559.03,0
1,257060.93,11105.0,0.0,0.0,257060.93,0
0,257667.25,0.0,0.0,319678.33,577345.58,0
1,17037.19,11666.0,0.0,812443.39,829480.57,0
1,330769.33,0.0,0.0,982091.4,1312860.73,0
1,116684.06,0.0,0.0,3691809.55,4030313.03,0
1,34640.94,0.0,0.0,4289592.56,4324233.5,0
1,366274.17,0.0,0.0,593863.88,960138.05,0
1,304198.98,4932.0,0.0,0.0,304198.98,0
1,300342.25,116238.0,0.0,0.0,300342.25,0
1,247568.63,0.0,0.0,323103.02,570671.66,0
0,870997.44,10795.0,0.0,1033285.99,2154545.93,0
1,311784.29,67366.0,0.0,237348.99,549133.28,0
0,460644.37,11423.85,0.0,1702457.35,2163101.72,0
1,151259.79,69325.0,0.0,1400599.87,1551859.65,0
1,223392.03,0.0,0.0,361806.3,413133.72,0
1,28579.07,386011.47,357432.4,8071889.89,8100468.96,0
1,141919.05,0.0,0.0,600143.14,742062.19,0
0,107043.4,202053.0,95009.6,96979.85,204023.25,0
1,135713.96,19998.0,0.0,250201.52,385915.48,0
1,135079.02,339.0,0.0,1011848.78,1146927.79,0
1,6596.55,0.0,0.0,8111493.15,8118089.7,0
1,60268.2,24644.0,0.0,0.0,314631.97,0
1,216985.65,0.0,0.0,2116558.97,2333544.62,0
0,1306281.75,16864.0,0.0,448994.0,1755275.75,0
0,47944.22,8311.36,0.0,356748.64,404692.86,0
1,249465.42,57.0,0.0,721060.19,970525.62,0
1,57473.45,0.0,0.0,1804758.43,1862231.87,0
1,86348.84,0.0,0.0,1256237.53,1342586.38,0
1,17237.76,0.0,0.0,23716.32,40954.08,0
1,163307.83,0.0,0.0,9497040.48,9660348.31,0
1,107076.43,11019.0,0.0,135489.41,242565.84,0
1,64.98,0.0,0.0,1477501.43,1477566.41,0
1,45609.98,0.0,0.0,856563.44,902173.42,0
1,45168.4,0.0,0.0,766139.54,811307.94,0
1,357048.79,700399.0,343350.21,0.0,357048.79,0
1,100648.87,20482.0,0.0,0.0,100648.87,0
1,258610.25,0.0,0.0,2862532.72,3121142.97,0
1,82162.25,59461.0,0.0,1090133.67,1172295.92,0
1,39586.82,0.0,0.0,342411.97,381998.79,0
1,51245.74,6271.0,0.0,159119.13,210364.87,0
1,310816.91,0.0,0.0,944431.99,1255248.9,0
1,196551.43,0.0,0.0,621005.5,817556.93,0
1,233157.84,52785.0,0.0,393751.59,626909.43,0
1,169159.64,0.0,0.0,346575.64,515735.28,0
0,1128109.02,9224.0,0.0,0.0,1128109.02,0
1,278883.88,0.0,0.0,8502836.12,8781720.0,0
1,55578.1,104.0,0.0,0.0,55578.1,0
1,59470.72,0.0,0.0,462828.21,522298.93,0
1,45334.27,0.0,0.0,8180995.23,8226329.5,0
0,201093.08,0.0,0.0,6740705.44,6941798.52,0
1,33501.86,0.0,0.0,216411.35,249913.22,0
1,33272.35,0.0,0.0,1130171.82,1163444.18,0
1,97492.98,3540.0,0.0,0.0,97492.98,0
1,46382.8,70647.0,24264.2,211022.65,257405.45,0
1,121900.01,0.0,0.0,2758920.42,2884202.29,0
1,31520.16,89383.0,57862.84,113539.89,145060.05,0
1,454547.09,898.0,0.0,4286246.96,4740794.05,0
1,270137.51,20205.06,0.0,287611.48,557748.98,0
1,165849.5,179866.53,14017.04,766888.91,932738.41,0
0,404246.97,0.0,0.0,1067192.7,1471439.67,0
1,222548.89,0.0,0.0,258885.33,481434.21,0
1,154489.87,0.0,0.0,1817228.68,1971718.55,0
1,352145.0,0.0,0.0,8240286.11,8592431.11,0
0,1234968.86,0.0,0.0,25734620.34,26969589.2,0
1,65224.45,0.0,0.0,3279515.36,3344739.81,0
0,999392.93,418.0,0.0,0.0,999392.93,0
1,125198.64,880.0,0.0,64923.39,190122.04,0
1,256377.66,5222.0,0.0,0.0,256377.66,0
1,133178.6,11198.0,0.0,126261.22,259439.83,0
1,44897.88,11181.0,0.0,0.0,44897.88,0
1,171182.8,50747.0,0.0,2867509.9,3038692.7,0
1,154941.75,0.0,0.0,699128.68,854070.43,0
0,557226.53,31854.27,0.0,610504.19,1167730.72,0
0,21107.66,79654.0,58546.34,20048.0,41155.66,0
1,15066.02,50918.0,35851.98,305507.91,320573.93,0
1,74160.12,24081.0,0.0,0.0,74160.12,0
1,369703.54,0.0,0.0,2743842.0,3113545.54,0
1,50991.22,0.0,0.0,87435.41,138426.63,0
1,280260.03,531.0,0.0,0.0,280260.03,0
1,570267.29,30206.0,0.0,18411.27,588678.56,0
1,123966.32,0.0,0.0,1015643.67,1139609.99,0
1,419720.44,0.0,0.0,3911974.12,4478068.12,0
1,268604.94,0.0,0.0,4644318.46,4912923.4,0
0,540335.79,0.0,0.0,917063.53,1457399.32,0
1,236887.39,45124.0,0.0,1582729.45,1819616.84,0
1,116311.73,0.0,0.0,1783024.24,1899335.97,0
1,100041.57,154237.0,54195.43,0.0,100041.57,0
1,53357.2,4022.0,0.0,88732.46,142089.66,0
1,90981.41,0.0,0.0,2169889.31,2260870.71,0
0,732075.51,0.0,0.0,4639293.46,5371368.97,0
1,7587.86,16676.0,9088.14,0.0,7587.86,0
1,318903.86,0.0,0.0,361028.45,679932.31,0
1,102128.55,157409.0,55280.45,229254.37,331382.93,0
1,31174.24,19431.0,0.0,210954.53,242128.77,0
1,115724.45,0.0,0.0,2447791.4,2563515.85,0
0,323959.67,41382.0,0.0,138609.34,1084950.2,0
1,288621.74,103477.0,0.0,233250.36,521872.1,0
1,236517.06,0.0,0.0,691403.9,927920.95,0
1,218266.88,152940.0,0.0,157366.49,375633.37,0
0,506777.79,0.0,0.0,6182347.32,6689125.11,0
0,363872.56,184.0,0.0,233413.08,597285.63,0
1,298529.69,50020.0,0.0,0.0,298529.69,0
1,180603.95,0.0,0.0,1140386.61,1320990.55,0
1,108410.49,0.0,0.0,418049.54,526460.04,0
1,413081.07,555.0,0.0,34636.55,447717.62,0
0,434584.16,0.0,0.0,750674.48,1098169.49,0
1,237320.05,0.0,0.0,1038713.19,1276033.24,0
0,125830.53,0.0,0.0,1546655.63,1672486.16,0
1,706031.27,22123.0,0.0,0.0,706031.27,0
1,8931550.69,8931550.69,0.0,483741.09,9415291.78,1
1,126547.93,20696.0,0.0,0.0,126547.93,0
1,475662.62,0.0,0.0,740160.85,1215823.47,0
1,362440.55,55260.0,0.0,615467.29,977907.83,0
1,79858.52,0.0,0.0,184858.79,264717.31,0
1,172451.8,0.0,0.0,387648.6,560100.41,0
1,177681.0,82073.0,0.0,348767.37,526448.37,0
0,795121.22,310440.06,0.0,17963196.41,18758317.63,0
1,179092.5,33139.0,0.0,7772603.6,7951696.1,0
1,308275.86,88950.0,0.0,425612.84,733888.7,0
1,94145.85,106.0,0.0,303491.61,397637.46,0
0,2377017.11,50490.0,0.0,91045.04,2468062.15,0
1,213991.02,10679.0,0.0,203774.72,417765.74,0
1,5897.68,0.0,0.0,126863.6,132761.28,0
0,63709.54,0.0,0.0,120028.86,183738.4,0
1,39594.5,6392.0,0.0,629236.25,668830.76,0
1,83255.62,116475.0,33219.38,376285.25,459540.87,0
1,247442.47,0.0,0.0,663550.61,962351.86,0
0,73215.82,33079.0,0.0,101117.76,174333.59,0
1,172686.54,10058.0,0.0,0.0,172686.54,0
1,375208.5,0.0,0.0,924074.78,1299283.28,0
1,578137.63,49828.0,0.0,0.0,578137.63,0
1,308952.66,0.0,0.0,430968.05,739920.71,0
1,221544.79,0.0,0.0,236919.12,458463.92,0
0,1804460.94,0.0,0.0,2479231.41,4283692.35,0
0,10000000.0,0.0,0.0,10000000.0,20012827.66,0
1,37324.18,0.0,0.0,786847.35,824171.53,0
0,395046.53,0.0,0.0,1030370.22,1425416.75,0
1,150701.46,60613.68,0.0,337185.88,694799.07,0
1,163752.89,19105.0,0.0,151552.22,315305.11,0
1,213708.8,107651.0,0.0,0.0,478393.34,0
1,104242.47,324841.0,220598.53,56607.0,0.0,0
1,333841.08,12712.0,0.0,0.0,333841.08,0
1,438319.54,0.0,0.0,2495858.24,2934177.78,0
1,70820.22,0.0,0.0,150692.58,221512.81,0
1,116941.31,0.0,0.0,2295551.07,2412492.38,0
1,167344.62,0.0,0.0,405420.35,572764.97,0
0,360205.0,0.0,0.0,1463341.53,1823546.53,0
1,284223.9,9978.0,0.0,0.0,284223.9,0
1,41467.58,0.0,0.0,55597.47,97065.05,0
1,575633.33,61957.0,0.0,4800003.28,5375636.61,0
1,358978.34,6330.2,0.0,1217242.6,1576220.94,0
0,156250.79,104350.0,0.0,199276.08,355526.87,0
1,30729.89,164.0,0.0,63454.01,94183.9,0
0,595893.03,0.0,0.0,2557335.12,3153228.14,0
1,128309.2,0.0,0.0,474889.69,383419.79,0
0,110029.48,107629.0,0.0,1518801.44,1628830.92,0
1,45837.42,56983.23,11145.82,283707.25,329544.67,0
0,170942.65,0.0,0.0,2254609.94,3314736.9,0
1,133641.23,52857.0,0.0,3924385.92,4058027.14,0
1,25754.35,0.0,0.0,376532.45,402286.8,0
1,388714.5,112282.0,0.0,0.0,388714.5,0
0,172210.53,0.0,0.0,1601080.57,1773291.1,0
1,53654.94,1230268.78,1176613.83,1357665.84,1411320.79,0
1,193553.88,119895.0,0.0,0.0,193553.88,0
1,78971.31,0.0,0.0,147235.2,226206.52,0
1,643150.39,0.0,0.0,1062390.84,1705541.24,0
1,19888.25,3799565.83,3779677.57,149450.24,169338.49,0
1,291657.21,0.0,0.0,1521489.57,1813146.78,0
1,57819.81,0.0,0.0,2759506.38,2817326.18,0
1,503393.12,0.0,0.0,639044.27,1142437.39,0
1,302508.64,0.0,0.0,10814450.51,11116959.15,0
1,169370.35,58559.0,0.0,819410.47,988780.82,0
1,315864.37,0.0,0.0,764738.08,1080602.45,0
1,347463.43,81620.46,0.0,1340264.78,1687728.21,0
1,5914.55,5569.0,0.0,279477.75,285392.3,0
1,277162.73,0.0,0.0,358324.24,635486.97,0
1,235841.64,15441.0,0.0,1714823.64,1950665.28,0
1,73123.04,0.0,0.0,6839688.73,6912811.77,0
1,129044.38,16786.0,0.0,0.0,129044.38,0
1,435113.64,0.0,0.0,870247.29,1305360.93,0
1,86784.9,0.0,0.0,316178.19,402963.08,0
0,803870.7,216.0,0.0,0.0,1105104.45,0
1,82647.53,2007.0,0.0,9252.47,91900.0,0
1,17705.9,15767.0,0.0,173626.8,191332.69,0
1,30253.8,0.0,0.0,9305784.12,9336037.92,0
1,45931.53,9054.0,0.0,280500.43,326431.97,0
1,124159.7,52838.0,0.0,75435.46,199595.16,0
0,1327282.59,147357.0,0.0,1482.74,1328765.33,0
1,255853.19,0.0,0.0,850921.58,1106774.76,0
1,37832.85,10071.0,0.0,0.0,37832.85,0
1,130133.49,0.0,0.0,132274.35,271113.16,0
1,51350.71,0.0,0.0,2916222.9,2967573.61,0
1,231403.28,149.0,0.0,192530.15,423933.44,0
0,1554497.6,12351.0,0.0,0.0,1554497.6,0
1,198474.76,0.0,0.0,2966157.27,3164632.04,0
1,86611.58,0.0,0.0,331885.5,418497.07,0
1,82914.4,19165.0,0.0,2075228.25,2158142.65,0
0,372450.24,14092.0,0.0,3489.28,375939.52,0
1,162683.81,39775.0,0.0,8320.62,171004.43,0
1,422536.19,0.0,0.0,1219302.22,1641838.41,0
1,410936.63,118.0,0.0,3719515.63,4130452.26,0
1,276972.31,22142.0,0.0,2255322.8,2532295.11,0
1,295333.31,14460.02,0.0,4390866.82,4686200.13,0
1,211834.22,214649.0,2814.78,34123.79,245958.0,0
0,4107.85,0.0,0.0,801007.59,805115.44,0
1,208348.08,0.0,0.0,281791.48,490139.56,0
1,95670.81,100658.0,4987.19,1430930.92,1526601.73,0
1,127815.61,30296.0,0.0,310765.15,438580.76,0
1,80886.45,0.0,0.0,99244.42,180130.88,0
1,165686.5,30471.0,0.0,0.0,165686.5,0
1,40216.32,4447.0,0.0,76880.64,117096.96,0
0,35168.87,0.0,0.0,1318521.66,1353690.53,0
1,67768.13,80473.0,12704.87,783282.76,851050.89,0
0,3074976.33,0.0,0.0,6288380.29,9363356.62,0
0,937683.69,10734.0,0.0,4161.31,941845.0,0
1,21916.71,0.0,0.0,106493.49,128410.2,0
1,122903.71,670.0,0.0,0.0,122903.71,0
1,139775.37,0.0,0.0,837372.99,977148.36,0
1,389298.33,59041.0,0.0,216843.71,606142.04,0
1,285395.73,0.0,0.0,333194.98,618590.71,0
1,26685.34,0.0,0.0,1462264.71,1488950.05,0
1,83358.58,0.0,0.0,122879.63,206238.22,0
1,201454.99,3719.0,0.0,2400465.98,2601920.97,0
1,291264.29,0.0,0.0,1277086.34,1568350.63,0
1,505980.23,21255.0,0.0,48392.07,554372.3,0
1,547.5,346807.31,346259.82,372408.52,207220.01,0
1,462832.58,1210.0,0.0,56328.1,519160.68,0
1,37872.65,231.0,0.0,1730200.58,1768073.23,0
1,33926.37,0.0,0.0,75474.33,109400.7,0
1,122837.73,2995.0,0.0,4407518.4,4530356.12,0
1,59689.86,149091.7,89401.85,221217.86,280907.71,0
1,101306.63,0.0,0.0,4492799.3,4594105.93,0
1,372242.76,5021.0,0.0,1129285.42,1501528.19,0
0,570722.03,220136.74,0.0,4412721.58,4983443.61,0
1,172970.92,0.0,0.0,711808.43,884779.35,0
1,539489.59,54814.0,0.0,116909.49,656399.08,0
1,97798.82,10112.0,0.0,247178.57,344977.39,0
1,211069.31,0.0,0.0,4572197.01,4783266.32,0
1,88483.79,0.0,0.0,1462013.47,1550497.26,0
1,193194.27,6365.0,0.0,228686.0,421880.27,0
0,108398.74,0.0,0.0,1763367.6,1871766.33,0
1,459774.16,742.0,0.0,606430.66,1066204.83,0
1,234785.99,9945.0,0.0,452716.44,687502.43,0
1,157992.44,1140.0,0.0,479431.2,847234.14,0
1,18348.28,0.0,0.0,127063.66,145411.94,0
0,691294.88,174.0,0.0,0.0,691294.88,0
1,126320.85,0.0,0.0,306186.78,259653.82,0
1,130097.69,87661.0,0.0,0.0,130097.69,0
1,65629.25,19615.0,0.0,5329.09,70958.34,0
0,340640.43,0.0,0.0,589026.34,929666.77,0
0,2126184.85,0.0,0.0,2344799.73,4470984.58,0
1,51939.6,0.0,0.0,923186.48,975126.07,0
1,125821.59,0.0,0.0,700559.53,826381.12,0
1,204701.41,133905.0,0.0,1168941.46,1373642.87,0
1,53149.59,8235.0,0.0,10106.0,490635.74,0
1,421110.32,10929.0,0.0,195487.18,616597.5,0
1,305216.97,224736.0,0.0,0.0,305216.97,0
0,1026010.6,0.0,0.0,1346131.68,2372142.28,0
1,15517.46,9937.0,0.0,207639.33,223156.79,0
0,1068395.28,0.0,0.0,1402495.15,2470890.43,0
1,314411.07,0.0,0.0,3206340.19,3520751.26,0
1,39670.65,200143.0,160472.35,60328.39,1203568.06,0
1,152887.74,0.0,0.0,171929.96,324817.71,0
1,424452.67,0.0,0.0,3157068.62,3581521.29,0
1,85663.54,0.0,0.0,31198778.3,31284441.84,0
1,258358.45,175.0,0.0,0.0,258358.45,0
0,477746.59,0.0,0.0,631945.02,1109691.61,0
1,3133.11,0.0,0.0,2633207.85,2636340.96,0
1,128730.82,0.0,0.0,928218.78,1056949.6,0
0,773298.46,0.0,0.0,2185295.33,2958593.79,0
0,1417002.89,290610.29,0.0,1444111.25,2821771.23,0
1,436624.22,0.0,0.0,472899.73,909523.95,0
1,63901.34,0.0,0.0,1557888.95,1621790.29,0
1,168003.91,101343.0,0.0,0.0,168003.91,0
1,314744.94,0.0,0.0,343063.62,657808.56,0
1,297576.36,267807.88,0.0,0.0,297576.36,0
1,246641.57,60807.0,0.0,230875.15,477516.72,0
1,173746.46,0.0,0.0,4268861.46,4442607.93,0
1,32688.54,21691.0,0.0,28074.03,60762.57,0
1,371923.12,107750.0,0.0,0.0,371923.12,0
1,91307.22,0.0,0.0,1032518.82,1123826.03,0
1,171591.47,0.0,0.0,300299.15,471890.62,0
1,27115.4,0.0,0.0,6816861.75,6843977.15,0
1,7212.36,0.0,0.0,63767.23,70979.6,0
1,47576.64,23028.0,0.0,0.0,47576.64,0
1,40159.38,8143.0,0.0,988759.47,1028918.86,0
1,183033.45,5044.0,0.0,0.0,183033.45,0
1,44388.03,0.0,0.0,46058.76,90446.78,0
1,193892.42,11262.0,0.0,1347092.45,1540984.87,0
1,127459.23,42234.0,0.0,33363.3,160822.53,0
1,131286.36,72172.0,0.0,1319029.44,1450315.8,0
1,27500.99,88.0,0.0,3770602.46,3798103.45,0
1,249525.28,0.0,0.0,2182200.77,2431726.05,0
1,19211.42,0.0,0.0,3153572.5,3172783.92,0
1,269814.6,0.0,0.0,2510704.71,2780519.31,0
1,108287.6,0.0,0.0,2558362.34,2666649.94,0
1,50802.81,0.0,0.0,1717744.88,1820595.74,0
1,570957.2,2078.0,0.0,0.0,570957.2,0
1,129999.53,1039.0,0.0,68051.67,198051.2,0
1,108625.76,50010.0,0.0,7536624.52,7843032.56,0
1,521884.27,32235.0,0.0,2715338.71,3237222.98,0
0,1357014.65,0.0,0.0,16726211.71,18083226.36,0
1,257675.25,165.0,0.0,75511.51,333186.76,0
1,30540.97,128510.0,97969.03,109721.32,140262.29,0
1,255724.28,0.0,0.0,690491.94,946216.22,0
1,262996.84,513471.0,250474.16,321649.15,584645.99,0
1,105061.8,0.0,0.0,863365.23,968427.03,0
1,127251.57,338.0,0.0,0.0,127251.57,0
1,77886.9,20122.0,0.0,519504.34,597391.24,0
0,2243843.79,21619.0,0.0,0.0,2243843.79,0
1,75527.14,35772.0,0.0,796.0,76323.14,0
1,220924.27,0.0,0.0,744750.47,965674.74,0
1,28839.67,0.0,0.0,2504854.59,2533694.25,0
1,237176.94,12428.0,0.0,4839.76,242016.69,0
1,35544.87,11298.0,0.0,3151914.17,3187459.04,0
1,235317.45,415772.74,180455.29,1713352.91,1948670.36,0
1,62153.45,0.0,0.0,69368.66,131522.11,0
1,178508.25,0.0,0.0,219637.13,398145.38,0
0,85372.86,175990.0,90617.14,4642296.13,4727668.99,0
0,328341.25,0.0,0.0,3413753.84,3742095.09,0
1,115201.04,21234.0,0.0,281788.64,396989.68,0
1,148181.03,274.0,0.0,45143.25,193324.28,0
1,12411.46,0.0,0.0,20814807.22,21478840.97,0
1,223844.9,0.0,0.0,3653242.53,3877087.43,0
0,283599.23,0.0,0.0,6876447.2,7160046.42,0
1,54423.75,104009.0,49585.25,4798522.99,4852946.74,0
1,42246.37,0.0,0.0,671391.69,713638.06,0
1,276326.15,59869.0,0.0,673333.17,949659.31,0
1,262428.85,20273.0,0.0,0.0,262428.85,0
1,560451.94,0.0,0.0,2630159.23,3190611.17,0
1,435757.45,0.0,0.0,739641.22,1175398.67,0
1,263108.32,0.0,0.0,661707.71,924816.03,0
1,272629.7,223245.84,0.0,948432.44,1221062.14,0
1,560403.38,0.0,0.0,2507232.76,3067636.15,0
1,185214.51,270809.62,85595.11,194342.65,379557.15,0
0,124153.42,32578.0,0.0,66778.78,190932.2,0
0,1742784.02,75467.0,0.0,48675.0,1791459.02,0
0,85289.78,17901.0,0.0,791617.71,876907.49,0
0,1384989.26,13206.0,0.0,179370.26,1564359.52,0
1,113843.77,0.0,0.0,3158224.97,3272068.74,0
1,329016.96,28095.1,0.0,5133754.42,5462771.38,0
1,100780.3,24978.0,0.0,26064.16,126844.46,0
1,178211.81,193051.63,14839.82,246426.8,424638.61,0
1,66683.24,0.0,0.0,727371.21,794054.45,0
1,152982.63,0.0,0.0,4579992.74,4732975.37,0
1,603812.43,68561.0,0.0,0.0,603812.43,0
1,220168.35,227613.0,7444.65,1679.03,221847.38,0
1,103828.13,0.0,0.0,204043.83,307871.96,0
1,352825.63,665.0,0.0,60914.34,413739.97,0
0,840120.62,0.0,0.0,3094276.23,3934396.85,0
1,210418.9,21570.0,0.0,0.0,197334.44,0
0,230398.64,27486.79,0.0,4932440.83,5162839.47,0
1,133274.87,7065.0,0.0,2356736.7,2490011.58,0
1,105412.36,0.0,0.0,575048.17,680460.53,0
1,277122.94,0.0,0.0,4758920.71,5036043.65,0
1,237409.39,410942.48,173533.08,715560.67,802711.94,0
1,32975.42,0.0,0.0,331434.44,364409.86,0
1,313923.82,130109.0,0.0,0.0,313923.82,0
1,7776.7,0.0,0.0,3382662.02,3390438.72,0
1,46695.04,10496.0,0.0,5320403.1,5367098.14,0
1,74716.01,0.0,0.0,1961063.75,2035779.76,0
0,396949.15,0.0,0.0,4074753.37,4705759.53,0
1,149951.43,24899.0,0.0,0.0,149951.43,0
1,258331.23,0.0,0.0,1342765.76,1601096.99,0
1,10641.86,99385.0,88743.14,740519.07,751160.93,0
0,7978511.63,0.0,0.0,58329907.28,66308418.91,0
0,462701.48,0.0,0.0,721961.92,1184663.41,0
1,392305.79,20504.0,0.0,0.0,392305.79,0
1,26373.6,91763.0,65389.4,27632.19,54005.79,0
1,142082.23,3139.0,0.0,84663.74,226745.97,0
1,120507.92,632.0,0.0,27417.05,147924.97,0
1,142563.14,144170.0,1606.86,536217.55,678780.69,0
1,92106.42,48969.0,0.0,38720.13,130826.55,0
1,315896.1,52173.0,0.0,303374.61,619270.71,0
1,96483.49,1749.38,0.0,527194.54,623678.03,0
1,100536.67,21992.0,0.0,1252848.57,1411122.24,0
1,393805.14,0.0,0.0,516363.2,910168.34,0
1,141900.65,0.0,0.0,599320.98,741221.64,0
1,178233.56,0.0,0.0,534261.04,712494.6,0
0,675013.03,0.0,0.0,772200.52,1461034.23,0
1,95489.86,0.0,0.0,11810645.3,11906135.16,0
1,233500.63,47093.5,0.0,997944.88,1231445.51,0
1,389185.85,9700.49,0.0,2769540.05,3158725.9,0
1,296830.05,486.0,0.0,0.0,296830.05,0
1,221277.33,1025.0,0.0,0.0,221277.33,0
1,74286.09,0.0,0.0,739149.38,813435.47,0
0,103189.39,146116.0,42926.61,161605.97,264795.36,0
1,121682.08,45545.0,0.0,1097780.14,1219462.22,0
1,8894.84,22208.0,13313.16,67876.03,76770.86,0
1,75602.73,244036.09,168433.36,68438.93,144041.66,0
1,42086.4,9925.0,0.0,191050.89,233137.29,0
1,223250.01,426824.7,203574.7,3098233.46,3321483.46,0
0,100344.7,0.0,0.0,1511516.72,1611861.42,0
1,60758.42,0.0,0.0,155911.68,500631.71,0
1,224936.7,130687.0,0.0,992149.19,1217085.89,0
1,16368.52,246652.0,230283.48,712461.89,728830.42,0
1,67743.74,0.0,0.0,980205.34,1047949.08,0
0,548681.97,0.0,0.0,966002.36,1514684.33,0
1,274419.86,68765.0,0.0,0.0,274419.86,0
0,508064.95,0.0,0.0,1069520.01,1577584.97,0
1,286135.17,25925.0,0.0,646221.27,932356.44,0
0,28480.28,772.0,0.0,11684734.82,11713215.1,0
0,291709.9,0.0,0.0,364293.17,656003.07,0
0,741878.06,113815.43,0.0,1019595.83,1761473.89,0
1,36250.72,0.0,0.0,7233691.33,7269942.05,0
1,220138.33,15011.0,0.0,0.0,220138.33,0
1,157548.71,61233.0,0.0,1425060.18,1582608.88,0
1,184079.72,0.0,0.0,191361.11,375440.82,0
1,144327.15,0.0,0.0,185488.25,329815.4,0
0,1637444.1,19803.0,0.0,2566034.46,4203478.56,0
1,331956.21,104394.0,0.0,1183038.61,1514994.82,0
1,293828.77,304.0,0.0,536827.1,830655.87,0
1,304113.13,30414.0,0.0,30350578.72,30654691.85,0
1,217521.9,32246.0,0.0,0.0,217521.9,0
1,63229.91,20459.0,0.0,0.0,63229.91,0
1,185739.16,0.0,0.0,518981.1,704720.26,0
1,87194.14,1064.0,0.0,0.0,30401.4,0
0,264457.28,0.0,0.0,2992962.26,3257419.54,0
1,109046.69,0.0,0.0,655819.33,764866.02,0
1,268913.7,10126.0,0.0,143551.96,412465.67,0
1,20148.16,10677.0,0.0,2513402.86,2533551.03,0
0,892028.08,0.0,0.0,2176223.15,3068251.23,0
1,199882.06,0.0,0.0,1738737.65,1938619.71,0
1,117707.29,1904.06,0.0,145335.5,263042.8,0
1,200449.27,79919.0,0.0,0.0,200449.27,0
1,327303.83,50092.0,0.0,137169.69,464473.51,0
0,1035036.05,2788395.04,1753358.98,2055934.6,3090970.65,0
1,32648.45,230587.76,197939.31,160230.86,1014849.59,0
0,2389842.1,0.0,0.0,3303339.71,5693181.81,0
1,28722.49,0.0,0.0,112414.75,141137.23,0
0,1631029.44,52918.0,0.0,159648.25,1790677.69,0
0,609217.99,615.0,0.0,0.0,658300.77,0
1,83807.3,0.0,0.0,706868.74,790676.04,0
1,110403.55,0.0,0.0,2189051.31,2299454.86,0
0,474034.5,0.0,0.0,497313.18,971347.68,0
1,91993.11,0.0,0.0,6963116.59,7055109.7,0
1,89609.9,0.0,0.0,381942.06,471551.97,0
1,74436.8,268879.0,194442.2,1188287.9,1262724.7,0
1,247313.8,109673.0,0.0,2120843.8,2368157.6,0
1,94924.33,0.0,0.0,293190.37,388114.71,0
1,60126.52,147863.12,87736.6,117208.7,177335.22,0
1,242278.51,0.0,0.0,16497261.26,16739539.76,0
1,463850.29,11255.0,0.0,1889667.1,2353517.39,0
1,29050.81,0.0,0.0,677005.8,706056.61,0
1,550954.76,143099.26,0.0,628977.08,1179931.84,0
0,554951.34,0.0,0.0,1034775.98,1589727.32,0
1,126471.79,10766.0,0.0,106190.16,232661.95,0
0,900594.56,194368.0,0.0,1524558.46,2425153.02,0
1,104192.03,158.0,0.0,28775.6,132967.63,0
1,252291.7,56627.0,0.0,1229990.2,1482281.9,0
1,114331.56,268.0,0.0,642498.61,756830.17,0
1,320253.54,0.0,0.0,863307.2,1183560.74,0
0,142743.41,10647.0,0.0,5657088.75,5799832.16,0
1,134910.9,0.0,0.0,1715203.02,1850113.91,0
1,257483.59,0.0,0.0,1165031.43,1422515.01,0
1,280610.04,0.0,0.0,380066.76,660676.8,0
1,37825.61,144518.0,106692.39,274925.14,312750.76,0
1,180390.34,0.0,0.0,990542.26,1170932.6,0
1,141533.79,0.0,0.0,9692515.67,9834049.47,0
1,33008.96,412.0,0.0,506869.62,539878.58,0
1,115934.99,33293.0,0.0,423699.99,539634.98,0
1,95216.75,21213.0,0.0,2360084.41,2455301.17,0
1,12146.0,0.0,0.0,2299278.75,2311424.75,0
0,1700864.06,19974.0,0.0,600766.6,2301630.66,0
1,43435.38,0.0,0.0,570621.86,614057.25,0
1,69459.54,11989.0,0.0,633179.07,840226.62,0
1,152495.7,536.0,0.0,61659.27,214154.97,0
1,113063.84,30139.0,0.0,347234.38,460298.22,0
1,99548.49,0.0,0.0,807140.24,906688.73,0
1,287570.5,0.0,0.0,8633333.45,8941224.73,0
1,148380.15,293.0,0.0,3334204.88,3482585.03,0
1,56784.38,0.0,0.0,76158.23,132942.61,0
1,87320.98,30343.0,0.0,0.0,87320.98,0
0,368937.91,100226.0,0.0,301199.56,670137.46,0
1,187891.43,668.0,0.0,2416293.18,2604184.61,0
0,55393.65,31374.0,0.0,288366.14,343759.79,0
1,277125.32,0.0,0.0,800657.11,1077782.43,0
1,332176.41,186.0,0.0,321954.45,654130.86,0
1,8597.17,0.0,0.0,724758.73,274716.55,0
1,52229.48,51630.0,0.0,396416.42,448645.9,0
1,324966.01,0.0,0.0,434095.15,759061.16,0
1,119690.03,0.0,0.0,2358528.53,2478218.56,0
1,92215.52,0.0,0.0,125586.78,217802.29,0
1,472817.02,21907.0,0.0,31810.98,504628.0,0
1,102164.98,0.0,0.0,150817.62,252982.6,0
1,252862.13,28050.0,0.0,0.0,252862.13,0
1,18076.21,15779.0,0.0,187543.13,205619.34,0
0,285378.13,0.0,0.0,2006311.67,2291689.8,0
1,278864.75,0.0,0.0,780243.1,1204258.61,0
1,51706.57,108857.0,57150.43,0.0,51706.57,0
1,119122.7,197.0,0.0,1020973.48,1140096.18,0
0,281403.41,128.0,0.0,1793795.71,2075199.12,0
1,132127.58,459.0,0.0,133901.21,266028.79,0
0,92201.47,0.0,0.0,16353438.93,16445640.4,0
1,162230.87,69.0,0.0,0.0,162230.87,0
1,399939.91,0.0,0.0,402960.56,802900.47,0
1,307700.17,21320.0,0.0,181563.18,265393.82,0
1,96084.41,125209.17,29124.76,514521.55,610605.96,0
1,574563.37,1205437.04,630873.66,293132.84,409796.71,0
1,23906.2,0.0,0.0,2648936.95,2672843.15,0
1,362631.41,0.0,0.0,385365.98,999677.4,0
1,8065.23,408692.91,400627.67,452616.2,460681.43,0
1,4365.5,40346.0,35980.5,0.0,4365.5,0
1,352358.78,36210.0,0.0,0.0,352358.78,0
1,4361.11,0.0,0.0,2599806.35,2604167.45,0
0,4123334.65,29868.72,0.0,13390795.83,17514130.48,0
1,42296.11,0.0,0.0,966227.55,1008523.66,0
1,296069.17,21639.0,0.0,368027.12,664096.29,0
1,337831.92,0.0,0.0,526051.56,863883.48,0
1,7588.6,0.0,0.0,1981619.38,2251718.85,0
1,57955.69,42126.14,0.0,14437436.54,14495392.23,0
1,189177.73,0.0,0.0,486752.62,675930.35,0
1,400352.96,141708.0,0.0,53913.04,454265.99,0
1,84156.02,10032.0,0.0,66097.2,150253.22,0
1,24208.19,173.0,0.0,252570.72,276778.91,0
1,176156.84,0.0,0.0,654133.83,830290.68,0
1,188236.22,0.0,0.0,749059.93,937296.15,0
1,205294.84,145908.0,0.0,3104537.94,3309832.79,0
1,83298.01,0.0,0.0,247868.52,331166.52,0
1,23730.59,470821.42,447090.83,7629655.25,7277424.02,0
1,41997.07,0.0,0.0,170947.18,212944.25,0
1,64889.86,267738.0,202848.14,44916.89,109806.75,0
1,212.92,4171.0,3958.08,92691.62,92904.54,0
1,98034.55,15714.0,0.0,234946.8,332981.35,0
1,265246.96,0.0,0.0,680602.72,945849.68,0
0,7091535.24,11184.0,0.0,196885.2,7288420.44,0
0,22493.9,175551.0,153057.1,61852.26,84346.16,0
1,479499.87,0.0,0.0,2472541.93,2952041.8,0
1,80125.7,100220.0,20094.3,0.0,80125.7,0
1,119906.24,1108.0,0.0,30913.0,150819.24,0
0,217168.53,0.0,0.0,1057137.35,1274305.89,0
1,152101.92,0.0,0.0,8279227.71,8133203.62,0
1,120956.99,0.0,0.0,3369672.11,3796856.23,0
1,164825.92,0.0,0.0,336951.13,534453.88,0
1,43142.0,117403.0,74261.0,0.0,43142.0,0
1,47251.66,0.0,0.0,163428.29,210679.95,0
1,342170.51,53807.0,0.0,0.0,342170.51,0
1,169882.64,333569.19,163686.54,845145.91,1015028.56,0
1,266723.3,22385.0,0.0,1868292.07,2135015.38,0
1,118212.01,15877.0,0.0,40103.97,158315.97,0
1,35232.97,218980.0,183747.03,0.0,35232.97,0
1,58847.27,382.0,0.0,178729.07,237576.34,0
1,297864.33,0.0,0.0,6379297.29,6677161.62,0
0,1388406.68,69946.0,0.0,189661.18,1578067.85,0
1,69992.64,0.0,0.0,92399.21,162391.86,0
1,16064.49,224490.0,208425.51,2025.64,18090.13,0
1,73249.73,0.0,0.0,886165.48,959415.21,0
1,126897.35,103611.0,0.0,312450.06,439347.41,0
0,462588.76,0.0,0.0,3563102.53,4025691.29,0
1,197028.6,226344.55,29315.95,0.0,208169.1,0
0,112213.93,168549.79,56335.86,117264.28,229478.21,0
1,48132.86,0.0,0.0,3711618.45,3759751.31,0
1,198004.18,0.0,0.0,727871.49,925875.67,0
1,196346.8,0.0,0.0,250673.06,447019.86,0
0,689485.38,5040.0,0.0,4829418.38,5518903.76,0
0,287332.84,0.0,0.0,1745012.78,2032345.62,0
1,138363.04,49733.0,0.0,9211290.99,9349654.03,0
1,339508.83,5096.0,0.0,274464.42,613973.25,0
1,66584.84,30803.0,0.0,204841.0,353362.74,0
0,1311655.32,20220.0,0.0,5042891.8,6354547.12,0
1,57995.99,99827.01,41831.02,619784.57,677780.56,0
1,32460.88,0.0,0.0,49238.0,220712.61,0
1,82590.01,0.0,0.0,5753358.42,5835948.43,0
1,273736.3,0.0,0.0,1164679.6,1438415.9,0
1,256504.5,0.0,0.0,3914749.3,4171253.81,0
0,624480.05,0.0,0.0,2016993.13,2641473.18,0
1,65278.77,0.0,0.0,913976.58,979255.36,0
1,232365.07,0.0,0.0,305753.18,612843.92,0
1,122085.31,0.0,0.0,137165.96,259251.27,0
1,62860.84,11428.0,0.0,0.0,62860.84,0
1,84563.95,0.0,0.0,3093426.39,3177990.34,0
1,192278.65,113318.32,0.0,430106.11,622384.76,0
1,175150.05,0.0,0.0,397178.9,572328.95,0
1,312549.18,0.0,0.0,407143.27,719692.44,0
1,112337.1,292.0,0.0,5978263.32,6090600.42,0
0,365183.21,0.0,0.0,2519326.16,2884509.38,0
1,281021.09,43852.54,0.0,1569484.11,1850505.2,0
1,10673.95,0.0,0.0,54197.98,64871.93,0
1,136672.86,0.0,0.0,2203429.99,2325392.2,0
1,238226.96,9080.0,0.0,949551.23,1187778.19,0
1,223306.29,5483.0,0.0,10325.19,233631.48,0
1,64984.96,0.0,0.0,159213.99,224198.95,0
1,219240.89,10436.0,0.0,718106.11,937347.0,0
1,165818.51,0.0,0.0,536777.26,702595.77,0
0,277630.31,1279.0,0.0,204957.1,482587.42,0
1,118649.16,20726.0,0.0,0.0,118649.16,0
0,253972.26,165151.91,0.0,13435665.27,13766744.77,0
1,250504.24,0.0,0.0,1438687.59,1689191.83,0
1,210425.65,0.0,0.0,2620669.37,2831095.02,0
0,1157939.04,273.0,0.0,1602433.32,2760372.37,0
1,479412.14,0.0,0.0,3893840.22,4373252.36,0
1,141332.47,11038.0,0.0,0.0,141332.47,0
1,97366.4,0.0,0.0,1566217.06,1663583.46,0
1,27886.07,0.0,0.0,1634010.32,1661896.38,0
1,69338.19,62110.0,0.0,32474.65,101812.83,0
1,213651.82,168305.0,0.0,34644.94,248296.76,0
1,482714.04,50524.0,0.0,0.0,482714.04,0
1,245749.15,26717.19,0.0,5991742.05,6237491.2,0
1,520201.19,21036.0,0.0,2515123.28,3035324.48,0
1,225707.15,15501.0,0.0,1191234.16,1416941.32,0
1,447228.55,0.0,0.0,627801.8,1075030.35,0
1,373262.85,70188.0,0.0,3045613.34,3418876.19,0
1,483570.31,0.0,0.0,2728772.84,3481853.52,0
0,161697.55,46126.56,0.0,2441626.9,2603324.45,0
1,281228.9,14692.0,0.0,0.0,281228.9,0
1,202260.11,0.0,0.0,1039293.47,1241553.58,0
1,10203.25,0.0,0.0,2001237.04,2011440.29,0
1,312606.77,21043.0,0.0,431741.3,1345571.45,0
1,343347.36,0.0,0.0,419946.47,763293.83,0
1,167622.23,0.0,0.0,671620.76,839242.99,0
1,117187.71,0.0,0.0,890411.49,1007599.2,0
1,89527.26,0.0,0.0,691840.11,781367.37,0
1,424977.47,0.0,0.0,621779.59,1046757.06,0
1,181177.43,49473.96,0.0,1184596.96,1365774.38,0
1,33620.75,9062.0,0.0,86095.28,485408.48,0
1,91107.69,49829.0,0.0,1439595.1,1530702.79,0
1,229705.69,1003.0,0.0,173535.19,378691.16,0
1,81199.21,0.0,0.0,1012093.92,1093293.13,0
1,260379.89,0.0,0.0,561090.64,821470.53,0
1,62474.74,0.0,0.0,4091217.87,4153692.61,0
1,78116.5,0.0,0.0,12581495.94,12659612.44,0
1,57991.01,6167.0,0.0,7733859.13,7791850.14,0
0,47362.79,5.0,0.0,347466.16,394828.95,0
1,231557.02,0.0,0.0,5885450.47,6117007.48,0
1,147561.62,21269.0,0.0,203932.84,351494.46,0
0,17871.73,499749.0,481877.27,2327553.27,2345425.0,0
1,8572.7,10917.0,2344.3,31833.2,40405.9,0
1,226522.2,192.0,0.0,322020.2,548542.4,0
1,98776.72,0.0,0.0,354572.43,453349.15,0
1,67444.21,0.0,0.0,419730.76,487174.97,0
1,57287.3,0.0,0.0,11029443.81,11086731.11,0
1,163360.58,808333.47,644972.89,288190.36,451550.94,0
1,133776.48,10330.0,0.0,230698.02,571964.83,0
1,404591.29,243404.0,0.0,20045.71,424637.01,0
1,836306.32,0.0,0.0,2150201.88,2986508.2,0
1,175532.18,0.0,0.0,1908548.65,2084080.83,0
1,105223.06,0.0,0.0,11363975.78,11875848.5,0
1,186406.21,6074.0,0.0,0.0,186406.21,0
1,176050.5,86610.0,0.0,0.0,176050.5,0
1,143194.88,31199.0,0.0,0.0,365087.22,0
0,147080.42,147080.42,0.0,0.0,0.0,1
0,1506136.16,63570.0,0.0,53420.92,1559557.08,0
1,366862.37,21306.0,0.0,607691.58,974553.95,0
0,307537.11,0.0,0.0,3611395.36,3918932.48,0
1,314117.99,0.0,0.0,1603499.31,1917617.3,0
1,110499.47,856.0,0.0,0.0,110499.47,0
1,143645.46,0.0,0.0,4435538.47,4579183.93,0
1,64999.45,262.0,0.0,7000269.96,7065269.41,0
1,320396.22,3291.0,0.0,1338459.36,1658855.58,0
1,105656.09,23003.23,0.0,827477.11,933133.2,0
1,434722.88,0.0,0.0,492893.0,927615.88,0
0,2276183.23,108404.0,0.0,0.0,3433978.54,0
1,424974.41,0.0,0.0,519746.68,944721.09,0
1,340231.27,0.0,0.0,903794.81,1244026.08,0
1,347469.33,11658.0,0.0,5078460.62,5425929.95,0
1,305846.39,37295.0,0.0,655395.47,961241.86,0
1,255902.91,9847.0,0.0,13174487.32,13430390.23,0
1,117851.27,0.0,0.0,492710.06,610561.33,0
1,217346.09,0.0,0.0,1631071.1,1848417.18,0
0,506237.9,0.0,0.0,514943.9,985527.07,0
1,151023.1,78390.0,0.0,2693.86,153716.96,0
1,127099.56,0.0,0.0,10012867.08,10139966.64,0
1,178510.88,8933.14,0.0,1811713.72,1990224.6,0
1,176741.4,334418.0,157676.6,0.0,176741.4,0
0,1728591.59,575638.01,0.0,4389841.29,6118432.88,0
1,261792.42,80806.0,0.0,0.0,261792.42,0
1,229034.21,11457.0,0.0,0.0,229034.21,0
1,182666.7,20588.0,0.0,21665.04,204331.74,0
1,188484.37,56043.0,0.0,5144538.44,5333022.81,0
1,320368.62,0.0,0.0,0.0,320368.62,0
1,416076.32,11482.0,0.0,0.0,416076.32,0
1,233062.28,0.0,0.0,436897.56,669959.84,0
1,378778.09,0.0,0.0,3429824.61,5323515.74,0
0,189386.58,50821.0,0.0,882113.32,1071499.9,0
1,216453.5,0.0,0.0,945969.56,1162423.06,0
1,7690.63,0.0,0.0,22124.0,567756.32,0
1,97378.88,0.0,0.0,294452.41,295286.96,0
1,57414.59,16118.41,0.0,217112.72,370358.88,0
0,43802.9,31168.9,0.0,1929770.84,1973573.74,0
1,423880.63,246638.0,0.0,539243.83,963124.46,0
1,2539.16,277120.28,274581.12,71721.93,74261.08,0
1,311479.21,567367.0,255887.79,2311689.78,2623168.99,0
1,126847.22,0.0,0.0,820953.06,947800.28,0
1,155694.69,1535.0,0.0,2579795.74,2735490.43,0
1,175201.49,0.0,0.0,8618091.74,8793293.23,0
1,98960.09,6067.0,0.0,0.0,98960.09,0
1,49388.15,0.0,0.0,911556.21,960944.37,0
1,120116.46,0.0,0.0,186815.38,306931.84,0
1,563040.16,0.0,0.0,1383848.62,1946888.78,0
1,25359.87,27938.0,2578.13,276616.64,301976.51,0
1,14266.51,0.0,0.0,414539.87,428806.38,0
1,363502.44,132550.0,0.0,147597.29,404754.06,0
1,39874.15,146.0,0.0,1838891.01,1878765.16,0
0,1174501.42,0.0,0.0,2148568.61,3323070.02,0
1,223505.09,114115.0,0.0,1142433.03,1365938.12,0
1,66463.74,0.0,0.0,1035477.13,1101940.87,0
1,153370.2,0.0,0.0,381658.01,535028.21,0
1,190338.9,135.0,0.0,123981.0,314319.9,0
0,184398.82,0.0,0.0,312951.29,497350.11,0
0,129143.36,29764.0,0.0,0.0,129143.36,0
1,150552.78,330676.23,180123.45,642993.11,793545.89,0
1,98906.54,98593.0,0.0,0.0,98906.54,0
1,127374.23,0.0,0.0,1090895.6,1218269.83,0
1,157006.74,52.0,0.0,277242.27,434249.01,0
1,33979.36,10594.0,0.0,419919.88,453899.24,0
1,52397.37,745.0,0.0,7010.72,59408.09,0
1,128530.51,0.0,0.0,709319.86,837850.37,0
0,77354.16,129.0,0.0,0.0,77354.16,0
1,184485.98,0.0,0.0,467904.72,652390.7,0
0,1417141.71,428.0,0.0,1471202.8,2888344.52,0
1,356109.86,7343.0,0.0,0.0,356109.86,0
1,104985.69,0.0,0.0,315774.25,124461.19,0
1,239971.1,0.0,0.0,1005280.48,1245251.58,0
1,32087.04,21223.0,0.0,3557108.24,3589195.28,0
1,158747.69,0.0,0.0,432200.82,590948.51,0
0,3462425.35,0.0,0.0,6533278.82,9995704.17,0
1,375245.18,0.0,0.0,697714.03,1072959.21,0
1,217279.87,25309.0,0.0,0.0,217279.87,0
0,255910.28,1952.0,0.0,712779.62,968689.9,0
1,97204.58,0.0,0.0,4198210.93,4561811.55,0
1,118746.28,19493.0,0.0,0.0,118746.28,0
0,1268614.01,0.0,0.0,2638843.45,3907457.46,0
1,148774.66,54914.0,0.0,983142.01,1131916.66,0
1,201011.7,161.0,0.0,1814021.62,2015033.32,0
1,143828.27,531053.34,387225.08,0.0,244093.46,0
1,136758.12,247302.0,110543.88,407557.28,544315.4,0
1,21978.74,40575.0,18596.26,615271.07,1211924.76,0
1,29253.16,84987.0,55733.84,1398127.29,1427380.45,0
1,179150.89,25153.0,0.0,307504.92,486655.8,0
1,144611.36,20249.0,0.0,1413444.26,1558055.62,0
1,150720.97,0.0,0.0,2490311.24,2641032.21,0
1,371268.26,0.0,0.0,1143532.58,1514800.84,0
1,236627.77,1213568.5,976940.74,1291677.99,1528305.76,0
1,138997.07,0.0,0.0,2497782.91,2636779.98,0
1,366985.58,51150.0,0.0,238234.3,605219.88,0
1,96355.07,290.0,0.0,625582.37,721937.44,0
1,162479.26,32272.0,0.0,1905458.14,2067937.41,0
1,41752.89,0.0,0.0,256519.34,298272.23,0
1,71236.99,0.0,0.0,1999733.14,2074638.1,0
1,63654.06,0.0,0.0,5167009.35,5230663.42,0
0,578678.07,0.0,0.0,6067619.73,6646297.8,0
1,44921.54,19200.01,0.0,80305.45,125226.99,0
1,27764.82,0.0,0.0,127899.12,155663.94,0
1,62472.81,0.0,0.0,88250.61,150723.42,0
1,208137.63,55637.14,0.0,3324568.82,4579189.37,0
1,17925.78,18093.63,167.85,45861.0,63786.78,0
1,244000.47,0.0,0.0,296387.76,540388.23,0
1,134656.28,0.0,0.0,255639.91,390296.19,0
0,31955.9,0.0,0.0,456519.85,488475.75,0
1,42178.31,23704.0,0.0,0.0,328849.88,0
1,32250.51,74480.0,42229.49,3231147.1,3263397.61,0
0,649223.83,0.0,0.0,1231072.34,1880296.17,0
1,457610.47,20802.0,0.0,0.0,749200.21,0
0,126176.74,0.0,0.0,129085.91,255262.65,0
0,324100.88,0.0,0.0,859565.74,1108238.06,0
1,8676.0,0.0,0.0,375496.12,384172.12,0
0,79766.81,172603.0,92836.19,23352.85,103119.66,0
1,253277.4,31243.0,0.0,0.0,253277.4,0
1,166971.63,69864.0,0.0,40720.4,207692.03,0
1,205356.95,0.0,0.0,4536141.96,4741498.91,0
1,385117.99,0.0,0.0,436941.15,822059.15,0
1,36095.83,0.0,0.0,169057.02,205152.85,0
1,364656.68,51370.0,0.0,320311.4,684968.08,0
1,42923.82,52998.0,10074.18,13377760.06,13420683.88,0
1,940410.98,233490.0,0.0,0.0,940410.98,0
1,93281.05,0.0,0.0,127605.2,220886.25,0
1,189407.42,0.0,0.0,249024.9,438432.32,0
1,184855.65,0.0,0.0,415459.84,600315.49,0
0,2238619.1,35403.0,0.0,8688515.09,10927134.18,0
1,385709.95,120483.0,0.0,1960114.41,2345824.35,0
0,181710.5,35870.0,0.0,0.0,181710.5,0
1,17431.13,51332.0,33900.87,509706.9,527138.03,0
0,1763091.69,734587.59,0.0,12045959.24,13600976.87,0
1,325533.74,302919.0,0.0,0.0,325533.74,0
0,140524.75,0.0,0.0,186525.45,327050.19,0
1,56920.12,0.0,0.0,121673.63,178593.75,0
1,472221.08,474234.83,2013.74,938086.21,1410307.3,0
0,528879.56,47395.04,0.0,1884251.29,2413130.85,0
1,375545.39,2680.0,0.0,2647694.04,3386498.55,0
1,300936.83,0.0,0.0,790111.53,1091048.36,0
1,155618.18,145327.0,0.0,547565.65,703183.83,0
0,803576.78,27313.0,0.0,0.0,803576.78,0
0,807214.74,0.0,0.0,2150048.04,2957262.77,0
1,50927.98,10943.0,0.0,6512220.0,6563147.98,0
1,84931.66,528.0,0.0,166084.15,251015.81,0
1,290332.33,9904.0,0.0,0.0,290332.33,0
1,85114.08,0.0,0.0,203299.8,285565.59,0
1,162988.29,49588.0,0.0,1080345.26,1151099.31,0
1,88030.57,0.0,0.0,7114007.08,7202037.64,0
0,1007034.51,0.0,0.0,2855084.11,3862118.63,0
1,188936.11,22373.0,0.0,1305895.64,1494831.76,0
1,225614.97,54902.0,0.0,241343.09,595158.66,0
1,27823.63,23947.0,0.0,605467.7,633291.33,0
1,18750.84,0.0,0.0,1244405.29,1263156.13,0
0,171733.9,17551.0,0.0,17425.0,270709.94,0
1,1032.21,9017.0,7984.79,2037084.8,2038117.01,0
1,244788.97,23604.0,0.0,0.0,244788.97,0
0,37178.83,0.0,0.0,110478.44,147657.27,0
1,145071.21,9505.0,0.0,965893.3,1110964.5,0
1,513346.14,39804.0,0.0,0.0,740451.14,0
1,53117.97,0.0,0.0,192802.81,245920.78,0
0,857431.51,5371.0,0.0,19421219.49,20278651.0,0
1,55541.13,0.0,0.0,1346814.73,1402355.86,0
1,227022.88,0.0,0.0,1030650.09,1257672.97,0
1,89332.07,11740.07,0.0,189263.16,278595.23,0
0,155903.61,226.0,0.0,0.0,155903.61,0
0,92463.47,0.0,0.0,3561427.7,3741233.5,0
1,126184.22,44421.0,0.0,785241.61,338589.6,0
1,119105.44,75574.0,0.0,0.0,119105.44,0
1,298727.77,31798.3,0.0,378595.77,677323.53,0
1,95055.41,0.0,0.0,1012346.72,1107402.12,0
1,5029.47,0.0,0.0,178870.84,183900.32,0
1,5981.88,258.0,0.0,1134644.71,1050562.95,0
1,160853.86,0.0,0.0,959155.12,1120008.98,0
0,110813.81,0.0,0.0,1404593.04,1515406.85,0
1,170104.33,42546.0,0.0,63180.02,233284.35,0
0,10000000.0,9937.0,0.0,413671.28,21196300.25,0
1,334949.9,0.0,0.0,843638.77,1178588.67,0
1,50565.51,157.0,0.0,206266.76,256832.27,0
1,4799.24,62794.0,57994.76,94595.5,99394.73,0
0,171344.03,88650.9,0.0,440091.35,611435.38,0
1,50632.75,0.0,0.0,394731.95,445364.7,0
1,395814.2,104784.0,0.0,570213.45,966027.65,0
1,116634.15,14623.0,0.0,0.0,116634.15,0
1,211522.91,45240.74,0.0,335319.35,546842.26,0
1,339080.75,22210.0,0.0,47088.16,386168.91,0
1,180752.23,0.0,0.0,2444783.58,2625535.82,0
1,13952.13,196342.52,182390.39,14059.0,257521.83,0
1,201106.09,0.0,0.0,474661.53,675767.61,0
1,150037.19,10331.0,0.0,282667.0,432704.2,0
1,206688.32,3321.0,0.0,140586.1,347274.42,0
1,144964.33,0.0,0.0,823259.59,968223.92,0
1,295922.22,0.0,0.0,506711.72,802633.94,0
1,188447.75,103435.0,0.0,498431.86,686879.61,0
0,509232.46,2115.0,0.0,2702666.88,3211899.35,0
1,168778.13,0.0,0.0,620626.21,1853168.63,0
0,943065.38,0.0,0.0,969023.54,1912088.92,0
1,58456.82,0.0,0.0,140456.91,198913.73,0
1,358350.32,0.0,0.0,1869334.64,2227684.96,0
1,169427.8,30887.0,0.0,0.0,169427.8,0
1,277874.07,0.0,0.0,1062948.09,1340822.16,0
1,5562.24,16499.0,10936.76,10967751.26,10973313.49,0
1,19332.24,82073.0,62740.76,0.0,19332.24,0
0,345445.59,0.0,0.0,1448508.22,1793953.81,0
1,227964.09,0.0,0.0,1156416.48,1384380.56,0
1,168224.32,0.0,0.0,572147.97,740372.29,0
0,837968.68,22712.0,0.0,631144.2,1469112.88,0
0,1299089.13,0.0,0.0,3664519.72,4963608.86,0
1,166807.77,21401.0,0.0,3040389.47,3207197.25,0
1,125500.6,912.0,0.0,0.0,125500.6,0
1,186916.44,103589.0,0.0,135591.11,322507.55,0
1,184488.04,242921.37,58433.32,898165.58,1082653.62,0
1,177691.02,4075.0,0.0,570430.46,748121.48,0
1,13677.17,727.0,0.0,0.0,13677.17,0
1,430356.4,34330.0,0.0,2196560.3,2342539.22,0
1,257988.47,257988.47,0.0,379488.01,637476.48,1
1,81033.46,32340.0,0.0,0.0,332837.93,0
1,394085.41,0.0,0.0,2872376.82,3266462.24,0
1,365392.45,0.0,0.0,403792.24,769184.69,0
1,197694.52,86280.0,0.0,0.0,197694.52,0
1,428144.36,0.0,0.0,2680294.68,3108439.04,0
1,174893.34,61023.0,0.0,0.0,174893.34,0
1,33109.8,0.0,0.0,619040.08,652149.87,0
1,20568.39,21176.0,607.61,109678.61,130247.0,0
1,281473.57,40001.63,0.0,1165857.38,1447330.95,0
0,1096513.91,0.0,0.0,2956158.91,4052672.82,0
1,82538.36,5028.0,0.0,0.0,233591.06,0
1,285003.34,38849.0,0.0,6775343.86,7060347.2,0
1,172352.82,7969.0,0.0,785.54,173138.36,0
1,20057.46,0.0,0.0,306796.64,326854.1,0
1,4611.53,574859.0,570247.47,2978397.93,2983009.46,0
0,1093577.58,39741.0,0.0,220982.56,1314560.13,0
1,166914.15,12499.0,0.0,0.0,166914.15,0
1,345385.97,0.0,0.0,454329.47,799715.44,0
1,163933.04,20711.0,0.0,624888.66,788821.7,0
0,383231.01,0.0,0.0,1903510.12,2286741.12,0
1,404528.52,0.0,0.0,682123.23,1086651.75,0
0,266687.66,0.0,0.0,693618.27,960305.94,0
1,165172.71,13330.0,0.0,446639.33,611812.04,0
1,79644.64,16107.0,0.0,1634281.65,1713926.29,0
1,232888.77,199005.0,0.0,533299.76,531049.72,0
1,74971.92,49809.0,0.0,1012768.33,1087740.26,0
1,124844.06,0.0,0.0,4726074.09,4850918.15,0
1,265769.3,3357.0,0.0,4969272.84,5019760.56,0
0,4048249.03,0.0,0.0,4069265.54,8117514.57,0
0,207413.31,0.0,0.0,312067.15,1251881.54,0
1,174746.08,0.0,0.0,1307891.38,1813477.73,0
0,2753394.1,83.0,0.0,0.0,2753394.1,0
1,139417.99,71121.0,0.0,2019490.91,2158908.9,0
1,190307.87,0.0,0.0,1893698.14,2084006.01,0
1,30935.19,10614.0,0.0,0.0,30935.19,0
1,145641.33,37666.0,0.0,60137.33,205778.67,0
1,79448.24,31943.0,0.0,0.0,79448.24,0
1,138223.0,0.0,0.0,1284842.2,1423065.2,0
0,180063.44,4529.0,0.0,0.0,180063.44,0
1,231532.32,29905.0,0.0,242957.71,236152.79,0
1,7305.18,0.0,0.0,387236.94,394542.12,0
0,287593.07,0.0,0.0,8441313.44,8728906.51,0
1,118096.51,0.0,0.0,155657.2,273753.71,0
1,128857.72,0.0,0.0,3269440.26,3398297.98,0
1,147878.28,0.0,0.0,154644.96,302523.24,0
0,456066.59,89396.0,0.0,0.0,456066.59,0
1,98001.7,190.0,0.0,179694.44,277696.14,0
1,92816.34,364.0,0.0,2627344.2,2720160.54,0
0,2633414.72,0.0,0.0,10137400.28,12770815.0,0
1,79939.47,0.0,0.0,19332983.8,19412923.27,0
1,104694.07,1620.0,0.0,2911260.43,3015954.49,0
1,77235.64,0.0,0.0,112293.14,189528.78,0
1,66116.8,0.0,0.0,2928846.89,2994963.69,0
1,135734.45,0.0,0.0,1318285.5,1454019.95,0
1,71419.33,15102.0,0.0,81464.4,152883.72,0
1,210383.09,0.0,0.0,395428.37,272075.24,0
1,123968.3,50260.0,0.0,293419.95,417388.25,0
1,17631.52,0.0,0.0,674466.04,692097.56,0
0,125757.48,82019.0,0.0,0.0,125757.48,0
0,249220.06,31862.0,0.0,16478103.66,16727323.72,0
1,368706.63,41788.0,0.0,685144.55,1174492.09,0
1,337252.05,14801.0,0.0,0.0,337252.05,0
1,66038.83,38717.0,0.0,1616498.21,1682537.05,0
0,3722126.91,61435.0,0.0,283983.35,4006110.26,0
1,65315.75,495.0,0.0,0.0,405435.68,0
0,1226803.52,0.0,0.0,4063165.5,5289969.02,0
1,344871.88,0.0,0.0,1424225.14,1769097.02,0
0,826310.28,21748.0,0.0,0.0,826310.28,0
1,94579.58,0.0,0.0,301385.13,395964.7,0
1,282635.12,68132.0,0.0,39457.42,322092.54,0
1,279348.55,246.0,0.0,12544203.72,12823552.27,0
1,128176.46,0.0,0.0,1453489.15,1581665.61,0
1,149248.0,5058.0,0.0,0.0,149248.0,0
1,83937.43,100517.0,16579.57,331602.17,415539.6,0
1,252526.43,30205.0,0.0,271396.59,523923.02,0
1,128177.13,0.0,0.0,12948061.93,13076239.06,0
1,16893.4,0.0,0.0,138932.84,155826.24,0
0,8180989.41,0.0,0.0,13313689.19,21494678.6,0
1,105386.81,0.0,0.0,352349.7,457736.51,0
1,66920.05,11059.0,0.0,418506.07,485426.12,0
0,1033189.85,11639.0,0.0,0.0,1033189.85,0
0,169776.65,0.0,0.0,281654.28,451430.93,0
1,182138.04,0.0,0.0,2322249.92,2504387.96,0
1,62522.66,0.0,0.0,1503703.8,1566226.46,0
1,66449.94,0.0,0.0,398217.85,464667.8,0
0,442078.7,223520.99,0.0,2128401.22,2570479.92,0
0,791186.71,0.0,0.0,7351688.28,8142874.99,0
1,31164.37,12423.0,0.0,3742067.78,3773232.16,0
0,5608745.2,0.0,0.0,5704828.66,11313573.86,0
1,212997.32,8286.0,0.0,1013112.37,1226109.69,0
1,148396.18,0.0,0.0,210656.43,359052.61,0
1,333549.88,0.0,0.0,8996810.33,9330360.21,0
1,162645.88,84350.0,0.0,74517.16,237163.04,0
1,135620.83,104156.56,0.0,586259.54,721880.37,0
0,1400351.87,0.0,0.0,7341532.58,8741884.45,0
1,130230.24,13785.0,0.0,2219342.42,1787183.26,0
1,152860.66,0.0,0.0,3644827.5,3797688.16,0
1,92975.96,20653.0,0.0,572006.34,664982.31,0
1,399018.28,0.0,0.0,3999783.6,4398801.89,0
1,288308.49,0.0,0.0,619383.27,907691.75,0
1,346461.17,3214.0,0.0,875813.88,1222275.05,0
1,196925.11,114.0,0.0,5021.59,201946.7,0
1,892.49,19325.0,18432.51,646079.69,646972.19,0
1,463219.06,0.0,0.0,1979051.73,2442270.78,0
0,262343.86,52611.0,0.0,0.0,262343.86,0
1,10539.37,10539.37,0.0,0.0,10539.37,1
1,35232.16,17789.0,0.0,0.0,35232.16,0
1,123675.68,0.0,0.0,472637.75,596313.43,0
1,226760.09,0.0,0.0,448657.65,675417.74,0
1,53228.74,48114.0,0.0,0.0,53228.74,0
1,60681.18,0.0,0.0,162358.25,427512.47,0
1,256166.48,42665.0,0.0,0.0,256166.48,0
1,56760.36,551.0,0.0,119046.96,175807.32,0
1,285836.66,24024.0,0.0,96314.8,382151.46,0
1,162260.46,594152.6,431892.14,610572.68,772833.14,0
1,161055.34,0.0,0.0,201362.4,362417.74,0
1,36944.24,0.0,0.0,57507.57,94451.81,0
1,79724.49,0.0,0.0,34490990.04,34570714.53,0
1,126668.38,20465.0,0.0,1551088.24,1677756.61,0
1,313273.8,2043.0,0.0,511738.77,825012.57,0
0,79812.95,172215.57,92402.62,511720.29,591533.24,0
0,91575.56,202035.0,110459.44,0.0,91575.56,0
1,172125.17,39297.0,0.0,0.0,172125.17,0
1,145085.44,5002.48,0.0,1327946.38,1473031.82,0
1,104812.05,0.0,0.0,1707575.17,1812387.22,0
1,5081.21,0.0,0.0,727200.68,732281.89,0
1,96463.94,186102.0,89638.06,83053.65,179517.59,0
1,106556.18,0.0,0.0,1533909.15,1640465.34,0
1,66819.16,40.0,0.0,4892107.49,4958926.65,0
1,329241.29,451.0,0.0,165155.47,757340.73,0
1,431093.44,0.0,0.0,1882372.57,2313466.02,0
0,153049.75,0.0,0.0,624057.07,777106.82,0
1,8457.86,0.0,0.0,1236922.76,1245380.62,0
1,279793.58,0.0,0.0,1253149.35,1532942.93,0
1,81252.11,185.0,0.0,1030389.79,1111641.9,0
1,168894.93,0.0,0.0,383679.83,552574.77,0
1,137350.43,0.0,0.0,1167321.8,1304672.23,0
0,55408.02,46634.67,0.0,718965.87,774373.89,0
1,447897.4,1002.0,0.0,1568463.0,2016360.41,0
1,20820.62,0.0,0.0,549627.44,570448.06,0
1,18138.3,0.0,0.0,3879169.23,3897307.53,0
1,256299.48,0.0,0.0,2883521.39,3139820.86,0
1,15580.9,662644.0,647063.1,0.0,15580.9,0
1,128675.43,0.0,0.0,372632.81,501308.24,0
1,143568.37,1603.0,0.0,4870716.91,6050027.79,0
1,119239.63,0.0,0.0,295845.87,415085.51,0
1,96549.26,7684.0,0.0,9719260.37,9815809.63,0
0,258330.37,181372.17,0.0,9486720.83,9745051.21,0
1,145828.11,5203.0,0.0,8795749.04,8941577.14,0
1,25798.05,0.0,0.0,4505328.35,4531126.4,0
1,335060.8,29900.0,0.0,0.0,335060.8,0
1,182669.46,0.0,0.0,1467412.7,1650082.17,0
0,988081.31,254212.36,0.0,1403863.87,2391945.18,0
1,44702.39,0.0,0.0,7709363.47,7754065.87,0
1,262096.0,0.0,0.0,418239.8,680335.81,0
1,93470.31,82368.0,0.0,490866.56,584336.86,0
1,173358.21,0.0,0.0,1064499.69,1237857.9,0
1,186920.74,470.0,0.0,34653.97,221574.71,0
1,215264.51,11080.0,0.0,58966.64,86756.0,0
1,380555.83,38754.0,0.0,1508952.42,1889508.24,0
1,178433.62,8143.0,0.0,3042200.15,3220633.77,0
1,62713.35,0.0,0.0,234306.14,297019.49,0
1,67358.78,74410.44,7051.66,252678.0,320036.78,0
0,264667.56,0.0,0.0,3223356.01,3488023.57,0
1,55492.46,0.0,0.0,767915.33,823407.79,0
1,191066.21,79072.0,0.0,82176.82,273243.02,0
1,77614.54,2215.0,0.0,27867.16,105481.7,0
0,1181458.91,0.0,0.0,5805921.74,6987380.65,0
1,186059.76,74134.0,0.0,281809.96,467869.72,0
1,177718.9,0.0,0.0,183263.24,360982.15,0
1,194577.33,70704.0,0.0,14640.6,209217.93,0
1,304219.51,0.0,0.0,468997.65,773217.16,0
1,99366.02,0.0,0.0,701946.47,801312.49,0
1,104073.73,25004.0,0.0,0.0,104073.73,0
1,66809.92,82651.0,15841.08,0.0,66809.92,0
1,48625.23,18901.0,0.0,246799.53,295424.76,0
1,240449.42,28181.9,0.0,571654.54,812103.96,0
1,297779.46,0.0,0.0,2482692.05,2780471.51,0
1,4800.27,100754.0,95953.73,0.0,4800.27,0
1,222830.07,0.0,0.0,328180.07,551010.14,0
0,500929.04,1828.0,0.0,91538.29,920349.32,0
1,116236.3,0.0,0.0,667001.4,783237.7,0
1,185042.03,15757.0,0.0,2433679.91,2618721.95,0
0,267763.02,25878.0,0.0,471861.42,739624.44,0
0,3488089.5,0.0,0.0,8355389.96,11843479.46,0
1,196592.98,13198.0,0.0,26191.89,222784.87,0
1,238856.26,0.0,0.0,1894733.49,2133589.75,0
0,1089149.65,0.0,0.0,2101980.77,3191130.41,0
0,1709200.37,20047.0,0.0,826632.26,2535832.63,0
1,213539.59,0.0,0.0,3434803.25,3648342.84,0
1,170740.3,71601.08,0.0,5539215.21,5709955.5,0
1,60196.56,51603.0,0.0,0.0,60196.56,0
1,274852.59,15558.0,0.0,0.0,274852.59,0
1,230803.62,80222.0,0.0,376862.63,607666.26,0
1,623613.67,744.54,0.0,2918432.37,3542046.05,0
1,150208.55,0.0,0.0,253708.31,387435.06,0
1,201754.88,10670.0,0.0,192711.41,394466.29,0
1,88025.37,0.0,0.0,6597812.87,6685838.24,0
1,166812.0,0.0,0.0,5852688.48,6019500.48,0
1,125588.58,443.0,0.0,0.0,125588.58,0
1,196801.06,105404.0,0.0,247166.65,443967.71,0
1,245748.63,22158.0,0.0,497197.0,742945.63,0
1,97740.62,0.0,0.0,906391.64,1004132.25,0
1,34144.39,155660.0,121515.61,0.0,34144.39,0
1,98071.18,0.0,0.0,1668082.94,1766154.12,0
1,168276.28,0.0,0.0,231531.21,399807.5,0
1,283467.92,42000.0,0.0,594848.96,878316.89,0
1,47425.46,0.0,0.0,222485.2,269910.65,0
0,443203.27,0.0,0.0,648328.88,1671253.3,0
1,104771.33,249356.14,144584.81,745967.61,850738.94,0
1,255131.21,0.0,0.0,536457.66,932634.56,0
1,19644.32,0.0,0.0,76327.89,95972.22,0
0,95518.32,0.0,0.0,1907954.59,2003472.91,0
1,150656.73,148707.0,0.0,0.0,150656.73,0
1,147012.4,141155.73,0.0,1693689.46,1840701.86,0
1,227118.67,6433.0,0.0,115783.61,342902.28,0
0,2046459.94,0.0,0.0,3289361.18,5335821.12,0
1,9041.63,0.0,0.0,32191.72,41233.35,0
1,425565.8,14067.0,0.0,0.0,425565.8,0
0,796954.8,477406.08,0.0,2946402.28,3743357.08,0
1,159689.07,0.0,0.0,589930.97,749620.05,0
0,42711.06,0.0,0.0,3120890.47,3163601.53,0
1,152096.57,66324.0,0.0,16312.99,168409.55,0
1,582576.17,20914.0,0.0,0.0,582576.17,0
1,339861.8,0.0,0.0,697551.24,1037413.04,0
0,976899.12,40599.0,0.0,392363.37,1369262.49,0
0,252118.19,23956.0,0.0,0.0,252118.19,0
1,204516.44,0.0,0.0,389629.02,594145.46,0
1,184383.82,0.0,0.0,1876493.29,2060877.11,0
1,228720.84,72279.0,0.0,37296.9,266017.74,0
1,104053.42,62729.0,0.0,0.0,104053.42,0
1,100465.1,225136.84,124671.74,2467569.11,2568034.21,0
0,450782.8,17387.0,0.0,0.0,450782.8,0
1,33999.05,0.0,0.0,2405406.91,2439405.96,0
1,86485.74,3994.43,0.0,505292.12,591777.85,0
0,199634.28,0.0,0.0,1330954.95,1530589.23,0
1,60933.94,276121.36,215187.42,5152745.22,5213679.16,0
1,98184.8,46310.0,0.0,221651.75,319836.55,0
1,277472.16,7282.0,0.0,6751522.2,7028994.36,0
1,304473.54,53057.0,0.0,1053811.89,1358285.43,0
0,3077529.08,0.0,0.0,4672894.05,8518831.33,0
1,233898.43,0.0,0.0,636229.44,870127.87,0
1,36923.75,0.0,0.0,352228.35,389152.1,0
0,315689.04,43431.0,0.0,423903.35,739592.39,0
1,193796.39,0.0,0.0,5183953.7,5377750.08,0
1,94023.7,0.0,0.0,156309.35,250333.05,0
1,301401.14,0.0,0.0,910952.57,1212353.71,0
1,46728.57,0.0,0.0,197434.55,244163.12,0
1,284446.88,69351.0,0.0,47259.75,331706.62,0
1,73881.64,20775.0,0.0,3137883.69,3211765.33,0
0,439460.01,0.0,0.0,2929303.32,3368763.33,0
0,207754.5,1947956.58,1740202.08,0.0,207754.5,0
1,40526.37,270.0,0.0,76431.95,116958.31,0
1,527170.92,6362.0,0.0,2538483.38,3065654.3,0
1,241283.98,0.0,0.0,270317.84,511601.81,0
1,29058.95,0.0,0.0,124845.51,206571.97,0
1,54132.54,19886.0,0.0,805881.04,860013.58,0
1,123862.03,20261.0,0.0,141765.77,265627.8,0
1,108714.76,13442.14,0.0,449310.21,558024.98,0
1,237017.41,0.0,0.0,764747.9,1001765.3,0
0,1449254.38,0.0,0.0,1599379.93,3048634.32,0
1,555417.17,21644.0,0.0,3887998.82,4443415.99,0
0,904149.13,210388.39,0.0,5448728.25,6352877.38,0
1,113917.22,60853.0,0.0,0.0,113917.22,0
1,135945.42,0.0,0.0,1546158.5,1682103.92,0
1,176382.19,0.0,0.0,1453482.18,1629864.36,0
1,23562.77,266187.0,242624.23,458905.59,482468.36,0
1,71396.05,0.0,0.0,3855317.0,3926713.06,0
0,413962.35,0.0,0.0,547329.41,961291.76,0
0,252637.67,25196.0,0.0,141382.23,168295.35,0
1,279285.92,17598.42,0.0,617959.63,789673.11,0
1,200828.35,11036.0,0.0,0.0,200828.35,0
1,48540.07,90389.0,41848.93,0.0,48540.07,0
1,18817.73,102410.0,83592.27,174853.35,193671.08,0
1,133383.83,399617.0,266233.17,442590.51,575974.34,0
1,77038.01,11829.0,0.0,0.0,77038.01,0
1,109546.83,0.0,0.0,897253.76,1006800.58,0
1,117872.9,20706.0,0.0,58165.71,176038.61,0
1,111230.73,0.0,0.0,2079022.76,2190253.49,0
1,25091.08,0.0,0.0,551811.48,907834.1,0
0,10000000.0,37761.0,0.0,129413.72,11273076.09,0
1,127223.93,30819.0,0.0,0.0,127223.93,0
1,29978.38,0.0,0.0,366633.84,396612.21,0
1,174687.79,0.0,0.0,207087.94,466512.76,0
1,167863.71,0.0,0.0,47495765.28,47663629.0,0
1,343318.21,228545.0,0.0,0.0,343318.21,0
1,222173.17,0.0,0.0,1601409.67,1798712.02,0
1,185402.25,0.0,0.0,2368370.63,2673804.55,0
1,120278.27,0.0,0.0,544109.6,664387.87,0
1,249753.05,156375.2,0.0,781612.2,1031365.25,0
1,160327.54,595678.0,435350.46,0.0,160327.54,0
0,811215.32,0.0,0.0,4977664.71,5788880.04,0
1,185129.78,956.0,0.0,9811374.33,9996504.11,0
0,97933.35,0.0,0.0,140694.47,238627.81,0
1,288864.18,0.0,0.0,3229803.04,3518667.22,0
1,182630.28,73039.0,0.0,605608.08,788238.36,0
1,221859.51,153576.0,0.0,0.0,221859.51,0
1,42740.0,145184.0,102444.0,2411521.87,3182264.38,0
1,151493.27,0.0,0.0,209659.12,361152.39,0
0,2176609.68,0.0,0.0,8945919.18,11122528.86,0
1,35423.3,10100.0,0.0,80832.09,116255.38,0
1,152168.68,0.0,0.0,419572.27,571740.95,0
1,202455.23,30165.0,0.0,1578984.99,1781440.23,0
0,1305600.78,0.0,0.0,1947739.72,3253340.5,0
1,50319.79,0.0,0.0,6224646.01,6274965.8,0
1,15361.18,0.0,0.0,5413061.13,5428422.31,0
0,237005.84,0.0,0.0,288157.09,525162.94,0
1,132430.51,36395.0,0.0,337299.83,469730.34,0
1,245431.56,87786.0,0.0,234498.45,479930.01,0
1,188878.61,0.0,0.0,560809.7,749688.31,0
1,153725.51,21419.0,0.0,350245.03,503970.55,0
1,119659.11,127273.0,7613.89,0.0,119659.11,0
1,137232.17,36534.88,0.0,2268627.04,2405859.21,0
1,262493.34,39115.0,0.0,1718775.96,1994210.36,0
1,149666.24,221468.42,71802.18,2975194.8,3124861.05,0
1,139182.71,0.0,0.0,208245.29,347427.99,0
1,30006.88,1173.0,0.0,0.0,1194966.06,0
1,549993.14,0.0,0.0,1455942.4,2005935.54,0
0,448796.23,0.0,0.0,5165914.71,5614710.94,0
1,67998.34,99358.0,31359.66,1849483.85,1917482.19,0
1,217441.43,33436.0,0.0,49342.94,266784.36,0
1,55653.0,11499.0,0.0,521498.59,577151.59,0
0,189423.44,24309.0,0.0,1330598.81,1520022.25,0
1,298021.72,8063.0,0.0,988900.19,1286921.91,0
0,705007.19,470.0,0.0,91884.56,796891.75,0
1,144892.8,0.0,0.0,495023.38,639916.18,0
1,392926.26,0.0,0.0,693558.33,1086484.59,0
1,141412.74,734630.28,593217.54,704014.2,845426.94,0
1,154599.57,0.0,0.0,1829201.84,1983801.42,0
1,180910.67,25945.0,0.0,0.0,180910.67,0
1,212708.77,40176.0,0.0,0.0,212708.77,0
1,118610.56,99580.0,0.0,694712.52,813323.09,0
1,87899.67,92295.0,4395.33,0.0,87899.67,0
0,1892856.52,0.0,0.0,2683307.65,4576164.17,0
0,1637516.04,0.0,0.0,2167046.34,3804562.37,0
1,172236.17,0.0,0.0,8059274.87,8231511.04,0
1,146227.57,10614.0,0.0,375299.52,521527.09,0
0,778623.89,0.0,0.0,1528080.14,2306704.03,0
1,341182.74,16834.87,0.0,688337.87,1279579.66,0
1,72191.64,0.0,0.0,5840027.94,5912219.58,0
1,310782.36,32095.0,0.0,77252.4,388034.76,0
1,279594.93,20904.52,0.0,505061.85,784656.78,0
0,732545.99,0.0,0.0,1993066.02,2401188.22,0
1,120359.01,24447.0,0.0,240712.11,361071.12,0
1,114942.16,0.0,0.0,446908.44,561850.6,0
1,188500.08,0.0,0.0,213721.42,402221.5,0
0,1199349.98,0.0,0.0,5240346.35,6439696.33,0
0,10000000.0,0.0,0.0,10138531.66,30172032.46,0
1,283197.95,28470.0,0.0,0.0,94173.33,0
1,87405.5,5261.0,0.0,389686.51,477092.01,0
1,1748.36,11664.0,9915.64,41137.18,42885.53,0
1,272963.89,7081.0,0.0,142001.45,414965.34,0
1,60929.23,7010.0,0.0,2545516.37,2606445.61,0
0,181912.04,367671.56,185759.52,478070.77,865522.01,0
1,83863.89,180511.33,96647.43,4701223.34,4785087.24,0
0,429012.49,21378.0,0.0,0.0,429012.49,0
1,188827.37,516381.0,327553.63,219887.36,330981.49,0
1,144593.4,0.0,0.0,221603.42,366196.81,0
0,991775.35,0.0,0.0,1211809.13,2203584.48,0
0,648999.67,202648.0,0.0,126225.36,775225.03,0
0,1263704.98,38164.0,0.0,18883871.15,20147576.13,0
1,241635.63,75463.0,0.0,1931936.22,2173571.85,0
1,522502.6,347.0,0.0,0.0,522502.6,0
1,147370.52,0.0,0.0,1247190.33,1394560.85,0
0,480558.12,153454.0,0.0,0.0,480558.12,0
1,20980.46,0.0,0.0,116942.45,137922.92,0
0,1079637.15,104882.0,0.0,0.0,1079637.15,0
1,491423.31,29741.0,0.0,1366500.52,1857923.83,0
1,127770.14,14754.0,0.0,0.0,127770.14,0
1,489575.62,189551.0,0.0,0.0,489575.62,0
1,144328.7,0.0,0.0,17809581.43,17953910.13,0
0,127384.82,10030.0,0.0,139201.41,266586.23,0
1,217935.3,3696.0,0.0,245035.88,462971.18,0
1,257829.17,0.0,0.0,2843341.18,3101170.36,0
1,15725.74,51078.0,35352.26,110201.28,125927.02,0
1,78536.43,73366.0,0.0,557397.4,635933.82,0
0,637908.7,0.0,0.0,7544788.66,8182697.35,0
1,42852.06,0.0,0.0,541659.98,584512.03,0
0,915863.87,0.0,0.0,12525131.33,13440995.2,0
0,800421.54,0.0,0.0,1340977.05,2141398.59,0
1,166743.9,0.0,0.0,346352.46,513096.35,0
1,249406.4,0.0,0.0,1766497.84,2015904.24,0
1,325826.52,282.0,0.0,1351509.16,1677335.67,0
1,93207.2,19940.0,0.0,845978.81,939186.01,0
1,46328.8,105526.0,59197.2,1410546.94,1456875.74,0
1,25467.99,35512.0,10044.01,0.0,25467.99,0
1,97878.75,5588.0,0.0,355281.24,453159.99,0
0,738817.04,0.0,0.0,768620.73,1507437.76,0
1,88296.03,157487.0,69190.97,0.0,88296.03,0
1,3996.11,0.0,0.0,129508.65,133504.76,0
1,14609.4,0.0,0.0,2695497.1,2710106.5,0
1,59583.35,0.0,0.0,735135.08,794718.43,0
1,174507.62,260082.0,85574.38,1421119.52,1595627.14,0
1,441368.69,0.0,0.0,491386.11,932754.81,0
0,190378.82,0.0,0.0,223877.17,414255.99,0
1,244180.66,0.0,0.0,3255188.94,3499369.6,0
1,9362.36,24216.0,14853.64,0.0,9362.36,0
1,283301.1,83690.0,0.0,0.0,124068.0,0
1,124187.46,34959.0,0.0,1431447.9,1555635.36,0
1,188864.52,0.0,0.0,776911.2,965775.72,0
1,452160.25,19946.0,0.0,48800.66,519899.59,0
1,18526.99,1054.0,0.0,1107185.27,1125712.26,0
1,23475.2,123390.43,99915.23,7216314.68,7239789.88,0
1,277226.97,0.0,0.0,1196321.52,1473548.49,0
0,615756.15,1072.0,0.0,0.0,615756.15,0
1,95381.58,311489.0,216107.42,42778.22,138159.8,0
1,166908.42,0.0,0.0,923861.88,1090770.3,0
1,22549.12,381443.66,358894.54,141313.37,163862.48,0
0,656479.0,0.0,0.0,3737624.73,4394103.72,0
1,55344.24,242703.4,187359.16,223673.61,279017.85,0
1,346152.4,0.0,0.0,1070464.53,1416616.93,0
1,189151.42,158107.0,0.0,264822.55,453973.96,0
1,90123.16,0.0,0.0,91999.47,189166.23,0
1,89096.41,0.0,0.0,2628265.01,2717361.42,0
0,146002.77,22162.0,0.0,451335.27,597338.04,0
1,171697.83,15659.0,0.0,0.0,171697.83,0
1,169850.03,0.0,0.0,187512.06,357362.09,0
0,239333.22,50576.0,0.0,1895574.16,2134907.37,0
1,12026.34,202094.0,190067.66,142743.13,154769.47,0
1,200607.87,2105.2,0.0,315908.89,516516.76,0
1,316874.07,32900.0,0.0,93060.59,409934.66,0
1,11415.88,3130.0,0.0,564237.91,575653.79,0
1,638033.44,30567.0,0.0,195783.5,833816.94,0
0,1137768.98,0.0,0.0,1966686.53,3104455.51,0
1,90712.67,0.0,0.0,334565.3,425277.96,0
1,304791.44,0.0,0.0,354963.17,659754.61,0
1,206865.51,0.0,0.0,1259131.1,1465996.61,0
1,430479.69,0.0,0.0,1750590.59,2181070.28,0
1,219096.55,113561.0,0.0,0.0,219096.55,0
1,205984.81,19090.06,0.0,300246.16,506230.97,0
1,63040.29,0.0,0.0,1682190.42,1745230.71,0
1,112836.99,52522.0,0.0,128336.13,241173.12,0
1,404226.26,0.0,0.0,2443003.05,2847229.31,0
0,1249337.53,213237.0,0.0,195308.87,1444646.39,0
1,60807.84,118757.0,57949.16,3356268.56,3417076.4,0
1,182648.99,118513.0,0.0,0.0,182648.99,0
1,182971.03,307180.0,124208.97,0.0,182971.03,0
1,61152.57,17065.0,0.0,227188.55,288341.12,0
1,105094.92,816.0,0.0,0.0,105094.92,0
1,257912.26,311.0,0.0,7038267.96,7404594.16,0
0,317259.61,0.0,0.0,1168835.19,1486094.8,0
1,139501.33,0.0,0.0,199651.66,339152.98,0
1,115277.15,25918.71,0.0,7552709.97,7667987.12,0
0,269297.92,0.0,0.0,2979640.9,3248938.81,0
0,418285.59,44935.0,0.0,871166.59,1289452.18,0
1,311996.17,22434.0,0.0,608588.71,920584.88,0
1,81356.04,40449.0,0.0,310394.71,391750.75,0
1,184096.2,20285.0,0.0,0.0,184096.2,0
0,134192.24,20153.0,0.0,3478799.64,3612991.88,0
1,35246.31,0.0,0.0,1008607.01,1043853.31,0
1,209561.3,0.0,0.0,439781.19,649342.49,0
0,528689.66,0.0,0.0,5117013.71,5645703.37,0
1,82033.97,19862.0,0.0,1854911.18,1936945.15,0
1,211657.54,11601.0,0.0,153895.15,365552.7,0
1,214293.33,52880.0,0.0,245596.39,459889.72,0
1,227297.8,68079.0,0.0,486105.63,713403.43,0
1,110217.93,27632.0,0.0,296043.12,406261.06,0
1,265105.73,40440.0,0.0,790805.99,1055911.72,0
0,1611162.83,10607.0,0.0,0.0,1611162.83,0
0,2044592.59,30211.0,0.0,0.0,2044592.59,0
1,36498.54,66360.0,29861.46,0.0,36498.54,0
1,119238.71,0.0,0.0,700495.71,819734.42,0
1,75804.88,18235.0,0.0,616898.45,692703.33,0
1,173475.14,377900.49,204425.35,550226.72,723701.86,0
1,401885.18,246273.0,0.0,675982.32,1077867.5,0
1,149844.77,42804.54,0.0,2517047.95,2666892.72,0
0,83360.94,0.0,0.0,7921304.04,8004664.98,0
1,196849.28,0.0,0.0,3678803.17,3875652.45,0
1,102885.91,0.0,0.0,121575.8,224461.72,0
1,438340.01,10256.0,0.0,71367.69,915228.68,0
1,258620.99,195.0,0.0,629736.08,888357.07,0
1,93150.83,2502.0,0.0,0.0,93150.83,0
1,148274.17,11145.0,0.0,357849.43,506123.59,0
1,99480.59,0.0,0.0,2121471.52,2220952.11,0
1,114168.81,10697.0,0.0,0.0,106428.42,0
1,76476.58,104109.0,27632.42,383487.39,574149.31,0
0,219499.71,0.0,0.0,1121342.95,1340842.66,0
1,95650.37,0.0,0.0,2182742.46,2278392.83,0
1,80119.39,0.0,0.0,1842472.81,1922592.2,0
1,365959.52,226114.0,0.0,0.0,365959.52,0
1,141177.36,100864.0,0.0,1992123.0,2133300.36,0
1,32368.51,41405.0,9036.49,0.0,32368.51,0
0,164111.51,0.0,0.0,507199.3,977376.64,0
0,880451.58,0.0,0.0,1924387.16,2804838.74,0
0,4011921.3,0.0,0.0,4839581.04,8851502.33,0
0,514744.1,136.0,0.0,413725.77,928469.87,0
1,167153.97,3072.0,0.0,4086887.34,4254041.31,0
1,175554.04,0.0,0.0,2289612.62,2465166.67,0
1,204669.13,0.0,0.0,1741102.37,1945771.5,0
1,56793.75,0.0,0.0,309754.5,366548.25,0
1,54110.75,4939.0,0.0,626810.59,680921.34,0
1,257358.97,100887.0,0.0,845414.01,1102772.98,0
1,97506.16,0.0,0.0,3101439.43,3198945.59,0
1,344362.09,3609.0,0.0,782470.18,1126832.27,0
1,79111.44,89025.2,9913.76,200287.53,279398.98,0
1,610960.11,8046.0,0.0,0.0,610960.11,0
0,25666.09,0.0,0.0,471127.58,496793.67,0
1,7213.98,15441.0,8227.02,0.0,7213.98,0
1,386799.44,21473.0,0.0,980490.17,1367289.62,0
1,131003.69,159.38,0.0,1178586.4,1309590.09,0
1,30583.92,0.0,0.0,10313991.23,10344575.15,0
0,832095.61,0.0,0.0,1661914.92,2494010.53,0
0,682954.57,0.0,0.0,1338947.65,2021902.21,0
1,522899.65,0.0,0.0,1770662.85,2293562.5,0
1,14953.7,75.0,0.0,93066.92,108020.62,0
1,23239.49,8013.67,0.0,415414.9,438654.4,0
1,51769.41,0.0,0.0,890432.47,942201.88,0
1,74207.8,78256.0,4048.2,20332.0,0.0,0
1,228053.57,0.0,0.0,254798.0,229445.36,0
1,257754.28,60699.0,0.0,216841.95,474596.23,0
1,504122.74,41132.88,0.0,1258533.79,1762656.53,0
0,107147.01,0.0,0.0,836323.94,943470.95,0
1,49149.67,0.0,0.0,1792046.74,1841196.41,0
1,465981.13,10715.0,0.0,0.0,465981.13,0
1,198437.17,0.0,0.0,226245.42,424682.59,0
1,41141.42,495943.0,454801.58,0.0,41141.42,0
1,170943.93,38483.0,0.0,3047332.31,3218276.24,0
1,506819.01,25563.0,0.0,0.0,506819.01,0
0,674284.0,9267.0,0.0,0.0,674284.0,0
1,8173.13,34262.0,26088.87,0.0,8173.13,0
0,103881.53,0.0,0.0,158948.09,262829.61,0
1,113642.59,12956.0,0.0,0.0,113642.59,0
1,128674.35,515.0,0.0,246380.59,375054.95,0
0,326180.51,13381.0,0.0,37780.68,363961.19,0
1,84451.43,0.0,0.0,1233695.57,1318147.0,0
1,122680.54,0.0,0.0,1262241.45,1384921.99,0
1,161827.15,8115.0,0.0,374538.77,536365.92,0
1,360861.5,450097.46,89235.96,1060681.48,1421542.98,0
1,92483.7,60490.0,0.0,124197.0,45244.36,0
1,248660.2,29710.0,0.0,0.0,248660.2,0
0,46016.68,588556.0,542539.32,1764979.86,1810996.54,0
1,161206.63,254582.0,93375.37,3564.09,164770.72,0
1,70465.81,0.0,0.0,3171352.79,3241818.6,0
1,48866.38,65573.0,16706.62,0.0,48866.38,0
1,102088.16,142304.0,40215.84,0.0,102088.16,0
0,383091.12,82612.0,0.0,1962304.51,2345395.63,0
1,83313.09,2654.0,0.0,426635.23,509948.32,0
0,385799.98,0.0,0.0,1546255.68,1932055.66,0
1,286650.74,0.0,0.0,3151897.83,3438548.57,0
0,1208120.19,225.0,0.0,218183.37,1426303.57,0
1,153786.4,5383.0,0.0,187498.23,341284.63,0
1,138349.98,0.0,0.0,5508794.93,5647144.91,0
1,247063.35,0.0,0.0,538088.48,530879.37,0
1,326212.06,403.0,0.0,21493.87,347705.92,0
0,966556.71,78410.0,0.0,1443734.19,2410290.9,0
1,161315.69,11100.0,0.0,29353.0,190668.69,0
0,4572130.23,0.0,0.0,30434764.85,35006895.07,0
0,436199.9,383.0,0.0,189020.85,625220.76,0
1,348297.01,0.0,0.0,394774.52,743071.53,0
1,167130.98,0.0,0.0,469502.51,636633.49,0
1,273217.96,418350.71,145132.76,6834224.43,7107442.39,0
1,231768.14,0.0,0.0,339554.71,571322.85,0
1,98706.44,0.0,0.0,135736.06,234442.5,0
0,1880906.61,194647.3,0.0,2806130.05,4687036.66,0
1,151417.83,0.0,0.0,12806049.39,12957467.22,0
1,211152.35,10000.0,0.0,703937.06,915089.41,0
0,477605.21,449.0,0.0,55776.69,533381.9,0
1,218146.64,6.0,0.0,0.0,218146.64,0
1,84917.3,0.0,0.0,1586317.78,1671235.07,0
1,107276.93,58236.0,0.0,0.0,107276.93,0
0,710970.34,138315.0,0.0,220888.29,931858.62,0
1,98646.89,0.0,0.0,1158890.6,1257537.49,0
1,268658.3,5542.0,0.0,14872.01,283530.31,0
1,77091.85,0.0,0.0,175276.68,252368.52,0
0,28686.5,148398.0,119711.5,288984.13,317670.64,0
1,315093.7,9379.0,0.0,567255.72,882349.42,0
1,118656.23,30813.0,0.0,0.0,118656.23,0
1,285151.55,0.0,0.0,357983.89,643135.44,0
1,122442.82,3695.0,0.0,24293.91,146736.73,0
1,10196.08,512.0,0.0,1353.94,11550.02,0
0,770250.54,0.0,0.0,2108927.65,2879178.18,0
1,103730.06,115262.0,11531.94,3155005.71,3258735.77,0
1,89837.36,0.0,0.0,776734.18,866571.54,0
1,172156.66,0.0,0.0,951955.55,1124112.21,0
1,256167.86,0.0,0.0,783940.64,1040108.5,0
1,86238.89,3463.0,0.0,0.0,86238.89,0
1,21488.88,341689.0,320200.12,276565.83,298054.71,0
1,85267.51,0.0,0.0,324899.37,410166.88,0
1,133692.62,327537.0,193844.38,3918267.47,4051960.08,0
1,196662.92,0.0,0.0,394107.51,590770.43,0
1,218190.33,0.0,0.0,2537433.85,2755624.18,0
1,674.37,26917.0,26242.63,0.0,674.37,0
1,59815.19,19942.0,0.0,849381.0,909196.19,0
1,167161.07,0.0,0.0,2847618.27,3014779.33,0
1,99101.46,0.0,0.0,295819.44,394920.9,0
1,105317.59,26023.0,0.0,0.0,105317.59,0
1,8277.27,0.0,0.0,40904.11,49181.38,0
1,217480.71,0.0,0.0,12755914.78,13364984.83,0
0,1399765.81,512768.0,0.0,310275.99,1710041.79,0
1,90587.64,81774.0,0.0,0.0,90587.64,0
1,24897.19,25556.0,658.81,703496.65,728393.84,0
0,1130340.17,0.0,0.0,1935982.46,2820682.48,0
1,340293.31,0.0,0.0,11677903.67,12018196.98,0
1,185949.21,354586.0,168636.79,259988.09,445937.3,0
1,51732.6,0.0,0.0,14883601.71,14935334.31,0
0,30536.3,0.0,0.0,602514.58,633050.88,0
1,229107.66,0.0,0.0,1485041.61,1714149.27,0
1,96813.44,0.0,0.0,187271.81,284085.25,0
1,28275.57,46928.0,18652.44,92221.56,120497.13,0
1,365243.97,0.0,0.0,926222.25,1754114.19,0
0,341128.81,0.0,0.0,1580588.89,1921717.7,0
1,274251.18,52191.0,0.0,239221.68,513472.87,0
1,305921.87,10885.0,0.0,0.0,305921.87,0
1,96310.09,256363.0,160052.91,744044.86,840354.94,0
1,209222.34,0.0,0.0,7050622.33,7259844.67,0
1,244891.33,0.0,0.0,2084807.0,2329698.34,0
1,285088.64,10813.0,0.0,0.0,285088.64,0
1,237283.83,0.0,0.0,1488298.28,1221508.38,0
1,228075.96,20357.0,0.0,157305.56,385381.52,0
1,113215.18,0.0,0.0,252198.84,365414.02,0
0,343124.6,0.0,0.0,6174837.96,6517962.56,0
1,69066.73,65516.0,0.0,1562943.33,1632010.06,0
1,497737.19,0.0,0.0,2079633.04,2918243.15,0
1,306935.47,0.0,0.0,533744.45,840679.92,0
0,122894.06,0.0,0.0,3628291.54,3751185.6,0
1,170046.16,0.0,0.0,1278789.94,1448836.1,0
1,278963.79,612332.65,333368.86,510194.98,789158.78,0
1,5820.81,0.0,0.0,800262.95,806083.76,0
1,183096.01,0.0,0.0,291398.46,474494.47,0
0,26915.04,563560.96,536645.92,3030726.88,3057641.92,0
1,63847.83,287939.0,224091.17,250227.49,314075.33,0
1,21726.01,0.0,0.0,48603.7,70329.72,0
0,394049.08,0.0,0.0,716367.34,1110416.41,0
1,130309.2,0.0,0.0,4417385.18,4547694.38,0
0,182314.82,139722.28,0.0,710904.67,893219.49,0
0,246980.4,0.0,0.0,965725.52,1212705.92,0
1,119382.09,6054.0,0.0,3719045.46,3840829.28,0
1,14007.62,0.0,0.0,188079.34,202086.96,0
0,183611.3,0.0,0.0,467319.31,650930.61,0
1,16409.3,13021.0,0.0,2916220.01,2932629.31,0
1,250719.6,11115.0,0.0,0.0,250719.6,0
1,140098.12,121759.0,0.0,741611.27,881709.4,0
1,322222.27,67372.0,0.0,0.0,322222.27,0
1,105430.16,0.0,0.0,208239.84,313670.0,0
1,256245.92,60206.0,0.0,0.0,256245.92,0
1,76906.24,87177.69,10271.45,1127372.5,1204278.73,0
1,210687.0,0.0,0.0,1231507.11,1442194.11,0
1,267217.82,0.0,0.0,540945.6,901969.6,0
1,164360.65,0.0,0.0,646011.98,810372.62,0
0,1954092.13,2239093.65,285001.52,0.0,1954092.13,0
1,98215.12,0.0,0.0,523948.44,622163.56,0
0,513654.24,844663.0,331008.76,166227.23,679881.47,0
1,1464.42,20137.0,18672.58,0.0,1464.42,0
1,7465.26,0.0,0.0,16151.74,23617.0,0
1,225114.44,0.0,0.0,5106854.13,5331968.57,0
1,188443.38,21132.0,0.0,0.0,188443.38,0
1,264840.6,2879.0,0.0,0.0,264840.6,0
0,179136.89,0.0,0.0,815208.22,994345.1,0
1,201553.49,69959.0,0.0,0.0,201553.49,0
0,277030.51,7196.0,0.0,2947429.14,3224459.65,0
1,38968.8,0.0,0.0,616819.38,655788.19,0
1,291484.2,122.0,0.0,0.0,377315.04,0
0,1035982.41,0.0,0.0,1169693.96,2205676.37,0
0,4201421.61,629989.68,0.0,0.0,4201421.61,0
0,875963.15,0.0,0.0,3968402.36,4844365.51,0
0,1619908.0,0.0,0.0,2575536.63,4195444.64,0
1,95379.2,0.0,0.0,1203782.27,1299161.47,0
1,374231.92,176094.0,0.0,2062950.64,2437182.56,0
0,121233.88,0.0,0.0,206514.71,327748.6,0
1,175062.37,18494.58,0.0,1537466.42,1712528.79,0
0,392346.35,143196.0,0.0,0.0,392346.35,0
1,46865.34,16789.0,0.0,468397.34,515262.69,0
0,232072.74,0.0,0.0,430116.04,662188.79,0
1,23341.16,72093.0,48751.84,0.0,23341.16,0
1,426269.61,12615.0,0.0,0.0,287725.95,0
1,92744.15,0.0,0.0,993144.35,1085888.5,0
1,130143.46,320339.0,190195.54,11791778.55,11921922.01,0
0,2125453.12,0.0,0.0,8615589.07,10741042.19,0
1,63008.77,117641.0,54632.23,254404.7,317413.48,0
1,87131.93,4153125.49,4065993.56,186831.01,273962.95,0
1,395697.24,125794.0,0.0,1013113.49,1408810.73,0
1,159588.24,20661.0,0.0,0.0,159588.24,0
1,503258.82,0.0,0.0,629669.94,1132928.76,0
1,347919.47,24194.0,0.0,621446.79,969366.26,0
1,118627.59,1016.0,0.0,0.0,118627.59,0
1,231531.21,520807.29,289276.07,0.0,231531.21,0
1,85976.3,10395.0,0.0,509094.19,595070.49,0
1,156880.63,0.0,0.0,2268332.33,2425212.96,0
1,188371.06,50927.0,0.0,216572.11,404943.17,0
0,3066147.08,0.0,0.0,4316351.8,7382498.87,0
1,39780.76,10126.0,0.0,2693499.5,2733280.26,0
1,293684.12,7123.0,0.0,252414.43,546098.55,0
1,320274.49,20144.0,0.0,0.0,320274.49,0
1,361718.02,0.0,0.0,489667.55,851385.56,0
0,309713.73,0.0,0.0,456257.61,765971.34,0
1,27997.13,192002.89,164005.77,2023924.54,2051921.67,0
1,19949.89,0.0,0.0,701929.07,721878.97,0
1,333346.51,1508.0,0.0,375243.78,708590.29,0
1,326185.46,0.0,0.0,4830876.82,5157062.28,0
1,131211.56,2080.0,0.0,7426.73,138638.29,0
1,159548.24,69913.0,0.0,0.0,159548.24,0
0,231270.25,0.0,0.0,2853565.21,3288444.43,0
1,279738.75,0.0,0.0,1062783.85,1342522.61,0
1,110857.25,167.0,0.0,0.0,110857.25,0
1,244645.2,0.0,0.0,1505400.0,1750045.2,0
1,202517.89,471343.33,268825.44,0.0,202517.89,0
1,107509.64,0.0,0.0,421122.0,528631.64,0
1,310575.22,50508.0,0.0,0.0,310575.22,0
1,76644.98,0.0,0.0,138329.35,214974.33,0
1,726018.98,0.0,0.0,3303696.51,4029715.49,0
1,336231.22,0.0,0.0,488412.15,824643.37,0
1,245346.7,15834.0,0.0,88545.07,333891.77,0
0,237273.59,25851.0,0.0,135526.09,372799.69,0
0,442660.66,0.0,0.0,777880.43,1220541.09,0
1,282967.53,39671.0,0.0,19038327.73,19321295.26,0
0,302007.43,47907.0,0.0,0.0,302007.43,0
1,306230.73,0.0,0.0,794591.55,1100822.28,0
1,123345.06,0.0,0.0,303614.98,426960.04,0
1,291413.35,0.0,0.0,6167106.67,6458520.02,0
1,42558.81,33785.0,0.0,42013.0,157879.64,0
1,264022.63,362707.0,98684.37,118913.98,382936.61,0
1,236097.18,0.0,0.0,394171.33,781756.95,0
0,4532690.94,70433.0,0.0,2561785.96,7094476.9,0
1,84576.29,325973.0,241396.71,0.0,31254.8,0
1,104736.88,68585.0,0.0,0.0,104736.88,0
0,784683.08,72177.0,0.0,0.0,784683.08,0
1,179691.87,8185.0,0.0,406958.14,586650.01,0
0,1947373.93,21851.0,0.0,1637530.56,3584904.5,0
1,58645.29,71427.52,12782.23,104945.08,163590.37,0
1,191895.77,0.0,0.0,5072283.46,5264179.23,0
1,57276.41,110150.0,52873.59,407555.02,464831.44,0
0,549790.87,298.0,0.0,0.0,549790.87,0
1,153414.39,0.0,0.0,391586.29,545000.68,0
1,158099.65,0.0,0.0,1243761.61,1401861.27,0
1,288613.53,40631.0,0.0,5255729.22,5544342.75,0
1,115004.99,0.0,0.0,606941.34,721946.33,0
1,125471.23,0.0,0.0,1143066.29,1268537.53,0
1,258169.55,0.0,0.0,2510972.59,2769142.14,0
1,90721.64,0.0,0.0,1070559.64,1161281.28,0
1,373829.14,0.0,0.0,647333.97,1441362.26,0
1,228645.05,0.0,0.0,9034931.14,9263576.18,0
1,146397.83,86944.0,0.0,6259892.79,6406290.62,0
1,174132.3,0.0,0.0,3264636.35,3438768.65,0
1,366021.44,41595.0,0.0,910487.16,1276508.6,0
1,210528.45,0.0,0.0,943473.54,1154001.99,0
0,78320.28,69924.0,0.0,1074156.61,1152476.89,0
1,281695.91,0.0,0.0,4782311.42,5064007.33,0
1,177872.32,21337.58,0.0,1055037.02,1232909.34,0
1,375033.34,955.0,0.0,117340.95,492374.29,0
1,240672.42,22396.0,0.0,1086044.16,1326716.57,0
1,96080.02,49353.0,0.0,1815808.92,1911888.94,0
1,144242.07,0.0,0.0,198963.88,343205.96,0
1,104172.33,4708.0,0.0,0.0,104172.33,0
1,47044.09,102211.0,55166.91,0.0,47044.09,0
1,126357.98,179859.0,53501.02,168338.97,294696.94,0
0,37261.04,21247.0,0.0,4419215.68,4456476.72,0
1,6824.09,0.0,0.0,8230777.13,8237601.21,0
1,179813.91,0.0,0.0,589320.36,799172.17,0
1,90280.17,0.0,0.0,13223227.17,13313507.34,0
0,76367.68,0.0,0.0,122881.0,199248.68,0
1,34823.87,7168.0,0.0,3705428.41,3740252.28,0
1,134667.28,0.0,0.0,2539972.64,2674639.92,0
1,62967.9,9753.0,0.0,1587527.91,1790854.18,0
1,329836.59,0.0,0.0,973012.76,1302849.34,0
0,76025.39,15157.0,0.0,0.0,375509.35,0
1,60822.36,0.0,0.0,2002690.79,2063513.15,0
1,232129.35,10579.0,0.0,104805.54,336934.89,0
1,120059.48,0.0,0.0,2577938.61,2588809.29,0
1,94561.55,0.0,0.0,316868.86,411430.41,0
1,329304.49,42441.0,0.0,195565.78,524870.27,0
1,201536.61,54459.06,0.0,294946.28,496482.89,0
1,45550.91,124885.0,79334.09,1548230.3,1593781.21,0
1,76133.71,15862.0,0.0,263087.98,339221.69,0
1,334087.8,21189.46,0.0,1679054.42,2013142.22,0
1,51813.36,249150.0,197336.64,383618.56,435431.92,0
1,39322.87,581.0,0.0,333875.13,373198.01,0
1,511739.32,148215.0,0.0,0.0,511739.32,0
1,292649.7,0.0,0.0,478527.31,771177.02,0
1,161259.45,256.0,0.0,113842.8,275102.26,0
0,422991.51,770.0,0.0,0.0,422991.51,0
1,259781.91,74658.0,0.0,95646.98,355428.88,0
1,346573.38,100453.0,0.0,217000.92,563574.3,0
0,32337.74,0.0,0.0,271848.85,304186.58,0
1,128240.43,49549.0,0.0,0.0,128240.43,0
1,211326.11,780.0,0.0,855854.79,1067180.91,0
1,92786.71,0.0,0.0,1893545.85,1986332.56,0
0,13376.2,52662.36,39286.16,352962.17,366338.38,0
0,179914.09,25770.0,0.0,0.0,179914.09,0
1,5919.07,11981.0,6061.93,696597.05,699466.71,0
1,303115.11,0.0,0.0,1182625.27,1485740.38,0
1,279082.45,51037.0,0.0,87234.11,366316.56,0
1,145460.7,6607.0,0.0,3026228.16,3171688.86,0
1,217321.61,208788.0,0.0,0.0,217321.61,0
1,5688.61,11836.0,6147.39,69774.53,75463.14,0
0,319018.39,0.0,0.0,374886.68,693905.07,0
1,232173.56,15127.0,0.0,0.0,232173.56,0
1,400494.55,0.0,0.0,3207569.49,3608064.04,0
1,33708.32,0.0,0.0,847069.93,880778.25,0
1,476697.81,157632.0,0.0,1262555.45,1739253.26,0
1,337846.31,0.0,0.0,603873.71,941720.02,0
1,23142.57,356468.28,333325.71,1024857.15,1047999.72,0
1,163019.49,5504.0,0.0,403811.84,566831.33,0
0,574059.33,0.0,0.0,969592.57,1543651.9,0
1,144560.58,0.0,0.0,146946.62,291507.2,0
1,270603.61,0.0,0.0,5962043.93,6232647.55,0
1,247111.31,33563.0,0.0,1191908.01,1439019.32,0
1,168761.19,27044.0,0.0,0.0,168761.19,0
1,52093.74,0.0,0.0,3214807.03,3268365.39,0
1,424171.87,0.0,0.0,1312298.51,1736470.38,0
1,103517.48,124903.0,21385.52,71618.91,175136.39,0
1,64232.93,5124.0,0.0,11632831.55,11697064.48,0
1,70820.88,10524.0,0.0,0.0,70820.88,0
1,273640.67,61072.0,0.0,6990638.29,7264278.96,0
0,770506.61,71086.0,0.0,187120.02,957626.63,0
0,396276.49,51133.0,0.0,0.0,396276.49,0
1,91904.02,687016.97,595112.94,236702.47,328606.49,0
1,435522.24,8739.0,0.0,0.0,435522.24,0
1,53136.23,64899.0,11762.77,1125770.64,1178906.87,0
1,88405.39,0.0,0.0,2673010.98,2761416.37,0
1,358587.66,0.0,0.0,2937766.61,3296354.27,0
1,158552.1,83433.0,0.0,383077.55,541629.65,0
1,32824.01,592.0,0.0,198868.2,369738.55,0
1,268610.65,32890.0,0.0,255417.79,524028.44,0
1,41756.1,0.0,0.0,445687.03,487443.13,0
1,191720.14,15719.0,0.0,21031.0,277285.51,0
1,348931.1,122254.38,0.0,675102.04,1024033.14,0
1,122345.17,0.0,0.0,341158.17,463503.34,0
1,238024.68,103415.0,0.0,0.0,238024.68,0
1,528348.8,233550.0,0.0,0.0,528348.8,0
1,60995.69,15703.0,0.0,1171243.7,1232239.39,0
1,67160.12,51965.0,0.0,4462653.71,4529813.83,0
1,150424.73,0.0,0.0,6385002.11,6535426.84,0
1,101259.98,0.0,0.0,716250.31,817510.29,0
1,279148.64,66275.97,0.0,740505.83,1019654.46,0
1,212744.65,0.0,0.0,1699207.26,1911951.91,0
1,234946.59,29812.0,0.0,0.0,643432.09,0
1,274484.2,0.0,0.0,371797.75,646281.95,0
0,419979.41,0.0,0.0,469902.85,889882.26,0
1,280904.29,2461.0,0.0,0.0,280904.29,0
1,498807.79,441096.66,0.0,4883080.68,5381888.47,0
1,76426.9,0.0,0.0,818702.32,895129.22,0
1,21469.27,0.0,0.0,169965.98,191435.25,0
1,234830.75,11730.0,0.0,0.0,234830.75,0
1,171479.83,130.0,0.0,4738346.19,4909826.02,0
1,305339.88,0.0,0.0,581737.15,887077.03,0
1,115810.68,0.0,0.0,9980648.16,10096458.83,0
1,202430.62,121262.0,0.0,1058374.93,1260805.55,0
1,93388.43,90759.0,0.0,0.0,93388.43,0
1,2044.7,4025.0,1980.3,88980.51,91025.21,0
0,1541216.01,0.0,0.0,1708261.21,3249477.21,0
1,113110.67,111923.0,0.0,11493.76,124604.42,0
1,147168.87,10790.0,0.0,276878.92,424047.79,0
1,125704.35,4306.0,0.0,0.0,125704.35,0
1,74649.31,0.0,0.0,1331697.86,1424333.49,0
1,190334.11,0.0,0.0,255226.81,445560.92,0
1,97080.5,907748.48,810667.99,13899410.09,13996490.59,0
1,230176.54,74654.63,0.0,10910931.38,11141107.92,0
1,174876.15,0.0,0.0,431889.04,606765.19,0
1,15058.54,0.0,0.0,228413.92,243472.47,0
1,49140.61,18156.0,0.0,837307.22,886447.82,0
1,37850.75,100458.0,62607.25,91568.06,165800.12,0
1,214569.83,0.0,0.0,542148.27,756718.1,0
1,137507.29,0.0,0.0,3805307.79,3942815.08,0
1,109422.01,0.0,0.0,2205863.99,2315286.0,0
1,303796.95,0.0,0.0,349032.42,652829.37,0
1,220977.74,94694.0,0.0,928661.61,1149639.35,0
1,36746.1,0.0,0.0,1343461.2,1380207.3,0
1,46414.01,191.0,0.0,119193.29,165607.3,0
0,506954.62,9914.0,0.0,602764.7,1109719.32,0
1,2849.99,570362.0,567512.01,134058.29,136908.29,0
1,38320.95,0.0,0.0,1381969.62,1420290.57,0
1,288955.54,247.0,0.0,655243.44,944198.98,0
1,190265.95,90782.0,0.0,258269.72,448535.67,0
1,201559.82,0.0,0.0,6756847.14,6958406.96,0
1,341077.56,25226.0,0.0,247569.0,0.0,0
1,20569.42,1664.0,0.0,536117.32,556686.75,0
1,442082.66,0.0,0.0,10341906.05,10839069.09,0
1,293753.03,0.0,0.0,3505182.36,5750349.36,0
1,128099.61,11697.0,0.0,160701.39,288801.0,0
1,83671.8,71787.0,0.0,9005.05,92676.85,0
0,18728.69,7247.0,0.0,1287496.48,1306225.17,0
1,387996.55,0.0,0.0,414466.54,802463.09,0
1,256586.07,0.0,0.0,1308751.81,1565337.88,0
1,105232.41,185636.0,80403.59,193313.44,298545.85,0
0,38078.12,0.0,0.0,9659554.87,9697632.99,0
1,328910.31,64160.68,0.0,368635.18,533333.02,0
1,79453.21,27237.0,0.0,44593.2,124046.41,0
0,797674.31,0.0,0.0,3382283.68,4179957.99,0
1,173598.9,302135.0,128536.1,402314.08,575912.98,0
0,865643.17,103311.0,0.0,0.0,865643.17,0
1,130858.24,0.0,0.0,1412318.62,1543176.86,0
1,73477.59,143051.0,69573.41,409178.47,482656.05,0
0,2498370.12,2498370.12,0.0,0.0,0.0,1
1,55303.85,0.0,0.0,67676.54,122980.39,0
0,455824.42,0.0,0.0,663562.06,1119386.48,0
1,163006.47,53955.0,0.0,23718.1,186724.57,0
1,73774.08,334.0,0.0,1030541.8,1104315.88,0
1,155962.33,0.0,0.0,3469858.57,3625820.9,0
1,455213.02,369364.49,0.0,632651.73,1087864.74,0
1,300496.22,0.0,0.0,401932.76,702428.98,0
1,256797.36,20693.0,0.0,1498121.7,1754919.06,0
1,177413.02,0.0,0.0,2915215.48,3092628.51,0
0,1414223.64,20511.0,0.0,3151975.16,4566198.79,0
1,141827.87,0.0,0.0,143611.06,285438.93,0
1,145329.41,1940.0,0.0,1906782.37,2052111.78,0
1,108536.95,0.0,0.0,3291964.56,3400501.52,0
0,213661.54,10653.0,0.0,267337.06,480998.6,0
1,304392.36,0.0,0.0,7392204.36,7696596.72,0
1,50410.75,60647.0,10236.25,62704.2,113114.95,0
1,313358.98,0.0,0.0,7076688.47,7390047.45,0
1,64509.21,51389.0,0.0,1756844.29,1821353.51,0
1,68370.38,211627.0,143256.62,8579114.17,8647484.55,0
1,250072.53,0.0,0.0,1815263.1,2065335.63,0
1,214180.78,0.0,0.0,228339.15,442519.92,0
0,277834.55,6030.0,0.0,19564.51,297399.05,0
1,68269.98,81041.89,12771.9,237924.36,306194.34,0
1,8727.24,0.0,0.0,57514.68,66241.91,0
1,43739.81,50292.0,6552.19,0.0,43739.81,0
1,11891.67,0.0,0.0,264154.59,276046.25,0
1,118718.39,0.0,0.0,317333.17,754574.35,0
0,584542.81,100961.0,0.0,0.0,584542.81,0
1,11479.42,0.0,0.0,117851.5,129330.92,0
1,34752.21,20074.0,0.0,65739.31,100491.52,0
1,4354.45,29673.0,25318.55,434787.82,439142.27,0
1,228339.55,10933.0,0.0,0.0,228339.55,0
1,294605.36,191002.01,0.0,1952536.73,2247142.09,0
0,78455.9,56146.0,0.0,1034300.33,1112756.23,0
1,59009.27,250024.61,191015.34,274467.01,333476.27,0
1,62055.49,0.0,0.0,69752.76,131808.26,0
1,48041.02,5575.0,0.0,371164.81,564646.27,0
1,103904.49,0.0,0.0,4261458.58,4365363.07,0
1,178205.67,0.0,0.0,3104430.44,3282636.11,0
0,1161118.29,20549.0,0.0,665182.58,1826300.87,0
1,70655.12,46057.59,0.0,368676.07,439331.19,0
1,142776.77,19104.0,0.0,56173.04,198949.81,0
1,210195.15,0.0,0.0,1529675.05,1958322.04,0
1,49604.4,0.0,0.0,514277.88,563882.28,0
1,84820.84,42655.0,0.0,0.0,84820.84,0
1,241011.17,0.0,0.0,446998.55,688009.73,0
1,84779.31,60725.4,0.0,101073.49,236858.09,0
1,35149.86,0.0,0.0,471173.59,506323.45,0
1,55512.27,0.0,0.0,1567919.55,1623431.82,0
1,299294.46,0.0,0.0,4285771.37,4585065.83,0
1,40875.49,41816.0,940.51,0.0,40875.49,0
1,173386.71,32687.88,0.0,693437.71,866824.41,0
1,490750.82,19814.0,0.0,174721.62,665472.45,0
1,134982.37,912405.71,777423.34,421.0,135403.37,0
0,69170.49,551.0,0.0,942017.62,1011188.12,0
0,844787.52,21469.0,0.0,10551.62,855339.15,0
0,1101614.58,0.0,0.0,3842824.61,4781082.45,0
1,377912.8,1127260.67,749347.87,136174.11,514086.91,0
1,214373.34,0.0,0.0,8000734.02,8215107.36,0
1,54127.44,0.0,0.0,487273.68,541401.11,0
1,383084.41,21247.0,0.0,87091.61,470176.02,0
0,1955685.03,14186.0,0.0,328649.01,2284334.04,0
1,120668.12,0.0,0.0,2266971.28,2387639.39,0
0,557057.65,114009.0,0.0,5342154.93,5899212.58,0
0,442840.61,0.0,0.0,1826385.47,2269226.08,0
1,239972.08,0.0,0.0,3882903.73,4122875.81,0
1,219533.59,12093.0,0.0,41973.75,261507.34,0
1,70581.62,36335.0,0.0,0.0,70581.62,0
1,80245.51,0.0,0.0,1704975.11,1785220.62,0
1,86979.82,21165.0,0.0,0.0,86979.82,0
1,188145.35,20271.0,0.0,0.0,188145.35,0
1,55482.76,0.0,0.0,253043.97,308526.73,0
1,455852.37,0.0,0.0,1350542.74,1806395.1,0
0,385199.36,13981.0,0.0,4793130.68,5178330.04,0
0,187549.02,19806.0,0.0,3237972.62,3425521.65,0
1,163642.15,31408.0,0.0,158457.73,322099.88,0
1,149482.99,0.0,0.0,476786.23,626269.22,0
1,388033.37,0.0,0.0,638590.56,1026623.93,0
1,249744.23,0.0,0.0,307355.73,557099.96,0
0,133944.97,10517.0,0.0,0.0,133944.97,0
1,37361.19,0.0,0.0,1866134.31,1903495.5,0
1,99767.12,0.0,0.0,881095.49,980862.61,0
1,262941.69,183502.0,0.0,0.0,262941.69,0
0,1749993.54,9959.0,0.0,10967699.33,12717692.87,0
1,477066.38,0.0,0.0,1125827.78,1602894.16,0
1,130505.53,50694.0,0.0,0.0,130505.53,0
1,325851.23,24.0,0.0,0.0,325851.23,0
1,174545.53,21062.0,0.0,0.0,232455.68,0
1,117303.07,0.0,0.0,144760.19,262063.26,0
1,29012.73,6063.0,0.0,0.0,29012.73,0
1,70503.56,0.0,0.0,444567.99,515071.55,0
0,772123.91,7379.0,0.0,771831.31,1543955.23,0
0,488327.83,0.0,0.0,1281369.97,1769697.8,0
0,283996.13,0.0,0.0,2948457.51,3232453.64,0
1,137457.7,52076.0,0.0,765901.42,903359.12,0
1,96658.45,61404.0,0.0,0.0,96658.45,0
1,57379.3,0.0,0.0,286820.51,344199.81,0
1,214840.32,3913.0,0.0,5273391.08,5488231.4,0
1,69165.61,11628.0,0.0,3165276.19,3234441.81,0
1,448092.96,9341.0,0.0,3227367.47,3675460.43,0
1,116062.98,1074.0,0.0,0.0,116062.98,0
1,123566.83,495699.0,372132.17,0.0,123566.83,0
1,85290.02,6011.0,0.0,4365303.61,4450593.64,0
1,173167.48,0.0,0.0,6185659.3,6358826.78,0
1,51624.34,25226.48,0.0,632701.51,684325.84,0
1,236970.27,29796.0,0.0,330843.17,567813.44,0
1,260478.92,160518.24,0.0,2272936.6,2533415.53,0
1,223885.63,0.0,0.0,1130448.8,1955970.3,0
1,82558.21,144248.0,61689.79,361537.46,444095.66,0
0,691767.09,46927.84,0.0,769904.9,1541342.85,0
1,335577.95,0.0,0.0,1792758.16,2128336.11,0
1,354596.92,0.0,0.0,9643349.39,9997946.32,0
1,187006.66,0.0,0.0,2590728.26,3748800.95,0
0,761266.96,0.0,0.0,9289370.57,10050637.53,0
1,64781.13,14427.0,0.0,269929.03,334710.16,0
1,280380.13,252240.0,0.0,0.0,280380.13,0
1,36586.5,0.0,0.0,1101967.24,1138553.74,0
1,101208.7,115.0,0.0,601889.31,703098.0,0
1,225001.24,341494.0,116492.76,357830.93,582832.17,0
1,82737.82,0.0,0.0,335605.44,418343.26,0
0,149555.74,19529.0,0.0,5323.31,154879.05,0
0,1528234.97,0.0,0.0,3337913.34,4866148.31,0
1,18046.56,0.0,0.0,175760.06,193806.62,0
1,115254.65,0.0,0.0,1508782.55,1624037.2,0
1,4184.42,130075.75,125891.33,19180.02,23364.44,0
1,146798.06,42231.0,0.0,0.0,146798.06,0
1,309702.3,0.0,0.0,850504.89,1160207.19,0
1,240191.52,0.0,0.0,294212.8,534404.32,0
0,1580022.67,0.0,0.0,2744017.46,4324040.13,0
1,324498.74,990.0,0.0,1189370.31,1746575.28,0
1,237725.6,0.0,0.0,430315.72,668041.33,0
1,116004.49,8950.0,0.0,0.0,116004.49,0
1,14743.82,0.0,0.0,18935.84,33679.67,0
1,5748.94,0.0,0.0,2610558.4,2616307.35,0
1,71923.23,7042.0,0.0,1847794.66,1919717.89,0
1,270012.47,62175.0,0.0,6613590.88,6883603.35,0
1,141741.73,0.0,0.0,161653.53,303395.26,0
1,169903.49,100384.0,0.0,806940.25,976843.73,0
1,56749.73,0.0,0.0,217209.61,273959.34,0
1,68768.53,0.0,0.0,1085131.43,1153899.96,0
1,430045.76,41837.0,0.0,2640647.84,3070693.6,0
1,153368.72,0.0,0.0,3240945.41,3394314.13,0
1,239088.34,0.0,0.0,330758.13,569846.47,0
1,15686.47,0.0,0.0,4322442.07,4338128.54,0
1,49937.49,0.0,0.0,1494733.65,1544671.14,0
1,346405.3,0.0,0.0,4580124.55,4926529.86,0
1,128399.45,0.0,0.0,4107828.27,4236227.72,0
1,287398.71,0.0,0.0,435355.34,722754.06,0
1,210710.62,523.0,0.0,122388.01,333098.63,0
1,256974.58,0.0,0.0,19704315.96,19961290.54,0
1,122653.87,0.0,0.0,4061495.08,4184148.95,0
1,50114.84,0.0,0.0,3386315.61,3436430.46,0
0,169357.6,30889.0,0.0,131410.05,300767.64,0
1,429301.26,0.0,0.0,502244.32,931545.58,0
1,97137.63,0.0,0.0,132929.17,230066.8,0
1,366992.86,0.0,0.0,8107739.17,8567062.97,0
1,396506.41,0.0,0.0,3310183.72,3706690.13,0
1,203482.61,506.41,0.0,362829.72,566312.33,0
1,84056.58,0.0,0.0,1116210.93,1200267.51,0
0,356901.87,0.0,0.0,563172.68,920074.55,0
1,71125.77,0.0,0.0,10793767.7,10864893.47,0
1,212697.72,72854.0,0.0,517786.0,890583.07,0
1,21975.17,42898.0,20922.83,742672.88,764648.05,0
1,453316.71,52298.0,0.0,1791281.18,2244597.89,0
1,110173.0,0.0,0.0,945626.8,1055799.8,0
0,167627.4,17757.0,0.0,0.0,167627.4,0
1,144800.77,90146.06,0.0,201563.71,346364.48,0
1,129555.23,154204.96,24649.73,1030256.26,1159811.49,0
1,80765.83,43331.0,0.0,0.0,80765.83,0
1,101294.34,0.0,0.0,910241.24,1011535.58,0
1,275363.81,49577.0,0.0,198532.37,473896.18,0
0,449736.0,0.0,0.0,724465.67,1174201.67,0
1,582304.39,45567.0,0.0,420626.8,1452233.72,0
1,203354.14,0.0,0.0,437936.37,641290.51,0
1,201920.28,0.0,0.0,1081603.52,1703001.21,0
0,373070.34,10541.0,0.0,6897294.66,7270365.0,0
1,454275.77,31754.0,0.0,339698.99,793974.77,0
0,297777.81,42.0,0.0,0.0,297777.81,0
1,64917.9,549.0,0.0,432499.58,497417.48,0
1,343994.08,11042.0,0.0,558882.87,902876.94,0
0,2395054.35,0.0,0.0,9682697.73,12077752.09,0
1,466158.43,1267.0,0.0,66776.94,532935.38,0
1,183321.16,0.0,0.0,2164790.9,2348112.06,0
1,91275.44,11202.0,0.0,1028293.87,1119569.31,0
0,1761420.85,117.0,0.0,0.0,1761420.85,0
1,19269.4,102623.0,83353.6,363629.98,382899.38,0
0,406428.4,0.0,0.0,413192.1,819620.5,0
1,365879.46,100244.0,0.0,34001.22,399880.68,0
0,82326.44,22381.0,0.0,0.0,82326.44,0
1,278752.32,20441.0,0.0,796738.57,1075490.89,0
1,121148.91,718.0,0.0,429349.26,550498.17,0
1,172474.14,167611.0,0.0,3856441.94,4028916.08,0
1,219411.33,71.0,0.0,463849.08,683260.42,0
1,122512.83,0.0,0.0,1048218.45,1170731.28,0
1,128648.58,11311.0,0.0,209726.2,338374.78,0
1,311871.87,0.0,0.0,1398031.44,1709903.31,0
1,206744.66,0.0,0.0,629879.41,836624.07,0
1,87385.06,0.0,0.0,182084.19,269469.25,0
1,223467.89,20603.0,0.0,0.0,223467.89,0
1,228942.88,414148.24,185205.36,305521.85,1080257.05,0
1,107626.54,84600.0,0.0,95985.62,203612.17,0
1,85295.23,30729.0,0.0,0.0,85295.23,0
1,47683.98,0.0,0.0,292125.7,339809.68,0
1,209018.47,0.0,0.0,6578872.72,6787891.19,0
1,297340.92,202064.0,0.0,73399.78,370740.7,0
1,53475.22,25727.0,0.0,57088.52,110563.74,0
1,349527.46,0.0,0.0,366958.09,716485.55,0
1,666542.08,36385.0,0.0,862524.41,1529066.49,0
1,190692.84,0.0,0.0,1837783.5,2028476.35,0
1,16779.87,0.0,0.0,100993.36,117773.23,0
1,14470.42,5589.0,0.0,0.0,14470.42,0
1,167247.0,10479.0,0.0,391676.24,558923.23,0
1,182672.85,2234.0,0.0,310978.1,493650.94,0
1,143510.92,0.0,0.0,3453767.86,3597278.78,0
1,120511.33,6410.0,0.0,121308.85,241820.18,0
1,131048.48,159516.0,28467.52,0.0,131048.48,0
1,204799.3,4052.0,0.0,91288.34,296087.64,0
0,292271.87,0.0,0.0,6426689.47,6718961.34,0
1,182867.92,0.0,0.0,831334.69,1014202.61,0
0,245219.13,50745.55,0.0,5534615.61,5779834.74,0
1,302222.52,0.0,0.0,347686.51,649909.03,0
0,10000000.0,12366.0,0.0,0.0,16386542.99,0
1,86226.1,0.0,0.0,12262845.0,12349071.1,0
1,107552.88,91042.0,0.0,0.0,107552.88,0
1,59381.12,5031.0,0.0,0.0,59381.12,0
1,139302.68,0.0,0.0,7334034.9,7473337.58,0
1,259744.05,104399.0,0.0,0.0,259744.05,0
0,202994.96,0.0,0.0,2473095.63,2469213.28,0
1,54540.26,0.0,0.0,15748696.71,15803236.97,0
1,332958.99,484889.0,151930.01,0.0,332958.99,0
1,160766.93,14801.0,0.0,846432.09,1007199.02,0
1,5807.32,16850.76,11043.44,706133.13,711940.45,0
1,240687.97,0.0,0.0,2120267.01,2360954.98,0
1,68235.47,0.0,0.0,151594.87,219830.34,0
0,354663.39,0.0,0.0,1327638.28,1839515.31,0
1,139899.36,0.0,0.0,730159.41,870058.77,0
1,55850.66,0.0,0.0,882643.79,938494.45,0
1,28582.5,0.0,0.0,146843.19,175425.69,0
1,133380.85,0.0,0.0,417963.91,551344.76,0
1,41065.06,5650.0,0.0,156569.49,197634.54,0
1,412065.9,32391.85,0.0,4363336.74,4775402.63,0
0,1295368.22,0.0,0.0,3418900.03,4714268.25,0
1,22050.15,0.0,0.0,139148.28,161198.43,0
0,1463349.26,10056.0,0.0,0.0,1463349.26,0
0,429741.2,0.0,0.0,835022.52,1264763.72,0
1,59134.5,9612.0,0.0,71589.23,130723.73,0
0,390099.45,0.0,0.0,6059800.23,6449899.67,0
1,65087.4,0.0,0.0,214565.66,279653.06,0
1,346970.21,6985.0,0.0,1981503.99,2328474.2,0
0,325769.53,0.0,0.0,1838433.97,2164203.5,0
1,118241.74,37301.0,0.0,29359.41,147601.16,0
1,400489.39,147382.0,0.0,0.0,400489.39,0
1,200889.12,33881.0,0.0,2857137.94,3058027.06,0
1,99584.66,20518.0,0.0,0.0,99584.66,0
1,230054.33,0.0,0.0,673335.39,903389.72,0
1,107914.3,8424.0,0.0,85087.05,193001.35,0
1,79785.21,971.0,0.0,36290.79,116076.0,0
1,133756.17,0.0,0.0,911874.57,1045630.75,0
1,54031.52,0.0,0.0,347384.55,401416.07,0
1,340995.98,49413.0,0.0,418372.21,759368.19,0
1,206603.07,0.0,0.0,5136011.82,5342614.89,0
1,376267.12,198.0,0.0,0.0,376267.12,0
1,36643.52,16345.0,0.0,0.0,36643.52,0
1,69274.07,22370.0,0.0,1070688.98,1139963.05,0
1,69427.71,194260.0,124832.29,13307.46,82735.17,0
1,399066.77,16707.0,0.0,0.0,399066.77,0
1,133781.01,181.0,0.0,412594.57,546375.59,0
1,12567.2,0.0,0.0,106357.1,118924.3,0
1,105002.34,220151.0,115148.66,0.0,105002.34,0
1,327450.31,0.0,0.0,599020.77,926471.08,0
1,78890.57,0.0,0.0,2568104.44,2646995.01,0
1,26578.19,106135.0,79556.81,0.0,26578.19,0
1,200697.9,97014.0,0.0,256829.18,457527.09,0
1,10206.51,179206.38,168999.87,5934472.99,5944679.5,0
0,256780.17,0.0,0.0,693442.1,950222.27,0
1,214747.97,29729.0,0.0,158225.25,372973.22,0
1,316356.17,0.0,0.0,370749.04,687105.22,0
1,740877.16,335265.0,0.0,559506.4,1300383.56,0
1,37305.73,119522.35,82216.63,4459579.17,4496884.89,0
1,91324.28,31345.0,0.0,0.0,91324.28,0
1,254071.81,0.0,0.0,482688.18,736759.99,0
1,172541.57,17666.0,0.0,100777.18,273318.75,0
1,28206.09,70795.0,42588.91,0.0,28206.09,0
1,198945.41,31218.0,0.0,0.0,198945.41,0
1,228893.99,1054624.28,825730.29,0.0,228893.99,0
1,394175.5,0.0,0.0,1262565.68,1656741.18,0
1,60979.24,0.0,0.0,483279.94,544259.18,0
1,148228.75,66629.0,0.0,86874.51,235103.26,0
1,130348.9,18628.0,0.0,1199109.25,1329458.15,0
1,5740.43,0.0,0.0,94688.54,100428.96,0
1,55492.34,0.0,0.0,156219.81,211712.15,0
1,29159.92,20324.0,0.0,405243.16,434403.08,0
1,31412.18,0.0,0.0,3855175.26,3886587.45,0
1,16473.14,522.0,0.0,0.0,0.0,0
1,24627.3,0.0,0.0,6673257.37,6697884.67,0
1,14963.06,18848.0,3884.94,0.0,14963.06,0
1,224388.95,102675.0,0.0,8833.69,233222.64,0
1,19084.72,301273.42,282188.71,861066.33,880151.05,0
1,181688.15,0.0,0.0,299614.97,481303.12,0
0,3048237.65,0.0,0.0,12682307.73,15730545.38,0
1,59175.13,0.0,0.0,587914.47,647089.6,0
1,472538.98,0.0,0.0,795838.67,1268377.66,0
1,16101.89,0.0,0.0,90949.84,107051.73,0
1,24203.62,9166.0,0.0,8006129.42,8192577.85,0
1,170335.74,10874.0,0.0,880344.25,1050679.99,0
0,227998.41,8085.0,0.0,2106098.61,2334097.02,0
0,1865232.16,117731.0,0.0,0.0,1865232.16,0
1,30870.34,180.0,0.0,155067.78,185938.12,0
1,194010.38,0.0,0.0,2258173.28,2452183.66,0
1,618961.73,330908.33,0.0,7223466.04,7842427.77,0
0,219034.61,0.0,0.0,860123.39,1079157.99,0
1,67675.55,0.0,0.0,100947.46,168623.01,0
1,89933.37,0.0,0.0,203468.38,293401.75,0
1,36375.61,69767.0,33391.39,0.0,36375.61,0
1,175387.64,0.0,0.0,176169.74,351557.39,0
1,363910.39,12547.0,0.0,269196.26,633106.65,0
1,36775.75,0.0,0.0,729482.78,766258.53,0
1,120094.84,7374.0,0.0,105670.65,225765.49,0
1,14670.74,0.0,0.0,64912.36,79583.1,0
1,80933.91,0.0,0.0,799233.8,880167.71,0
1,94724.98,0.0,0.0,204346.39,125160.28,0
0,564912.95,0.0,0.0,668864.28,1233777.22,0
1,139933.44,0.0,0.0,1558071.19,1698004.63,0
1,19758.52,0.0,0.0,6530999.3,6550757.82,0
1,169005.31,148.0,0.0,3054270.49,3223275.8,0
1,435392.58,417659.0,0.0,400528.62,835921.19,0
1,303449.83,324379.0,20929.17,122227.51,425677.35,0
1,218759.49,13540.51,0.0,841839.45,1060598.94,0
1,419631.95,78641.0,0.0,77998.89,497630.84,0
1,186666.01,0.0,0.0,8327643.82,8514309.83,0
1,143602.29,37278.0,0.0,135996.51,445416.46,0
0,72417.55,417837.13,345419.58,188356.8,260774.35,0
1,209005.82,903.0,0.0,2373501.26,2860208.42,0
1,44650.35,0.0,0.0,9708670.74,9753321.09,0
1,191203.68,0.0,0.0,299796.01,490999.69,0
1,281338.07,235374.0,0.0,0.0,281338.07,0
1,152634.69,0.0,0.0,1786969.3,1939604.0,0
0,908152.16,11076.0,0.0,589238.84,1497391.0,0
1,231609.41,0.0,0.0,630231.4,861840.81,0
1,68438.95,11578.0,0.0,291235.37,359674.31,0
1,105312.51,75264.95,0.0,1043742.83,1149055.34,0
1,103619.47,0.0,0.0,882347.4,985966.87,0
1,503957.83,696806.0,192848.17,0.0,503957.83,0
1,53630.11,0.0,0.0,114676.35,168306.46,0
0,118943.44,28944.0,0.0,42110.0,0.0,0
1,165945.58,11501.0,0.0,0.0,165945.58,0
0,530854.4,0.0,0.0,1869258.03,2400112.43,0
1,225812.63,747.0,0.0,0.0,225812.63,0
0,1204736.21,12281.0,0.0,99085.35,1303821.56,0
1,61681.33,59754.0,0.0,243068.94,304750.27,0
1,55406.47,0.0,0.0,5771404.29,5826810.76,0
1,5832.93,0.0,0.0,1378043.01,1383875.93,0
1,184178.13,139771.0,0.0,6924.13,191102.27,0
1,103070.15,0.0,0.0,2046553.14,2149623.3,0
1,253184.53,0.0,0.0,821453.54,1074638.07,0
0,675972.09,0.0,0.0,2756606.87,3432578.96,0
0,418170.13,0.0,0.0,1113222.26,1531392.4,0
1,121099.26,0.0,0.0,922683.2,1201621.94,0
1,36539.74,487975.69,451435.94,1809263.89,1845803.63,0
1,161799.17,0.0,0.0,888792.26,1050591.43,0
1,231728.91,105998.0,0.0,739636.32,971365.22,0
1,210364.79,0.0,0.0,3473462.09,3683826.88,0
1,4804.75,0.0,0.0,1519004.22,1523808.96,0
0,1791702.21,0.0,0.0,5100911.05,6892613.26,0
1,333627.78,0.0,0.0,573122.06,906749.84,0
1,79194.33,69982.0,0.0,310362.12,389556.46,0
1,158472.56,42994.0,0.0,169648.41,328120.97,0
1,271113.12,0.0,0.0,282398.79,553511.91,0
1,298853.82,27121.08,0.0,355895.1,654748.92,0
1,86849.04,21008.0,0.0,188987.5,275836.54,0
1,27835.42,0.0,0.0,3890139.79,3917975.21,0
0,3700598.66,0.0,0.0,6780948.9,10481547.56,0
1,271186.57,0.0,0.0,2008711.47,2279898.03,0
1,10694.97,0.0,0.0,60450.74,71145.7,0
1,200224.65,20901.0,0.0,2753776.91,2954001.56,0
0,704859.46,63752.0,0.0,33046.19,737905.64,0
1,333984.35,74954.0,0.0,0.0,333984.35,0
1,363876.01,1080.0,0.0,1194386.52,1558262.53,0
1,333721.84,31883.0,0.0,0.0,333721.84,0
1,240155.04,193594.6,0.0,5108097.89,5348252.93,0
1,248739.46,0.0,0.0,11138585.6,11387325.06,0
1,119231.52,0.0,0.0,228214.8,347446.32,0
1,138884.15,68734.0,0.0,6809128.96,7052682.32,0
1,100156.19,133880.48,33724.29,177296.24,277452.43,0
1,63472.63,86062.0,22589.37,40742.0,104214.63,0
1,316330.74,0.0,0.0,4062145.3,4378476.05,0
1,263767.68,0.0,0.0,921219.2,1184986.87,0
1,65054.57,0.0,0.0,103522.1,168576.67,0
0,110737.85,28977.31,0.0,135170.34,245908.19,0
0,775564.23,0.0,0.0,2387541.02,3163105.25,0
1,125161.35,0.0,0.0,4457305.86,4582467.2,0
1,182146.78,12207.0,0.0,79505.93,261652.72,0
1,82516.26,11395.0,0.0,3428285.99,3510802.25,0
1,213038.39,0.0,0.0,438652.34,651690.73,0
0,1925189.1,26633.0,0.0,248828.04,2174017.14,0
1,286720.55,64936.0,0.0,148801.49,435522.04,0
0,548506.21,0.0,0.0,628061.14,1176567.35,0
1,174055.43,3802.0,0.0,1907900.78,2081956.21,0
1,81409.98,0.0,0.0,109162.75,190572.73,0
1,172492.41,245557.0,73064.59,1115769.73,1288262.14,0
1,111812.02,17005.0,0.0,12528474.96,12640286.98,0
0,349546.7,0.0,0.0,7583185.77,7932732.47,0
0,270253.04,52480.0,0.0,0.0,270253.04,0
1,259136.24,19994.0,0.0,2004979.76,2264115.99,0
1,173603.51,0.0,0.0,1166003.22,1339606.73,0
0,848806.03,165243.0,0.0,0.0,848806.03,0
1,535672.74,0.0,0.0,1039680.07,1575352.81,0
1,26242.86,0.0,0.0,721295.27,747538.12,0
0,496093.3,0.0,0.0,15182217.3,15678310.6,0
1,468590.31,21423.0,0.0,780814.45,994390.42,0
1,96345.92,10910.0,0.0,2461800.73,2661973.45,0
0,391421.43,8172.0,0.0,8478.42,399899.85,0
1,125398.6,0.0,0.0,9518574.5,9643973.1,0
0,555382.3,0.0,0.0,1479885.11,2035267.41,0
1,235966.41,0.0,0.0,2830283.07,3066249.48,0
1,115356.81,0.0,0.0,1253570.74,1368927.54,0
1,9195.57,0.0,0.0,4596046.41,4605241.98,0
1,175881.11,0.0,0.0,272796.78,448677.89,0
0,2164251.11,388.0,0.0,0.0,2164251.11,0
1,177151.61,0.0,0.0,529969.86,707121.47,0
1,198197.95,0.0,0.0,1606986.16,1805184.11,0
1,75984.15,0.0,0.0,131219.1,207203.25,0
0,12025.99,0.0,0.0,1386363.3,1398389.29,0
0,239522.38,107724.0,0.0,0.0,239522.38,0
0,125342.58,0.0,0.0,380826.22,834119.87,0
0,326286.36,0.0,0.0,787116.53,1113402.89,0
0,16260.02,9240.0,0.0,3942349.4,3958609.42,0
1,60987.66,358122.0,297134.34,1614033.12,1675020.77,0
1,19273.42,759.0,0.0,173972.4,193245.83,0
1,131328.44,510319.0,378990.56,307354.73,0.0,0
1,132807.94,21446.0,0.0,0.0,132807.94,0
1,111944.42,9999.0,0.0,811711.87,923656.29,0
1,594930.03,0.0,0.0,3177846.96,3772777.0,0
1,142317.45,4569.0,0.0,674737.64,817055.1,0
1,326702.64,6745.0,0.0,34263.47,360966.1,0
1,50742.96,0.0,0.0,397471.79,448214.75,0
1,454469.94,0.0,0.0,994400.24,1448870.18,0
1,225569.88,0.0,0.0,244661.88,470231.76,0
1,152812.58,1785.0,0.0,9948.11,162760.69,0
1,292537.8,41597.0,0.0,127177.96,419715.76,0
1,425899.06,100704.0,0.0,0.0,425899.06,0
1,24206.09,131.0,0.0,0.0,24206.09,0
1,188154.53,100771.0,0.0,29139.0,166313.69,0
1,1566057.28,1566057.28,0.0,0.0,1566057.28,1
1,23444.86,0.0,0.0,140622.9,164067.76,0
1,368432.28,100.0,0.0,699675.68,1068107.95,0
1,164917.43,0.0,0.0,25182963.41,25347880.85,0
1,186239.8,0.0,0.0,1674515.73,1860755.53,0
1,472519.48,0.0,0.0,638223.32,1110742.8,0
1,156561.32,0.0,0.0,324078.48,480639.81,0
0,172826.12,152796.0,0.0,220096.95,392923.07,0
1,120953.58,0.0,0.0,382096.1,503049.68,0
1,291701.44,314299.0,22597.56,237670.23,485384.81,0
0,370378.28,0.0,0.0,950772.33,1321150.61,0
1,12482.08,0.0,0.0,28089.55,40571.63,0
1,207368.75,99450.0,0.0,5266414.25,5473783.0,0
1,84400.43,0.0,0.0,21641405.22,21725805.64,0
1,179029.44,50709.0,0.0,0.0,179029.44,0
1,39685.2,0.0,0.0,155433.8,195119.0,0
1,54012.09,0.0,0.0,1861415.27,1915427.36,0
1,309159.85,86630.0,0.0,704469.7,1013629.55,0
0,157179.9,0.0,0.0,2869048.26,3026228.16,0
1,89667.53,51924.0,0.0,0.0,89667.53,0
1,255858.55,74266.0,0.0,0.0,264046.81,0
1,4016.92,0.0,0.0,561016.8,565033.72,0
1,290674.41,2373.0,0.0,39203.78,329878.19,0
0,2899974.16,0.0,0.0,128133371.14,131033345.3,0
1,269769.86,0.0,0.0,8677855.57,8947625.43,0
1,185088.01,13659.0,0.0,732200.1,1491009.36,0
0,1061322.5,0.0,0.0,5308799.27,6370121.77,0
1,288590.27,0.0,0.0,2314551.11,2603141.37,0
1,114677.47,11233.0,0.0,0.0,114677.47,0
1,333027.99,0.0,0.0,2578771.59,2719094.12,0
1,167470.76,101144.0,0.0,0.0,167470.76,0
1,63812.25,0.0,0.0,2731619.13,2795431.38,0
1,282323.74,0.0,0.0,439163.56,721487.29,0
0,1093712.92,0.0,0.0,1146406.32,2240119.24,0
1,45433.61,0.0,0.0,802089.9,847523.51,0
1,310032.59,0.0,0.0,315077.97,625110.56,0
1,82580.96,86411.0,3830.04,0.0,82580.96,0
1,132588.12,0.0,0.0,2103742.82,2236330.94,0
0,134020.42,0.0,0.0,3199758.07,3333778.49,0
0,615129.94,0.0,0.0,964126.02,1579255.96,0
1,19587.42,0.0,0.0,121448.01,141035.42,0
1,44493.37,0.0,0.0,86314.12,130807.49,0
0,186298.51,0.0,0.0,314193.67,500492.18,0
0,223780.88,104966.0,0.0,346127.63,569908.51,0
0,2143718.6,808.0,0.0,890967.59,3034686.18,0
1,228959.84,0.0,0.0,4227363.53,4456323.38,0
1,204015.34,0.0,0.0,422118.21,626133.55,0
1,220431.18,0.0,0.0,391219.89,611651.07,0
1,37083.55,5728.0,0.0,86716.63,123800.18,0
1,195805.12,0.0,0.0,558365.49,754170.61,0
1,156209.54,0.0,0.0,457959.17,614168.71,0
1,205923.03,42051.0,0.0,388.67,206311.7,0
0,685830.2,0.0,0.0,700345.05,387867.59,0
1,9698.47,218842.0,209143.53,154773.35,164471.81,0
1,291005.74,30597.0,0.0,2227145.33,2518151.07,0
0,30329.08,136364.35,106035.27,1661032.4,1691361.48,0
1,198774.06,69542.0,0.0,0.0,198774.06,0
1,24804.02,0.0,0.0,627133.84,651937.85,0
1,62192.39,167.0,0.0,0.0,62192.39,0
1,61567.34,12623.0,0.0,0.0,61567.34,0
1,2314.11,0.0,0.0,611314.11,613628.22,0
1,240817.95,0.0,0.0,1470539.66,1711357.6,0
1,215089.62,0.0,0.0,1396141.1,1611230.71,0
0,50131.4,200409.0,150277.6,143412.71,193544.11,0
1,12982.61,12544.0,0.0,119754.96,132737.57,0
1,52583.45,0.0,0.0,6186322.05,6238905.5,0
1,52447.85,21322.0,0.0,0.0,52447.85,0
1,158353.6,49514.0,0.0,64542.9,222896.51,0
1,339064.87,37548.0,0.0,177083.97,516148.85,0
1,101663.73,0.0,0.0,334818.63,436482.36,0
0,700958.14,0.0,0.0,2278625.53,2979583.67,0
1,137583.23,0.0,0.0,5181900.19,5319483.42,0
1,739271.47,941916.0,202644.53,543295.18,1282566.65,0
1,153577.93,455522.0,301944.07,329130.38,482708.31,0
1,124765.99,90118.0,0.0,4101127.65,4821960.07,0
0,437127.45,11669.0,0.0,619403.11,1056530.56,0
1,458638.62,0.0,0.0,689967.48,1148606.1,0
1,110295.52,283.0,0.0,129237.0,239532.52,0
1,149866.26,103820.0,0.0,122117.43,271983.69,0
1,129639.16,45477.0,0.0,0.0,129639.16,0
1,323697.35,26316.33,0.0,431449.88,755147.23,0
1,144938.01,10224.0,0.0,1515858.75,1660796.76,0
1,111956.05,0.0,0.0,193657.96,305614.01,0
1,163071.85,0.0,0.0,5193463.66,5356535.52,0
0,583184.33,188.0,0.0,195596.57,778780.9,0
1,220620.47,0.0,0.0,762852.25,983472.73,0
1,7716.34,0.0,0.0,8342.23,16058.57,0
1,303284.73,0.0,0.0,1442560.61,1745845.34,0
1,197666.85,9922.0,0.0,452259.77,649926.62,0
1,39747.71,17715.0,0.0,1518673.39,1625312.65,0
1,186537.65,0.0,0.0,204993.09,391530.75,0
1,49439.34,0.0,0.0,3243044.85,3292484.19,0
1,123699.09,44860.0,0.0,109045.45,232744.54,0
0,128718.59,128718.59,0.0,0.0,0.0,1
0,406503.52,0.0,0.0,923013.01,1329516.53,0
1,211489.65,0.0,0.0,2677415.33,2888904.98,0
1,151698.26,0.0,0.0,2608809.71,2760507.97,0
0,1091215.26,0.0,0.0,2387929.25,3479144.51,0
1,223632.67,283390.0,59757.33,0.0,223632.67,0
1,270074.23,0.0,0.0,415548.3,685622.53,0
1,371587.1,0.0,0.0,465172.01,836759.11,0
1,45093.28,0.0,0.0,1293738.29,1338831.57,0
1,121353.26,30588.0,0.0,3891048.66,4012401.92,0
1,290617.87,0.0,0.0,1105971.35,1396589.22,0
1,156699.06,11796.81,0.0,348974.72,345906.89,0
1,260727.33,1414.0,0.0,1109353.37,1370080.71,0
1,61057.41,19874.63,0.0,2751297.27,2812354.68,0
0,1008772.44,0.0,0.0,1909889.13,2918661.57,0
1,185077.43,0.0,0.0,1361016.53,1546093.96,0
1,33446.09,21062.0,0.0,0.0,33446.09,0
0,138978.76,5061.0,0.0,3952857.29,5499207.52,0
1,84025.27,0.0,0.0,213010.57,297035.84,0
0,286972.94,20398.0,0.0,227327.52,514300.46,0
0,1485225.94,0.0,0.0,13948384.79,15433610.73,0
1,67865.69,0.0,0.0,1564440.38,1632306.07,0
1,9235.57,18505.0,9269.43,34301.19,43536.77,0
0,122398.92,0.0,0.0,234987.32,357386.24,0
1,78641.25,35719.0,0.0,299238.14,377879.39,0
1,428905.5,162326.27,0.0,671433.67,1100339.17,0
1,20470.78,91897.0,71426.22,419494.86,439965.64,0
1,253951.04,659343.0,405391.96,802938.29,1139309.02,0
1,507286.2,60804.0,0.0,9456561.12,9963847.32,0
1,110567.34,0.0,0.0,327291.19,437858.53,0
1,194029.62,0.0,0.0,437106.19,631135.81,0
1,200492.72,0.0,0.0,5367098.14,5567590.86,0
1,206921.05,20782.0,0.0,297840.4,504761.45,0
1,1725.84,74533.0,72807.16,50188.26,51914.1,0
1,531889.0,187534.0,0.0,0.0,531889.0,0
0,351388.11,251561.0,0.0,251481.77,602869.89,0
1,7190.19,0.0,0.0,171528.37,178718.57,0
1,142818.12,20210.0,0.0,265878.31,535484.47,0
0,7246839.06,0.0,0.0,13003407.49,20250246.55,0
1,91770.54,10692.0,0.0,56461.94,148232.48,0
1,161941.22,0.0,0.0,1635929.18,1797870.4,0
1,347913.4,14956.0,0.0,45198.0,393111.39,0
1,469453.83,6192.0,0.0,0.0,469453.83,0
1,94978.33,11666.0,0.0,0.0,94978.33,0
1,36510.63,44728.0,8217.37,0.0,36510.63,0
1,161770.23,31208.0,0.0,1579108.17,1740878.4,0
1,280969.1,0.0,0.0,1279363.21,1560332.31,0
1,291613.59,0.0,0.0,3882291.36,4173904.95,0
1,178279.78,2684.0,0.0,0.0,178279.78,0
1,94023.53,0.0,0.0,639803.84,733827.37,0
1,45752.61,72407.0,26654.39,0.0,45752.61,0
1,61681.54,10108.0,0.0,0.0,61681.54,0
1,152755.42,0.0,0.0,158168.34,310923.76,0
1,241746.83,0.0,0.0,312594.54,554341.37,0
1,31227.39,2242.0,0.0,316824.76,521573.78,0
1,128724.56,0.0,0.0,964534.25,1093258.81,0
1,164742.93,6711.0,0.0,85149.56,249892.49,0
1,37853.28,27750.0,0.0,0.0,37853.28,0
1,372787.41,49.0,0.0,0.0,399097.19,0
1,144441.19,3821.0,0.0,0.0,144441.19,0
1,55608.71,45635.0,0.0,4091436.8,4147045.51,0
1,107149.93,0.0,0.0,166482.57,273632.5,0
0,419769.97,0.0,0.0,824252.58,1244022.55,0
1,136517.84,39976.0,0.0,0.0,136517.84,0
1,529632.36,14531.0,0.0,1590687.41,2120319.76,0
0,362837.15,362837.15,0.0,0.0,0.0,1
1,94782.72,0.0,0.0,30145675.78,30240458.5,0
1,41983.34,253653.79,211670.44,382832.6,424815.95,0
1,41381.35,32117.0,0.0,108952.32,150333.67,0
1,472304.72,27801.0,0.0,805107.75,1277412.46,0
1,66492.15,12217.0,0.0,9361.16,75853.32,0
1,110378.39,0.0,0.0,806640.41,917018.8,0
1,147599.5,0.0,0.0,1065780.94,1213380.44,0
1,229699.58,40897.0,0.0,436509.25,891067.22,0
1,380114.34,4225.0,0.0,84693.91,464808.25,0
1,116316.13,65546.0,0.0,0.0,116316.13,0
0,305693.79,6179.0,0.0,171878.96,477572.75,0
1,26689.08,151137.0,124447.92,88455.93,115145.0,0
1,201255.99,6250.0,0.0,107502.08,308758.08,0
1,129184.52,0.0,0.0,357800.58,486985.1,0
1,50797.68,0.0,0.0,162259.7,213057.38,0
1,271200.66,50220.0,0.0,0.0,271200.66,0
1,164604.1,0.0,0.0,602281.3,766885.4,0
1,88829.18,381.0,0.0,723900.22,812729.4,0
1,162647.58,0.0,0.0,189405.73,352053.31,0
0,303419.46,0.0,0.0,1077304.1,1380723.57,0
1,225411.55,0.0,0.0,331723.88,557135.43,0
1,88290.08,40936.94,0.0,1708133.08,1796423.16,0
0,347500.71,0.0,0.0,484549.74,832050.46,0
1,39602.51,5487.0,0.0,1314615.77,1354218.29,0
1,417494.39,103914.0,0.0,1241327.88,1658822.27,0
1,177689.41,52738.0,0.0,0.0,177689.41,0
0,924405.44,0.0,0.0,7710692.38,8635097.82,0
1,145268.21,0.0,0.0,150659.46,295927.66,0
1,24350.35,107.0,0.0,474848.62,499198.97,0
0,425589.33,0.0,0.0,2822050.17,3247639.49,0
1,109850.54,0.0,0.0,283958.67,393809.21,0
1,388773.71,0.0,0.0,830866.19,1219639.9,0
1,118914.31,71390.2,0.0,1520951.79,855838.66,0
1,67074.43,47746.0,0.0,638789.19,705863.62,0
1,35393.97,0.0,0.0,80228.71,115622.69,0
1,234108.42,21181.0,0.0,701326.92,935435.34,0
1,248516.96,0.0,0.0,2477615.33,2726132.29,0
0,139011.02,0.0,0.0,202432.55,341443.57,0
1,73587.51,11435.0,0.0,17868.41,91455.92,0
1,257279.46,167440.0,0.0,1429213.73,1686493.19,0
1,576871.18,6776.0,0.0,1240048.01,1816919.2,0
0,577945.33,0.0,0.0,852397.66,1430342.98,0
1,40328.6,30447.0,0.0,8289922.7,8330251.3,0
1,332318.9,0.0,0.0,14536037.57,14868356.47,0
1,163939.57,1048.0,0.0,1180335.57,1344275.14,0
0,974872.68,524.0,0.0,206516.47,1181389.15,0
1,144691.37,0.0,0.0,145312.58,290003.95,0
0,284270.19,7108.0,0.0,186642.85,470913.04,0
0,91579.58,22216.0,0.0,6502473.4,6594052.98,0
1,497154.46,169093.0,0.0,4414349.13,4911503.59,0
0,322898.57,31627.0,0.0,269143.2,592041.78,0
1,258714.82,0.0,0.0,300704.83,559419.65,0
1,53748.26,401007.75,347259.48,74549.45,128297.71,0
1,125943.2,24783.0,0.0,3219165.73,3345108.93,0
1,149483.87,49532.0,0.0,19376.76,168860.63,0
1,241273.02,0.0,0.0,376133.85,617406.86,0
1,91757.96,24338.0,0.0,243224.66,334982.62,0
0,78532.24,0.0,0.0,10664299.31,10742831.55,0
1,271442.49,63310.0,0.0,0.0,271442.49,0
1,179612.92,0.0,0.0,9415687.8,9595300.72,0
1,128031.61,41817.0,0.0,12925068.72,13053100.33,0
1,324352.39,642.0,0.0,0.0,324352.39,0
1,174369.29,70039.0,0.0,1645677.07,1820046.35,0
1,171345.29,0.0,0.0,1435257.24,1606602.53,0
0,63099.96,75859.61,12759.65,673084.5,736184.46,0
0,198276.95,0.0,0.0,1089294.16,1287571.11,0
1,144213.58,164.0,0.0,812230.65,956444.23,0
0,188234.51,0.0,0.0,380495.04,568729.56,0
1,123800.16,30072.0,0.0,601742.32,725542.48,0
0,1136021.72,0.0,0.0,2607995.59,3744017.31,0
1,163848.92,1520.0,0.0,0.0,163848.92,0
1,26649.96,0.0,0.0,272748.53,299398.49,0
1,134856.0,188418.0,53562.0,79963.96,214819.96,0
1,52270.51,1265.0,0.0,120203.72,172474.23,0
1,313327.55,80079.0,0.0,232408.24,545735.79,0
1,150642.75,353.0,0.0,1331188.61,1481831.37,0
0,34678.85,0.0,0.0,1243926.07,1278604.92,0
1,22904.37,0.0,0.0,1074118.97,1254345.28,0
1,114451.13,0.0,0.0,1611524.1,1725975.24,0
1,44050.63,146.0,0.0,61930.1,105980.73,0
1,136445.91,0.0,0.0,5296436.33,5552989.38,0
1,85359.19,0.0,0.0,1723573.74,1808932.93,0
1,95379.56,9761.0,0.0,1634955.53,1730335.09,0
1,353400.17,419.0,0.0,309456.14,662856.31,0
1,157786.04,1985.0,0.0,6076.0,0.0,0
1,241302.0,0.0,0.0,267711.98,509013.98,0
1,150499.71,9442.0,0.0,235126.02,385625.74,0
1,206912.99,202287.77,0.0,5483444.78,5690357.77,0
1,82360.96,6069.0,0.0,0.0,82360.96,0
0,52475.95,0.0,0.0,589601.74,642077.69,0
1,337532.06,1063.0,0.0,187948.65,525480.71,0
1,91100.25,84938.0,0.0,0.0,91100.25,0
1,246425.69,24306.0,0.0,0.0,246425.69,0
1,82826.03,49126.0,0.0,0.0,82826.03,0
1,298987.76,15123.0,0.0,0.0,298987.76,0
1,288987.47,0.0,0.0,4032527.0,4321514.47,0
1,195358.85,4584.0,0.0,0.0,195358.85,0
1,178187.8,0.0,0.0,11834413.05,12012600.85,0
1,12340.6,0.0,0.0,144769.93,157110.54,0
1,57804.34,24669.0,0.0,26260.74,0.0,0
1,137156.04,123086.0,0.0,8787815.55,8924971.59,0
1,322158.69,88993.0,0.0,402719.64,724878.33,0
1,33790.74,0.0,0.0,1518056.79,1551847.53,0
1,240560.03,5030.0,0.0,0.0,96562.21,0
1,51407.78,21072.0,0.0,401731.38,453139.15,0
0,169021.69,42897.0,0.0,2243761.6,2412783.3,0
1,71769.6,0.0,0.0,4723636.09,4795405.69,0
1,18285.81,82145.0,63859.19,0.0,18285.81,0
0,192447.59,189041.0,0.0,0.0,192447.59,0
0,535487.66,0.0,0.0,2703530.3,3239017.97,0
1,38630.38,16821.0,0.0,129950.75,168581.13,0
1,60625.63,21554.0,0.0,88556.87,149182.5,0
1,84849.36,0.0,0.0,1660080.93,1744930.28,0
1,15219.55,15678.0,458.45,250255.45,275636.99,0
1,391562.43,882.0,0.0,40702.44,192184.12,0
1,92937.78,3215.0,0.0,19080.84,112018.62,0
1,92904.2,0.0,0.0,2313612.62,2406516.82,0
1,482926.11,0.0,0.0,3463558.0,3946484.11,0
1,56959.71,0.0,0.0,1850515.65,1907475.37,0
1,160689.14,20058.0,0.0,250739.25,411428.39,0
0,1173464.75,315281.0,0.0,0.0,1173464.75,0
1,392162.72,457.0,0.0,584591.07,976753.79,0
1,298694.49,93779.59,0.0,1141274.99,1439969.49,0
1,249596.55,12.0,0.0,0.0,249596.55,0
1,84403.87,0.0,0.0,1125653.41,1210057.27,0
1,146455.13,423936.32,277481.19,234234.35,380689.48,0
1,55002.93,0.0,0.0,791863.11,846866.04,0
1,64937.39,10918.0,0.0,129632.18,196787.8,0
1,148028.34,16927.0,0.0,476189.2,624217.54,0
1,606840.01,239598.47,0.0,281102.21,887942.22,0
1,14729.11,0.0,0.0,205836.88,220565.99,0
1,320436.84,0.0,0.0,957452.3,1277889.14,0
1,117573.04,0.0,0.0,153313.33,270886.36,0
1,19760.26,103776.0,84015.74,0.0,19760.26,0
0,319064.24,234.0,0.0,3692511.45,4011575.69,0
1,70081.16,0.0,0.0,139634.89,209716.05,0
1,149393.17,0.0,0.0,855005.15,1004398.33,0
1,68248.11,447.0,0.0,3768663.7,3836911.81,0
1,249424.48,0.0,0.0,776179.45,1025603.94,0
0,1504176.71,0.0,0.0,2699333.7,6151163.06,0
0,277962.91,99858.41,0.0,5873196.75,6151159.66,0
1,181725.92,10928.0,0.0,3687507.92,3869233.84,0
1,331716.59,59493.0,0.0,2317365.79,2649082.38,0
1,206926.45,0.0,0.0,3254307.19,3461233.65,0
1,10683.81,0.0,0.0,174963.57,185647.38,0
1,68618.89,224.0,0.0,0.0,68618.89,0
1,331428.85,22130.89,0.0,1039460.82,1370889.66,0
1,146229.15,8123.0,0.0,3276210.54,3422439.7,0
1,302683.71,0.0,0.0,5127542.13,5430225.84,0
1,193292.27,0.0,0.0,1597053.12,1790345.39,0
1,189627.67,21031.0,0.0,0.0,189627.67,0
1,218761.51,11120.0,0.0,2338626.13,2557387.64,0
1,184858.12,99790.0,0.0,4126413.81,4311271.92,0
0,688696.89,0.0,0.0,4520996.14,5209693.02,0
0,506594.84,0.0,0.0,864134.93,1370729.78,0
1,9542.59,49703.0,40160.41,18136.0,27678.59,0
0,1693062.37,195231.0,0.0,255283.07,1948345.43,0
1,143485.65,90325.0,0.0,0.0,325066.03,0
1,101797.64,39.0,0.0,273292.08,375089.72,0
1,315485.96,0.0,0.0,9399119.25,9714605.2,0
1,103430.79,2168.0,0.0,424182.11,527612.9,0
1,207820.49,193291.58,0.0,1858732.99,2066553.49,0
1,80671.22,0.0,0.0,215004.48,295675.7,0
1,110359.96,0.0,0.0,2438575.67,2548935.63,0
1,446.79,0.0,0.0,1647309.68,1647756.47,0
1,15625.57,19899.0,4273.43,106463.15,122088.72,0
1,143379.16,22429.0,0.0,928045.95,1071425.11,0
0,1472209.1,61498.0,0.0,154539.85,1626748.95,0
1,86585.59,0.0,0.0,18099329.17,18185914.76,0
0,3598459.61,49759.0,0.0,146186.61,3744646.22,0
1,31174.79,8135.0,0.0,0.0,31174.79,0
1,55857.72,571480.47,515622.76,16261.79,72119.51,0
1,143899.36,428.0,0.0,947412.44,1091311.8,0
1,279463.5,0.0,0.0,762367.6,1041831.1,0
1,1324.56,0.0,0.0,132547.06,133871.62,0
1,146436.13,0.0,0.0,1105849.65,1252285.78,0
1,289369.21,41853.0,0.0,536005.06,825374.27,0
1,215451.29,21608.0,0.0,0.0,215451.29,0
1,214792.87,0.0,0.0,9197621.93,9412414.79,0
1,11902.0,0.0,0.0,122292.51,134194.51,0
1,230833.44,70521.98,0.0,1893998.94,2124832.39,0
1,153034.72,0.0,0.0,707100.63,860135.36,0
1,309466.0,0.0,0.0,370583.71,680049.71,0
1,72269.03,0.0,0.0,1258385.89,1330654.92,0
1,238282.61,0.0,0.0,4065593.21,4303875.82,0
1,51418.93,0.0,0.0,744675.3,796094.22,0
1,363395.11,0.0,0.0,1377544.68,1740939.79,0
0,2304253.02,180483.0,0.0,901262.83,3205515.85,0
1,106902.91,0.0,0.0,283427.41,390330.32,0
1,193481.5,0.0,0.0,235215.84,428697.34,0
0,385190.3,0.0,0.0,865244.47,1250434.76,0
1,152758.72,5079.0,0.0,0.0,152758.72,0
1,106691.97,0.0,0.0,241603.25,348295.22,0
1,205275.84,15939.0,0.0,174468.98,379744.82,0
1,204656.09,0.0,0.0,570317.98,774974.06,0
1,336556.49,10600.0,0.0,0.0,336556.49,0
1,347528.3,0.0,0.0,775885.17,1123413.47,0
1,259524.94,207283.0,0.0,0.0,259524.94,0
1,125799.13,157920.0,32120.87,0.0,125799.13,0
1,159260.54,317886.0,158625.46,1527096.49,1686357.03,0
1,57017.09,0.0,0.0,432089.64,489106.74,0
1,132583.73,9928.0,0.0,251015.72,383599.44,0
1,46342.52,236734.0,190391.48,2126802.72,2173145.24,0
0,1442173.6,5676.0,0.0,16795037.78,18237211.38,0
1,40106.5,0.0,0.0,52236.77,64249.54,0
0,1507430.94,60552.0,0.0,0.0,1507430.94,0
1,237877.52,9039.0,0.0,0.0,237877.52,0
0,711729.86,170841.0,0.0,341965.0,1053694.86,0
1,28539.93,0.0,0.0,1751823.61,1835542.9,0
0,252297.34,10279.0,0.0,0.0,252297.34,0
1,51739.02,70154.0,18414.98,12420552.94,12472291.96,0
1,204551.07,0.0,0.0,2463768.15,2668319.22,0
1,288075.84,6167.0,0.0,822.0,288897.84,0
1,86077.65,0.0,0.0,469396.55,555474.2,0
1,237617.16,0.0,0.0,2976753.14,3214370.3,0
0,197034.78,14587.0,0.0,0.0,197034.78,0
1,11641.14,0.0,0.0,868794.4,880435.54,0
1,257854.08,0.0,0.0,16189300.22,16447154.3,0
0,39588.42,5901.0,0.0,64363.39,103951.81,0
1,164007.82,237239.98,73232.16,498006.23,831526.56,0
1,16149.55,0.0,0.0,93901.65,110051.2,0
1,200892.24,506.0,0.0,7959090.14,8061240.36,0
1,158960.0,1136.0,0.0,1004470.77,1163430.77,0
0,1174134.83,181.0,0.0,2584334.68,3758469.5,0
0,759990.21,0.0,0.0,1812160.94,2572151.15,0
1,140400.31,0.0,0.0,1848952.73,1989353.04,0
1,139421.96,12083.0,0.0,221448.85,360870.81,0
1,283388.49,84673.0,0.0,149622.93,433011.43,0
1,99664.39,0.0,0.0,1958442.53,2058106.92,0
0,720193.55,90690.0,0.0,304165.68,1024359.24,0
1,136687.16,255970.55,119283.39,431440.42,568127.58,0
1,29683.88,0.0,0.0,4896568.21,4926252.09,0
1,76857.54,0.0,0.0,169569.82,246427.36,0
1,65464.21,0.0,0.0,570756.85,636221.05,0
1,100652.15,0.0,0.0,4512967.91,4613620.06,0
1,1653.85,6060.0,4406.15,0.0,1653.85,0
0,1601643.89,11289.24,0.0,1730515.88,3332159.77,0
1,5229.71,0.0,0.0,814322.0,819551.71,0
1,314020.74,5220.0,0.0,0.0,314020.74,0
1,222217.72,0.0,0.0,316134.51,538352.23,0
1,49934.77,0.0,0.0,5577497.21,5627431.98,0
0,177961.2,3855.0,0.0,0.0,177961.2,0
1,50916.72,380940.0,330023.28,14534.0,0.0,0
1,131748.34,418516.0,286767.66,30940.12,162688.45,0
1,200261.01,294.0,0.0,0.0,200261.01,0
1,18531.81,10968.0,0.0,0.0,18531.81,0
1,58046.67,0.0,0.0,5779458.04,5837504.72,0
1,85000.44,9948.0,0.0,372449.54,457449.98,0
1,317573.64,0.0,0.0,984263.46,1301837.1,0
1,207101.73,3089.0,0.0,841229.31,1048331.04,0
0,426455.18,0.0,0.0,705902.24,1132357.42,0
1,146540.9,60526.0,0.0,0.0,146540.9,0
1,95225.49,14476.19,0.0,360224.87,455450.36,0
1,184362.08,0.0,0.0,451152.15,635514.23,0
1,37845.73,10070.0,0.0,29993.0,42723.78,0
1,153839.31,0.0,0.0,1334526.03,1488365.35,0
1,284369.55,129700.0,0.0,96113.78,355945.69,0
1,320481.0,15031.0,0.0,0.0,320481.0,0
1,119869.32,18044.0,0.0,450235.61,848753.75,0
1,2250.68,20339.0,18088.32,4422626.26,4329715.7,0
1,132291.68,122112.0,0.0,471466.04,896515.96,0
1,22388.11,707.0,0.0,111790.46,134178.58,0
1,84220.56,0.0,0.0,593794.9,678015.46,0
1,147660.96,71761.0,0.0,0.0,147660.96,0
0,378526.65,0.0,0.0,457494.92,836021.57,0
0,817469.06,0.0,0.0,2924077.47,3741546.53,0
0,349983.22,0.0,0.0,7609511.54,7959494.76,0
1,111684.72,0.0,0.0,1642598.11,1754282.83,0
1,54243.6,0.0,0.0,210246.47,264490.07,0
1,188351.19,0.0,0.0,739368.47,927719.66,0
0,312941.48,137842.43,0.0,1151558.31,1464499.79,0
1,163089.55,0.0,0.0,3502612.02,3665701.58,0
1,296179.06,9504.0,0.0,53440.77,349619.84,0
0,49123.77,0.0,0.0,618622.53,667746.3,0
0,122757.91,0.0,0.0,1160965.19,1283723.1,0
1,111774.37,0.0,0.0,266109.84,377884.21,0
0,691194.81,3755.7,0.0,2334321.51,3025516.32,0
1,18552.84,26802.0,8249.16,319131.8,337684.63,0
0,2480455.46,455426.88,0.0,7712891.09,10193346.54,0
1,125809.45,0.0,0.0,151599.72,277409.17,0
1,108567.15,0.0,0.0,120497.87,229065.02,0
1,242807.26,25768.0,0.0,0.0,242807.26,0
1,245695.61,0.0,0.0,262102.65,507798.26,0
1,578458.04,1818.0,0.0,0.0,578458.04,0
1,143004.38,0.0,0.0,317156.21,460160.58,0
0,554581.53,0.0,0.0,1529491.14,2093751.39,0
1,220106.29,5647.0,0.0,74770.58,294876.87,0
1,279257.22,124054.0,0.0,11242386.25,11521643.47,0
0,200270.11,0.0,0.0,380373.54,669768.2,0
1,293966.75,295414.03,1447.28,336073.3,630040.04,0
1,247264.65,19940.0,0.0,94235.88,341500.53,0
1,109151.17,6040.0,0.0,49055.39,158206.57,0
0,310128.4,0.0,0.0,4270006.63,4505917.26,0
1,242807.78,151902.72,0.0,0.0,242807.78,0
1,454246.81,21008.0,0.0,0.0,454246.81,0
1,26909.31,0.0,0.0,2920076.87,2946986.18,0
1,271965.09,1148.0,0.0,772018.19,1043983.27,0
1,584884.05,7185.0,0.0,8719581.34,9060079.01,0
1,38062.81,5333.0,0.0,558001.95,596064.76,0
1,124846.47,11542.0,0.0,111184.8,236031.28,0
1,221505.99,0.0,0.0,1742369.4,1963875.39,0
1,20216.32,0.0,0.0,821705.75,1108811.4,0
1,308475.76,99811.0,0.0,3783.02,312258.78,0
1,402062.88,6024.0,0.0,39609.33,441672.21,0
1,329444.99,0.0,0.0,340380.39,669825.38,0
0,608732.92,18200.0,0.0,328532.71,937265.63,0
0,270523.88,0.0,0.0,2111511.66,2382035.54,0
0,420448.41,0.0,0.0,923676.06,1344124.46,0
1,72269.35,34293.0,0.0,13600628.26,13672897.61,0
1,71645.71,0.0,0.0,166341.12,237986.83,0
1,118234.59,0.0,0.0,322245.57,440480.15,0
0,1448665.39,0.0,0.0,2059273.62,3507939.01,0
1,360961.67,6105.0,0.0,3319055.7,3680017.36,0
0,784186.96,0.0,0.0,954588.29,1738775.26,0
1,99292.03,23451.86,0.0,300252.81,399544.84,0
1,207702.23,26494.0,0.0,599080.18,806782.42,0
1,147614.34,0.0,0.0,1213107.37,1360721.7,0
1,337117.89,0.0,0.0,1936747.48,2273865.36,0
1,95896.06,0.0,0.0,381977.78,477873.84,0
0,2087872.63,0.0,0.0,2488777.33,4576649.96,0
1,350929.04,0.0,0.0,6920218.74,7271147.77,0
1,45629.44,0.0,0.0,2456214.58,2501844.03,0
1,80919.32,63177.0,0.0,0.0,80919.32,0
0,376267.65,35936.0,0.0,47114.19,423381.84,0
1,316639.14,0.0,0.0,405819.82,722458.96,0
0,929982.22,24006.0,0.0,0.0,929982.22,0
1,149212.36,1279.0,0.0,0.0,149212.36,0
1,51364.46,0.0,0.0,200248.76,251613.23,0
1,7749.34,19949.0,12199.66,179818.9,187568.25,0
0,842293.49,0.0,0.0,10949206.75,11791500.24,0
1,20245.69,30364.0,10118.31,5071351.71,5091597.4,0
1,195643.05,30733.0,0.0,31113.44,410624.76,0
1,160643.78,0.0,0.0,2182855.82,2343499.59,0
1,292510.42,94338.34,0.0,850657.87,1143168.29,0
1,136781.61,39729.0,0.0,0.0,136781.61,0
1,104234.96,190.0,0.0,272261.34,376496.3,0
1,76010.55,335.0,0.0,10701.0,303578.55,0
1,308191.27,50224.0,0.0,168339.29,476530.56,0
1,198866.79,10419.0,0.0,94176.79,293043.59,0
0,2842460.08,36910.01,0.0,8470753.05,11313213.12,0
1,193617.8,10216.0,0.0,0.0,193617.8,0
1,315932.76,57048.0,0.0,0.0,315932.76,0
1,172909.22,507929.0,335019.78,2043686.59,2216595.82,0
0,414765.34,12065.0,0.0,0.0,262988.15,0
1,286745.2,210.0,0.0,0.0,286745.2,0
1,190344.78,0.0,0.0,3819131.69,4009476.47,0
1,196367.03,10994.0,0.0,0.0,0.0,0
1,360888.08,26116.0,0.0,11775972.46,12136860.54,0
1,817.35,0.0,0.0,105775.55,195079.84,0
1,192644.52,0.0,0.0,384129.7,576774.22,0
1,55665.57,20279.0,0.0,2325725.57,2381391.14,0
1,101557.74,0.0,0.0,305945.52,407503.25,0
1,228126.62,44367.0,0.0,0.0,228126.62,0
1,172673.23,20163.92,0.0,881066.98,1053740.22,0
1,252852.78,54971.0,0.0,50869.0,0.0,0
1,70815.02,0.0,0.0,1683315.92,1754130.94,0
1,205920.52,101836.0,0.0,314693.32,520613.84,0
1,135913.11,5906.0,0.0,28827.51,164740.62,0
1,84453.22,0.0,0.0,809092.35,560191.17,0
0,1219709.17,0.0,0.0,2551430.51,3771139.68,0
1,246472.89,63296.0,0.0,1050316.03,2871153.32,0
0,325815.18,9931.0,0.0,427600.02,753415.19,0
0,534050.85,0.0,0.0,1941210.99,2475261.84,0
0,522815.69,350390.21,0.0,3889600.87,4412416.56,0
1,186967.53,21602.0,0.0,0.0,186967.53,0
1,93198.21,17874.0,0.0,0.0,93198.21,0
1,74479.15,148206.0,73726.85,0.0,74479.15,0
1,184894.6,0.0,0.0,1014764.67,1199659.27,0
1,347760.74,1390.0,0.0,0.0,347760.74,0
1,228954.8,201195.0,0.0,0.0,228954.8,0
1,153759.42,23003.0,0.0,0.0,153759.42,0
1,5664.46,3111.0,0.0,0.0,5664.46,0
1,120304.3,0.0,0.0,300615.8,420920.1,0
1,225727.2,16445.0,0.0,208358.23,434085.43,0
0,28386.7,0.0,0.0,198745.06,227131.77,0
1,249987.42,0.0,0.0,1360630.72,1610618.14,0
0,527850.95,0.0,0.0,7396924.4,7924775.35,0
1,5223.9,0.0,0.0,713358.28,718582.18,0
1,90263.9,723.0,0.0,201552.44,291816.34,0
1,227181.31,447.0,0.0,5113925.79,5341107.1,0
1,137660.65,355790.0,218129.35,2977595.05,3115255.7,0
1,436718.53,0.0,0.0,2979416.37,3416134.9,0
0,905894.56,0.0,0.0,1165387.16,2071281.72,0
1,84030.72,20110.0,0.0,309405.11,393435.83,0
0,3326160.28,0.0,0.0,3628197.65,6954357.93,0
1,25230.39,15002.0,0.0,0.0,25230.39,0
1,38786.06,62007.0,23220.94,407201.89,445987.95,0
1,727905.95,114685.0,0.0,0.0,727905.95,0
1,201077.69,0.0,0.0,284109.91,485187.6,0
0,6978664.31,0.0,0.0,9120573.73,16099238.04,0
1,273434.16,0.0,0.0,30125072.22,30398506.38,0
1,169866.94,0.0,0.0,1182562.72,1352429.66,0
1,258118.14,0.0,0.0,6982816.47,7240934.61,0
0,132701.28,0.0,0.0,1493281.17,1625982.45,0
1,100123.1,248619.0,148495.9,0.0,189905.45,0
0,352370.34,0.0,0.0,387556.4,739926.75,0
1,93616.19,106405.0,12788.81,149978.73,243594.91,0
1,78906.33,10246.0,0.0,122374.11,201280.44,0
1,40967.24,0.0,0.0,645593.66,686560.9,0
0,635140.25,25052.0,0.0,0.0,635140.25,0
0,78487.3,0.0,0.0,288987.52,532052.14,0
1,134225.28,0.0,0.0,392928.29,527153.57,0
1,224878.8,5046.0,0.0,88278.9,313157.7,0
1,219296.8,547219.0,327922.2,0.0,219296.8,0
1,163533.8,11443.0,0.0,253210.81,416744.61,0
1,445091.9,35766.0,0.0,284147.77,729239.67,0
0,402560.19,0.0,0.0,646967.81,1049527.99,0
1,59760.94,0.0,0.0,4933356.32,4993117.26,0
1,611663.85,90566.0,0.0,0.0,611663.85,0
0,53350.58,147541.0,94190.42,0.0,53350.58,0
1,23951.76,0.0,0.0,5820881.25,5844833.01,0
1,2317.46,49712.0,47394.54,356948.53,359265.99,0
0,611157.57,22284.0,0.0,748799.0,1407112.95,0
0,782147.01,10169.0,0.0,127144.24,909291.26,0
0,478532.63,0.0,0.0,2082763.07,2561295.69,0
1,72844.84,11566.0,0.0,380817.76,453662.6,0
1,235824.15,0.0,0.0,1277161.31,1512985.46,0
1,203298.08,10693.0,0.0,492845.89,696143.97,0
1,343738.27,0.0,0.0,4598936.99,4942675.26,0
0,2437293.02,386150.0,0.0,33858.04,2471151.05,0
1,53918.41,0.0,0.0,2739807.43,2793725.85,0
1,142834.88,270814.0,127979.12,877495.44,1020330.32,0
1,377581.95,35697.0,0.0,58437.15,436019.1,0
1,76740.39,0.0,0.0,9538014.7,9614755.09,0
1,193957.68,5044.0,0.0,0.0,193957.68,0
0,9415.55,50381.0,40965.45,1071894.97,1081310.52,0
1,139314.39,396907.23,257592.84,1385531.25,1524845.64,0
1,114221.93,21030.0,0.0,0.0,114221.93,0
1,415200.34,0.0,0.0,456993.82,872194.16,0
1,27999.14,39986.0,11986.86,2507849.65,2535848.79,0
0,551930.28,0.0,0.0,981786.18,1533716.46,0
1,99257.4,7355.0,0.0,191440.08,290697.48,0
1,445611.8,20379.0,0.0,0.0,445611.8,0
1,92552.95,0.0,0.0,661931.66,754484.61,0
1,32257.72,14690.0,0.0,0.0,32257.72,0
1,371996.48,149926.0,0.0,59659.79,431656.28,0
1,123485.75,40.0,0.0,2912580.37,3036066.12,0
1,115913.04,16250.0,0.0,10622.05,126535.09,0
0,42646.76,28585.0,0.0,823011.4,865658.16,0
1,223832.03,0.0,0.0,328151.77,551983.8,0
1,244399.39,0.0,0.0,762933.78,1007333.17,0
1,349664.06,11381.0,0.0,511889.41,1299943.44,0
0,1954086.5,0.0,0.0,4429305.26,8787154.88,0
1,3486.42,138384.38,134897.96,0.0,964160.16,0
1,165412.56,104771.0,0.0,126366.09,291778.65,0
1,329300.14,0.0,0.0,8889667.23,9218967.37,0
1,139142.47,0.0,0.0,1453464.51,1592606.99,0
0,435383.33,0.0,0.0,1031666.7,1467050.03,0
0,303150.97,720762.0,417611.03,543681.4,846832.37,0
1,453263.82,569.36,0.0,1069452.6,1522716.42,0
1,238544.44,74618.0,0.0,0.0,238544.44,0
1,120671.49,0.0,0.0,1272433.54,1393105.03,0
1,70959.59,145.0,0.0,844045.33,915004.92,0
1,154954.34,0.0,0.0,584297.83,739252.17,0
1,162257.35,20273.0,0.0,0.0,996375.04,0
0,141778.16,0.0,0.0,265298.4,407076.56,0
0,3742963.91,0.0,0.0,4815123.96,8558087.87,0
1,165578.85,1011.91,0.0,5919596.19,6085175.04,0
0,1249846.24,609.0,0.0,926971.63,2176817.87,0
1,21873.26,288919.57,267046.32,1511262.49,1533135.75,0
0,529313.69,76826.0,0.0,12161.89,541475.58,0
1,55175.87,0.0,0.0,354243.01,409418.89,0
1,404878.15,105155.0,0.0,0.0,404878.15,0
1,59583.51,0.0,0.0,538398.33,597981.83,0
1,69321.13,10538.0,0.0,0.0,69321.13,0
1,348024.25,199307.0,0.0,0.0,348024.25,0
1,201270.0,58958.0,0.0,2394165.64,2595435.64,0
1,169416.54,0.0,0.0,601514.62,770931.16,0
1,97979.48,21360.0,0.0,56177.73,154157.21,0
1,66426.02,0.0,0.0,2818975.65,2885401.67,0
1,159554.25,10847.0,0.0,492132.59,651686.83,0
1,59190.91,0.0,0.0,436357.25,495548.16,0
0,156233.08,13987.01,0.0,1656722.87,1815022.7,0
0,17696.78,168.0,0.0,0.0,17696.78,0
1,230116.42,11920.0,0.0,34930.2,265046.63,0
1,89344.27,0.0,0.0,285489.97,374834.24,0
1,45799.35,0.0,0.0,300581.06,346380.41,0
1,171360.29,6533.0,0.0,321551.28,492911.57,0
1,32943.32,0.0,0.0,247674.94,280618.25,0
1,129006.98,0.0,0.0,2241039.82,2370046.8,0
1,285402.67,4027.0,0.0,1192669.37,1478072.04,0
1,122924.7,2033.0,0.0,301842.9,424767.6,0
1,61149.95,1897.5,0.0,653098.71,714248.67,0
1,50006.76,31283.0,0.0,54286.95,104293.71,0
1,2686.53,107088.0,104401.47,0.0,2686.53,0
1,152221.63,0.0,0.0,501787.91,654009.54,0
1,366018.89,0.0,0.0,2269222.92,2635241.81,0
1,241444.64,0.0,0.0,733244.04,974688.68,0
0,355083.46,0.0,0.0,1815567.06,2170650.52,0
1,63133.16,0.0,0.0,159384.3,222517.46,0
1,69949.16,163549.0,93599.84,0.0,69949.16,0
1,298887.54,0.0,0.0,430235.06,729122.61,0
1,212756.04,39359.0,0.0,421837.78,634593.82,0
0,343466.5,0.0,0.0,1783947.13,2127413.63,0
0,830685.95,0.0,0.0,1194211.3,2024897.25,0
0,757567.79,376910.0,0.0,1984387.89,2741955.68,0
1,118708.25,172.0,0.0,88362.02,207070.27,0
1,47759.46,200.0,0.0,457631.77,505391.22,0
1,391101.59,320.0,0.0,0.0,391101.59,0
1,236145.39,129850.0,0.0,34322.54,270467.93,0
1,175445.02,473531.0,298085.98,0.0,175445.02,0
1,236058.21,0.0,0.0,252333.32,488391.53,0
0,498570.25,0.0,0.0,918418.27,1416988.52,0
1,52937.95,0.0,0.0,2287250.09,2340188.03,0
1,380804.97,0.0,0.0,641999.83,1022804.8,0
0,429117.43,0.0,0.0,2280223.87,2709341.3,0
1,475426.44,0.0,0.0,871698.76,1347125.19,0
1,166441.87,6039.0,0.0,0.0,166441.87,0
1,10238.57,0.0,0.0,4226314.8,4236553.38,0
1,10458.47,0.0,0.0,2917264.49,2927722.96,0
1,153940.21,105394.0,0.0,0.0,153940.21,0
1,393500.99,229.0,0.0,135832.31,529333.3,0
0,87216.99,0.0,0.0,3290587.47,3377804.46,0
1,291598.18,0.0,0.0,2970291.02,3261889.21,0
1,191033.16,45739.0,0.0,0.0,191033.16,0
0,788594.8,23102.0,0.0,845634.13,1634228.92,0
1,124873.64,0.0,0.0,1925564.36,2050438.0,0
0,1076916.94,25598.0,0.0,975148.49,2052065.42,0
1,90646.51,185449.0,94802.49,662880.84,753527.35,0
1,118409.88,74820.0,0.0,655871.58,774281.45,0
1,236154.63,0.0,0.0,9153064.59,9389219.22,0
1,51953.76,0.0,0.0,1269736.38,1321690.14,0
1,35741.78,95378.24,59636.46,865778.43,901520.21,0
1,65115.89,0.0,0.0,6130915.47,6196031.36,0
1,256451.93,50281.0,0.0,0.0,256451.93,0
1,238135.43,41306.0,0.0,0.0,238135.43,0
1,116343.57,0.0,0.0,139190.12,255533.69,0
1,164936.56,130.0,0.0,36453.51,201390.07,0
1,90234.49,82813.65,0.0,6196959.18,6287193.67,0
1,492470.42,0.0,0.0,1221372.96,1713843.37,0
1,115787.92,398765.0,282977.08,1482548.23,1598336.15,0
0,1390951.24,505784.0,0.0,228244.03,1619195.26,0
1,275241.22,114657.82,0.0,6385087.89,6660329.11,0
1,92912.86,0.0,0.0,2987463.91,3080376.76,0
1,89900.64,1060.0,0.0,0.0,89900.64,0
0,471869.63,0.0,0.0,1642915.88,2114785.5,0
1,52528.81,0.0,0.0,91578.53,23513.32,0
1,235865.72,0.0,0.0,1253781.51,1489647.23,0
1,88942.95,0.0,0.0,380497.83,469440.78,0
1,298383.55,179.0,0.0,812460.25,1110843.8,0
1,231807.29,100391.0,0.0,1148.37,273124.29,0
1,93666.76,0.0,0.0,3324875.21,3418541.97,0
0,3850579.12,0.0,0.0,8069025.3,11919604.43,0
1,445674.17,0.0,0.0,516289.23,965735.07,0
1,228920.04,0.0,0.0,4416135.47,4645055.52,0
1,186666.43,0.0,0.0,1436884.27,1623550.71,0
1,267226.9,23286.0,0.0,2584.88,269811.79,0
1,343698.1,0.0,0.0,868267.01,1211965.11,0
1,10416.98,0.0,0.0,442414.46,452831.43,0
1,260141.92,1154.0,0.0,70591.79,330733.71,0
1,102816.7,0.0,0.0,990070.54,1092887.24,0
1,208259.4,70247.0,0.0,170978.74,379238.14,0
1,254913.21,0.0,0.0,4187281.42,4442194.63,0
1,166092.53,0.0,0.0,234675.57,400768.1,0
1,476134.9,0.0,0.0,1723736.28,2199871.18,0
1,92348.7,0.0,0.0,256388.78,348737.48,0
1,435556.3,145167.0,0.0,346158.28,781714.58,0
1,247707.56,0.0,0.0,1132093.36,1379800.91,0
1,7998.48,0.0,0.0,74305.41,82303.9,0
1,112017.45,0.0,0.0,252293.31,364310.76,0
1,1282.91,0.0,0.0,160526.75,161809.66,0
1,229880.68,191367.0,0.0,6617673.12,6847553.81,0
1,46499.32,0.0,0.0,418595.32,465094.64,0
1,428296.16,256341.72,0.0,661478.2,1089774.37,0
1,57906.69,6166.0,0.0,0.0,57906.69,0
1,163755.68,0.0,0.0,1227395.68,1391151.36,0
0,672678.85,0.0,0.0,3310352.04,3963815.66,0
1,201389.43,134041.0,0.0,0.0,201389.43,0
1,130602.42,0.0,0.0,176685.23,307287.65,0
0,1183819.08,222.0,0.0,2565.0,559999.64,0
0,90527.16,52057.0,0.0,218805.27,309332.42,0
1,194350.62,427400.45,233049.83,1275072.83,1732239.29,0
0,3579158.94,0.0,0.0,13736633.79,17315792.73,0
1,108905.01,20461.0,0.0,144474.64,253379.65,0
1,325012.42,0.0,0.0,388875.82,713888.24,0
1,337767.89,30270.0,0.0,34994.54,372762.43,0
1,138589.35,62732.0,0.0,717057.14,855646.49,0
1,18141.49,20253.0,2111.51,385318.05,403459.54,0
1,222653.89,80323.0,0.0,391895.79,614549.68,0
1,21284.42,81902.0,60617.58,0.0,21284.42,0
1,199777.04,0.0,0.0,974365.69,1174142.73,0
1,449205.69,23720.0,0.0,21450.82,470656.51,0
1,148227.35,36628.0,0.0,0.0,148227.35,0
1,73230.13,0.0,0.0,2026095.36,2099325.49,0
1,279645.29,0.0,0.0,5859047.5,6138692.79,0
0,232226.05,114421.84,0.0,2054395.33,3107646.79,0
1,334807.88,69056.0,0.0,0.0,334807.88,0
1,179694.45,0.0,0.0,1257432.68,1437127.12,0
1,142013.13,0.0,0.0,839770.92,981784.05,0
0,1801344.41,68001.0,0.0,24841.88,1826186.29,0
1,335045.08,0.0,0.0,1138173.12,1473218.2,0
1,50127.64,36138.0,0.0,38501.37,88629.01,0
0,15758.13,0.0,0.0,193259.35,209017.48,0
1,290197.95,0.0,0.0,1526790.01,1816987.96,0
1,105502.07,113.0,0.0,0.0,105502.07,0
0,18471.55,18471.55,0.0,0.0,0.0,1
1,117005.8,31851.0,0.0,300103.79,417109.59,0
0,387787.88,896355.69,508567.82,485777.22,873565.1,0
0,1982518.87,10025.0,0.0,0.0,1982518.87,0
1,457444.9,99339.0,0.0,558506.28,1015951.19,0
1,438191.67,5693.0,0.0,26201.0,464392.67,0
0,363437.4,0.0,0.0,1252778.3,1616215.7,0
0,12084748.36,0.0,0.0,15226534.85,27311283.2,0
1,51356.08,0.0,0.0,360206.03,411562.1,0
1,158306.22,106175.0,0.0,0.0,158306.22,0
0,391920.51,0.0,0.0,4300390.47,4692310.98,0
1,104056.34,0.0,0.0,1276785.31,1380841.64,0
1,109798.38,50715.0,0.0,12788.3,122586.67,0
1,107348.41,10344.0,0.0,0.0,107348.41,0
1,78315.54,338227.51,259911.97,1593804.72,1672120.26,0
1,234685.05,0.0,0.0,1178984.74,1413669.79,0
1,30362.71,1119.0,0.0,0.0,30362.71,0
1,184742.46,0.0,0.0,707469.13,1401348.29,0
1,164578.12,11558.0,0.0,0.0,164578.12,0
1,28880.03,0.0,0.0,3860670.01,3889550.05,0
1,28658.67,0.0,0.0,681360.7,710019.37,0
1,266407.88,21333.0,0.0,0.0,266407.88,0
1,430680.88,0.0,0.0,781540.9,1212221.78,0
1,53257.37,0.0,0.0,159982.28,213239.65,0
0,832970.74,123503.43,0.0,4892106.44,5252469.32,0
1,186775.43,0.0,0.0,654289.31,841064.74,0
1,412905.76,0.0,0.0,9837136.95,10250042.71,0
1,567362.13,312.0,0.0,1229413.11,1796775.24,0
1,84008.5,0.0,0.0,804274.92,888283.41,0
1,70848.52,19272.0,0.0,12089.12,82937.64,0
1,103706.53,282949.0,179242.47,0.0,103706.53,0
1,234044.69,23574.0,0.0,0.0,234044.69,0
1,276455.82,0.0,0.0,159424953.45,159701409.27,0
1,322942.62,0.0,0.0,1059312.56,1382255.18,0
1,226938.4,134446.0,0.0,208390.91,435329.32,0
1,239790.07,0.0,0.0,418389.98,658180.04,0
1,44251.07,0.0,0.0,762549.57,806800.64,0
1,28534.44,0.0,0.0,366320.57,394855.02,0
1,90178.54,0.0,0.0,166578.59,256757.13,0
1,283716.46,20619.0,0.0,0.0,283716.46,0
1,127557.16,66059.0,0.0,7287162.48,7414719.64,0
1,206736.81,0.0,0.0,9487904.01,9998230.6,0
0,1201993.58,213.0,0.0,414474.4,1616467.98,0
1,177005.76,56529.0,0.0,91761.55,268767.31,0
1,201813.75,15818.0,0.0,102523.13,304336.88,0
1,191718.53,0.0,0.0,566870.31,758588.85,0
1,257546.49,202401.0,0.0,135134.27,392680.77,0
1,205644.74,0.0,0.0,283317.27,488962.01,0
1,23499.61,51849.0,28349.39,0.0,23499.61,0
1,217399.13,28156.0,0.0,83051.16,300450.29,0
1,34347.94,203257.0,168909.06,0.0,34347.94,0
1,228301.92,5319.0,0.0,9479852.19,9708154.11,0
1,423772.33,10714.0,0.0,5800556.81,6224329.13,0
1,97518.09,0.0,0.0,1034219.77,1330331.32,0
1,108378.53,0.0,0.0,698706.49,807085.02,0
1,152775.21,11482.0,0.0,175184.67,429602.08,0
1,221126.55,0.0,0.0,2683315.71,2904442.25,0
1,11815.21,154138.0,142322.79,711141.35,722956.57,0
1,204472.52,24.0,0.0,56755.52,261228.05,0
1,165884.11,9918.0,0.0,834893.72,1000777.83,0
1,160705.37,0.0,0.0,258515.08,419220.45,0
1,264075.43,0.0,0.0,279103.84,543179.27,0
1,221658.54,0.0,0.0,627959.72,849618.26,0
1,247013.13,39403.78,0.0,582409.5,829422.62,0
1,35044.47,1286.0,0.0,1070869.24,1105913.71,0
1,56195.1,0.0,0.0,1202134.81,1258329.91,0
1,37490.89,86951.0,49460.11,17207.91,54698.8,0
1,181681.99,421.0,0.0,311398.36,493080.35,0
1,318852.08,10508.0,0.0,4157.24,323009.32,0
1,193403.45,170777.0,0.0,175857.23,369260.68,0
1,21791.36,22944.0,1152.64,353754.49,375545.85,0
1,311635.14,0.0,0.0,1107682.01,1419317.15,0
1,226044.51,0.0,0.0,4359816.7,4585861.22,0
0,10931.51,107034.58,96103.07,5534565.3,5545496.8,0
1,222720.21,0.0,0.0,1362474.37,1585194.58,0
1,188352.0,0.0,0.0,2808386.3,2996738.3,0
1,211546.84,20384.0,0.0,226754.8,438301.64,0
1,287087.84,53659.0,0.0,854800.29,1070019.29,0
0,23682324.52,0.0,0.0,35041387.39,58723711.91,0
1,87249.96,9990.0,0.0,1542940.2,1630190.16,0
1,85832.05,117718.0,31885.95,0.0,85832.05,0
1,110094.79,11953.0,0.0,483250.7,593345.49,0
1,207905.0,281421.0,73516.0,750818.14,958723.14,0
1,13651.19,0.0,0.0,232404.18,246055.37,0
1,42727.03,267.0,0.0,0.0,42727.03,0
1,207552.49,0.0,0.0,613699.11,821251.6,0
0,648439.65,120784.49,0.0,3256606.77,3905046.42,0
1,49837.76,0.0,0.0,61550.89,111388.64,0
1,21125.06,44420.0,23294.94,2014611.0,2035736.06,0
1,60369.13,0.0,0.0,63047.62,123416.75,0
0,780742.25,0.0,0.0,1655726.32,2436468.57,0
1,47637.3,0.0,0.0,189122.34,236759.64,0
1,284115.91,279678.64,0.0,102869.94,386985.85,0
1,143584.94,0.0,0.0,432521.08,576106.03,0
1,243087.11,5052.0,0.0,511343.65,754430.76,0
1,359626.91,13853.0,0.0,573561.71,933188.62,0
1,43246.48,0.0,0.0,201679.39,244925.87,0
0,168610.0,21376.0,0.0,3240434.92,3409044.92,0
1,190281.26,0.0,0.0,470018.29,660299.55,0
1,119027.83,0.0,0.0,201460.27,320488.1,0
1,25543.98,0.0,0.0,1436905.74,1462449.72,0
1,46752.12,0.0,0.0,196923.7,243675.83,0
1,84673.84,0.0,0.0,911559.75,1077578.24,0
1,177799.79,22446.0,0.0,844283.35,1022083.14,0
1,77340.23,0.0,0.0,845670.59,995119.39,0
1,117232.73,0.0,0.0,2847002.57,2964235.29,0
1,13893.39,20064.0,6170.61,0.0,13893.39,0
0,69261.34,0.0,0.0,509855.02,579116.36,0
1,388124.97,14629.0,0.0,614732.61,1002857.58,0
0,1382813.65,0.0,0.0,1695637.76,3078451.41,0
0,429073.02,0.0,0.0,1928005.33,2357078.35,0
1,469555.02,0.0,0.0,628347.7,1097902.72,0
0,868999.76,0.0,0.0,2212489.87,2970748.82,0
0,1399549.16,18952.0,0.0,15578386.99,17156854.04,0
1,338140.53,0.0,0.0,1997131.82,2335272.35,0
1,104747.02,4515.51,0.0,301884.75,406631.77,0
1,454546.82,31029.0,0.0,1286874.94,1741421.76,0
1,3890.78,0.0,0.0,425810.35,429701.13,0
1,94848.31,70507.0,0.0,5453510.34,5548358.65,0
1,240196.16,0.0,0.0,6811434.25,7051630.41,0
1,38445.89,58051.0,19605.11,0.0,38445.89,0
1,122261.38,90678.0,0.0,0.0,122261.38,0
0,407565.21,6215.0,0.0,115269.92,522835.12,0
1,366043.04,31061.0,0.0,1300397.9,1666440.93,0
1,159426.99,418.0,0.0,158451.0,385206.01,0
1,300455.29,0.0,0.0,1214890.09,1515345.38,0
0,188238.08,114456.0,0.0,1356864.95,1545103.04,0
1,455264.42,0.0,0.0,2844296.24,3299560.65,0
1,338324.43,0.0,0.0,1284339.88,1622664.31,0
1,52075.87,10839.0,0.0,0.0,52075.87,0
1,125632.1,0.0,0.0,603117.07,728749.17,0
0,311903.78,707753.0,395849.22,391.98,312295.76,0
1,362893.83,63123.0,0.0,8942144.43,9305038.25,0
1,220078.56,0.0,0.0,1063624.98,1283703.54,0
1,30325.29,0.0,0.0,176464.28,206789.57,0
0,655869.82,0.0,0.0,2358602.84,3447315.69,0
1,210875.63,0.0,0.0,222897.32,433772.95,0
0,107955.24,10465.0,0.0,0.0,107955.24,0
1,197179.36,0.0,0.0,1400184.9,1597364.26,0
0,970710.64,20268.0,0.0,0.0,820799.33,0
1,13254.25,0.0,0.0,281804.05,295058.3,0
1,198620.1,0.0,0.0,739492.31,938112.41,0
1,285838.54,0.0,0.0,600218.68,886057.22,0
1,128007.21,49997.0,0.0,17807643.18,17935650.39,0
1,181381.5,4236.0,0.0,653569.38,834950.88,0
0,354200.59,0.0,0.0,536566.05,890766.64,0
0,701705.27,0.0,0.0,773689.72,1475394.99,0
0,3157799.41,0.0,0.0,4545770.69,7703570.1,0
0,299321.68,67953.0,0.0,897530.4,1196852.08,0
1,108643.58,673.0,0.0,0.0,108643.58,0
0,1524803.48,0.0,0.0,2648164.71,4172968.2,0
1,89414.54,41463.0,0.0,0.0,147945.76,0
0,291752.32,0.0,0.0,3432544.74,3724297.07,0
1,562480.71,0.0,0.0,1240209.54,1802690.25,0
1,23862.16,0.0,0.0,1711498.47,1737590.77,0
1,117526.36,0.0,0.0,1006678.88,1124205.24,0
1,165425.24,12648.0,0.0,544143.66,709568.9,0
0,1586360.88,4463.0,0.0,354529.87,1940890.75,0
1,117540.34,322800.0,205259.66,115694.81,23141.14,0
1,19608.66,0.0,0.0,32685.1,52293.77,0
0,1917016.62,0.0,0.0,4826462.7,6743479.32,0
1,436924.98,0.0,0.0,1712802.7,2149727.69,0
1,37964.63,0.0,0.0,568003.58,605968.21,0
1,72061.23,0.0,0.0,552187.08,624248.31,0
0,1412087.18,10493.0,0.0,6966626.71,8378713.89,0
1,168231.33,62546.0,0.0,138067.82,306299.15,0
0,109791.18,51678.0,0.0,632754.98,742546.16,0
0,1196803.55,0.0,0.0,1278663.61,2475467.16,0
1,104293.34,110079.0,5785.66,11343054.66,11447348.0,0
1,248254.24,448.0,0.0,0.0,248254.24,0
1,42710.12,203.0,0.0,83264.75,125974.87,0
1,489023.11,0.0,0.0,9538241.82,10027264.92,0
1,54467.68,10142.0,0.0,0.0,54467.68,0
1,145571.3,10264.0,0.0,3100313.29,3245884.58,0
1,28067.67,50679.0,22611.33,0.0,28067.67,0
1,382642.84,0.0,0.0,4154377.22,4537020.07,0
1,117609.86,141186.44,23576.58,208300.13,325909.99,0
1,483621.35,29758.0,0.0,1534303.66,2017925.02,0
1,131342.64,0.0,0.0,1174226.8,1305569.44,0
1,593378.55,0.0,0.0,2317831.3,2911209.85,0
1,29973.19,72464.0,42490.81,9043646.14,9073619.33,0
1,199773.54,8734.0,0.0,0.0,199773.54,0
1,125633.45,37401.0,0.0,3899452.64,4025086.09,0
1,134609.04,12403.0,0.0,2910146.71,3044755.74,0
1,476210.69,204000.0,0.0,221555.73,697766.42,0
1,396373.06,49492.2,0.0,1086749.87,1483122.92,0
1,52778.0,0.0,0.0,584975.85,637753.85,0
1,68529.46,9925.0,0.0,109046.51,177575.97,0
1,203514.19,12540.0,0.0,92023.55,295537.74,0
1,200515.68,0.0,0.0,597656.2,798171.88,0
1,208962.46,0.0,0.0,614174.9,823137.37,0
1,31802.83,0.0,0.0,134061.53,40208.92,0
1,62050.95,18742.0,0.0,0.0,62050.95,0
1,533803.26,997.0,0.0,0.0,533803.26,0
1,30218.53,0.0,0.0,776732.75,900016.68,0
0,405381.63,6211.0,0.0,0.0,405381.63,0
1,160427.94,29958.92,0.0,233140.93,393568.86,0
0,184976.4,0.0,0.0,1220736.96,1405713.36,0
1,234602.1,54143.84,0.0,1168032.31,1402634.41,0
0,45967.72,0.0,0.0,908840.46,954808.18,0
1,191656.83,0.0,0.0,1135513.04,1327169.87,0
1,262282.17,0.0,0.0,2462936.03,2725218.2,0
1,216487.88,0.0,0.0,1215211.27,1431699.15,0
1,250985.38,49505.0,0.0,279218.46,530203.84,0
1,81743.29,0.0,0.0,4035865.47,4117608.76,0
1,337934.96,0.0,0.0,4242986.62,4580921.58,0
1,424825.56,7055.0,0.0,324770.9,749596.46,0
1,181479.32,93092.0,0.0,2603.73,184083.05,0
1,123990.71,0.0,0.0,1308704.42,1068176.4,0
1,11474.72,263919.0,252444.28,447251.28,458726.0,0
1,241770.65,42284.0,0.0,1372670.92,1614441.57,0
1,10017.86,0.0,0.0,1104377.79,1114395.66,0
1,201068.35,0.0,0.0,453998.93,655067.28,0
1,144624.38,19495.0,0.0,516365.26,660989.65,0
1,98750.78,0.0,0.0,130010.81,228761.59,0
1,29265.19,0.0,0.0,395882.34,425147.53,0
1,190558.22,0.0,0.0,713802.1,904360.32,0
1,140035.54,39490.0,0.0,190094.0,330129.54,0
0,676166.92,0.0,0.0,3076980.5,3753147.43,0
1,383948.88,11008.0,0.0,0.0,383948.88,0
1,62377.02,0.0,0.0,2912768.33,2859157.0,0
1,67574.86,164637.0,97062.14,248202.75,315777.6,0
1,117637.54,90316.0,0.0,3762631.34,3880268.88,0
0,283797.8,10298.0,0.0,82282.03,366079.83,0
1,60026.23,0.0,0.0,829613.03,889639.27,0
1,280658.02,0.0,0.0,447908.86,728566.88,0
0,837192.76,100617.0,0.0,41546.51,878739.27,0
1,106268.16,160704.0,54435.84,1433325.15,1539593.32,0
1,214754.24,28111.0,0.0,1625155.77,1839910.01,0
1,140187.08,11585.0,0.0,17773.61,157960.69,0
1,219660.64,27378.0,0.0,588478.83,1108843.7,0
1,201366.68,0.0,0.0,12456672.79,12658039.47,0
1,27301.57,0.0,0.0,211780.17,239081.74,0
1,28467.01,19171.0,0.0,1752792.91,1781259.92,0
1,96734.77,43159.0,0.0,116140.88,212875.65,0
1,44719.51,50675.0,5955.49,542246.48,496210.52,0
1,157218.92,207353.89,50134.98,1646002.99,1862279.69,0
1,143736.89,31341.0,0.0,283865.84,427602.74,0
0,263024.28,0.0,0.0,3155285.16,3418309.43,0
1,263847.37,69511.0,0.0,0.0,39906.78,0
0,1450048.5,21485.0,0.0,0.0,1450048.5,0
1,218439.89,35180.0,0.0,0.0,218439.89,0
1,110423.03,51318.0,0.0,1006128.95,1116551.99,0
0,10000000.0,292.0,0.0,1700294.78,19635236.04,0
1,287246.54,0.0,0.0,1451762.94,1739009.48,0
1,17879.3,81487.0,63607.7,0.0,17879.3,0
0,614809.25,15762.0,0.0,195297.66,810106.9,0
1,75508.09,47294.0,0.0,0.0,75508.09,0
1,45646.03,0.0,0.0,1089577.5,1135223.53,0
1,350643.93,2316.0,0.0,0.0,350643.93,0
1,178325.64,28684.0,0.0,83151.75,261477.39,0
0,1126975.91,83934.29,0.0,1410130.75,2537106.66,0
1,94938.36,0.0,0.0,8397136.9,8492075.27,0
1,27680.9,940.0,0.0,10108.32,37789.22,0
1,733203.5,368877.47,0.0,2965503.77,3698707.28,0
1,410270.92,0.0,0.0,2848909.38,3179954.85,0
1,43572.28,0.0,0.0,142368.59,185940.87,0
1,81837.4,82742.97,905.57,532139.83,519398.23,0
1,136342.38,74534.0,0.0,0.0,27513.22,0
1,447007.52,103.0,0.0,1977866.59,2424874.11,0
0,596445.57,22867.0,0.0,0.0,596445.57,0
1,218386.62,4276.0,0.0,1482053.42,1700440.04,0
1,356717.03,19935.0,0.0,190187.94,546904.97,0
0,1078966.68,124.0,0.0,82025.13,1160991.81,0
0,643957.18,0.0,0.0,748774.26,1392731.44,0
1,51896.14,1204097.86,1152201.71,3460132.85,3512028.99,0
1,33622.68,0.0,0.0,1283645.07,1317267.74,0
1,183741.65,51147.0,0.0,4838631.75,5022373.4,0
1,121848.56,119655.77,0.0,1146539.51,1268388.07,0
1,406637.67,30829.0,0.0,0.0,406637.67,0
1,456054.86,298414.0,0.0,0.0,456054.86,0
1,97411.63,243070.9,145659.27,242638.67,340050.3,0
0,516929.7,0.0,0.0,4624868.21,5141797.91,0
0,499116.97,105400.0,0.0,213847.9,712964.86,0
1,323276.04,92761.0,0.0,42634.65,67676.01,0
0,885824.4,11697.0,0.0,0.0,885824.4,0
1,212823.3,0.0,0.0,15294836.21,15507659.51,0
1,415627.41,0.0,0.0,1997586.82,2413214.23,0
1,207212.99,29972.0,0.0,7133279.47,7340492.46,0
1,232882.29,100706.65,0.0,584275.54,1159645.73,0
1,383831.34,0.0,0.0,886076.0,1269907.35,0
1,75336.65,0.0,0.0,2717848.31,2793184.95,0
1,202322.57,0.0,0.0,2554620.92,2756943.49,0
1,87997.72,0.0,0.0,279471.43,367469.15,0
1,175608.02,34458.0,0.0,262223.75,437831.77,0
1,210906.51,0.0,0.0,1822522.36,2033428.87,0
1,267461.93,103141.0,0.0,0.0,164962.53,0
1,116635.21,0.0,0.0,117468.03,234103.24,0
1,25699.96,109387.0,83687.04,254471.58,280171.54,0
1,426026.39,0.0,0.0,796051.77,1222078.16,0
1,119257.01,51995.0,0.0,14071.21,133328.23,0
1,30011.01,93713.0,63701.99,0.0,30011.01,0
1,313116.8,0.0,0.0,579721.13,892837.93,0
1,106547.12,0.0,0.0,356731.78,463278.9,0
1,276699.65,100081.0,0.0,2565113.36,2841813.01,0
0,1937476.83,133274.0,0.0,16469.11,1953945.94,0
1,548838.99,30741.0,0.0,0.0,548838.99,0
0,857637.37,0.0,0.0,2591119.56,3448756.93,0
1,253878.65,99951.0,0.0,46379.57,300258.22,0
1,20614.15,3772.0,0.0,108873.93,50332.35,0
1,179735.33,111420.0,0.0,390612.83,570348.16,0
1,1406.62,48501.0,47094.38,224597.27,226003.89,0
0,325995.98,0.0,0.0,791961.95,1117957.93,0
1,195092.84,0.0,0.0,429168.67,624261.51,0
1,146844.43,10947.0,0.0,216535.41,363379.85,0
1,265158.38,12495.0,0.0,555043.57,820201.95,0
1,270923.3,0.0,0.0,686583.51,957506.81,0
1,67812.96,0.0,0.0,1998015.88,2065828.85,0
1,144495.07,11257.0,0.0,0.0,144495.07,0
1,128822.88,50760.0,0.0,36508.22,165331.1,0
1,120023.68,0.0,0.0,8454512.43,8574536.1,0
1,322434.05,54933.0,0.0,0.0,322434.05,0
1,12366.03,50122.0,37755.97,211852.89,224218.92,0
1,164781.74,0.0,0.0,209724.1,374505.83,0
1,319038.47,72838.0,0.0,56363.88,375402.35,0
1,1934.0,0.0,0.0,24531.52,26465.53,0
1,371555.15,12434.0,0.0,20392.4,391947.55,0
1,545676.62,0.0,0.0,3481778.24,4027454.86,0
1,72417.91,0.0,0.0,2117814.23,2190232.15,0
1,156552.93,0.0,0.0,330974.7,487527.63,0
1,294627.61,202395.81,0.0,1556375.4,1851003.01,0
0,15225.28,0.0,0.0,642779.04,658004.32,0
0,395419.07,893.0,0.0,1584916.48,1980335.55,0
1,133618.07,0.0,0.0,427273.88,560891.95,0
1,74265.34,9096.0,0.0,0.0,74265.34,0
1,226730.35,15681.0,0.0,1390182.22,1616912.57,0
1,249789.76,10655.0,0.0,3788148.23,4037937.99,0
1,9070.97,0.0,0.0,2275016.08,2284087.05,0
1,186367.02,21824.0,0.0,103413.61,467492.06,0
1,274309.24,167.0,0.0,30991.99,305301.23,0
1,36364.82,354.0,0.0,47414.9,83779.72,0
0,230401.78,100092.0,0.0,238521.76,468923.54,0
1,206502.3,6837.87,0.0,367952.52,574454.81,0
0,111324.23,69493.0,0.0,533020.34,644344.57,0
1,36779.92,0.0,0.0,1162590.03,1199369.94,0
1,304231.84,0.0,0.0,2353212.19,2657444.03,0
1,212091.9,56598.51,0.0,508794.92,720886.81,0
1,97788.98,0.0,0.0,1136914.92,1234703.9,0
1,54399.83,0.0,0.0,345364.74,399764.57,0
1,100837.19,1085.0,0.0,941575.8,1042412.99,0
1,113143.56,59366.0,0.0,0.0,113143.56,0
1,169639.19,0.0,0.0,1278326.38,1447965.57,0
1,318569.26,0.0,0.0,679787.84,1129965.03,0
1,370120.26,50183.0,0.0,97176.05,467296.31,0
1,231795.0,36611.0,0.0,236126.4,467921.4,0
1,197522.34,0.0,0.0,467170.43,664692.77,0
0,513818.65,0.0,0.0,2317084.63,2830903.28,0
1,78312.27,137166.0,58853.73,606066.82,572268.06,0
1,29123.52,43671.0,14547.48,450928.62,480052.14,0
1,215886.32,96047.38,0.0,689360.65,905246.96,0
1,205632.22,398570.0,192937.78,0.0,205632.22,0
0,149459.49,25408.0,0.0,0.0,149459.49,0
1,255013.98,212.0,0.0,99219.8,354233.79,0
1,362926.64,0.0,0.0,513049.46,875976.1,0
1,320636.16,0.0,0.0,1452019.94,1772656.1,0
0,94202.93,0.0,0.0,996436.93,1090639.86,0
1,261102.82,0.0,0.0,926182.74,1187285.56,0
1,344062.62,20657.0,0.0,0.0,536949.21,0
0,1151642.83,10665.0,0.0,105370.22,1257013.05,0
0,272743.76,0.0,0.0,1576500.74,1849244.51,0
1,21031.72,454920.0,433888.28,0.0,21031.72,0
0,426409.08,0.0,0.0,1191502.54,1617911.63,0
1,356986.61,2552.0,0.0,115133.92,472120.53,0
1,201120.13,0.0,0.0,763498.72,964618.86,0
1,114725.38,71715.0,0.0,0.0,114725.38,0
1,9063.81,103018.0,93954.19,92813.73,101877.54,0
1,76339.71,20960.0,0.0,258505.88,334845.6,0
1,54334.44,567165.0,512830.56,416844.82,471179.27,0
1,41806.33,21419.0,0.0,2462816.39,2504622.71,0
1,162984.51,0.0,0.0,2561528.07,2724512.57,0
1,267919.78,0.0,0.0,293345.93,561265.71,0
1,451249.24,0.0,0.0,4170354.54,4621603.78,0
1,347281.85,0.0,0.0,1730104.07,2077385.93,0
0,715950.22,0.0,0.0,920218.41,1636168.62,0
1,31904.48,60887.0,28982.52,1097803.63,1129708.1,0
0,219021.71,0.0,0.0,1085632.46,1304654.17,0
1,207837.64,0.0,0.0,2365620.3,2573457.93,0
1,121944.17,45939.0,0.0,0.0,121944.17,0
1,149855.29,0.0,0.0,180386.13,330241.41,0
1,280998.98,0.0,0.0,577085.02,858084.0,0
1,94202.52,150486.0,56283.48,19270.71,113473.22,0
0,1079374.99,1149.0,0.0,3050666.58,4130041.57,0
1,170563.92,0.0,0.0,171505.32,347555.27,0
1,9247.8,107836.0,98588.2,34560.78,43808.58,0
1,21632.53,44947.0,23314.47,0.0,0.0,0
1,101753.9,11405.0,0.0,0.0,101753.9,0
1,223610.35,288527.0,64916.65,2546064.13,2769674.48,0
1,214242.45,9380.0,0.0,60974.56,275217.01,0
1,290561.32,10307.0,0.0,0.0,290561.32,0
1,424261.38,19028.0,0.0,0.0,424261.38,0
1,118526.47,30195.0,0.0,511289.67,629816.13,0
1,123629.17,0.0,0.0,124703.13,248332.3,0
1,238990.92,201631.0,0.0,10277.0,356019.03,0
1,4733.87,54676.85,49942.98,28735.0,0.0,0
1,41954.32,436.0,0.0,0.0,41954.32,0
1,101044.59,31375.0,0.0,0.0,101044.59,0
1,164794.65,0.0,0.0,1170320.46,1335115.11,0
1,214507.13,511684.0,297176.87,0.0,214507.13,0
1,13077.03,288363.53,275286.5,16435.1,29512.14,0
1,182249.73,24032.0,0.0,14288.0,0.0,0
1,355303.02,0.0,0.0,426375.3,781678.32,0
0,336691.39,0.0,0.0,409897.29,746588.68,0
1,106682.99,0.0,0.0,1990862.38,2097545.37,0
1,25465.53,0.0,0.0,778139.12,803604.65,0
1,82774.76,3053.0,0.0,2944.63,85719.39,0
1,28984.72,77286.0,48301.28,105072.71,134057.43,0
1,442987.93,0.0,0.0,1574476.9,2017464.83,0
1,509968.48,21024.0,0.0,132372.48,772615.85,0
1,286765.53,0.0,0.0,1745372.47,2032138.0,0
1,131993.62,0.0,0.0,8768852.51,8315538.19,0
1,28767.67,48166.0,19398.33,47441.6,76209.28,0
1,52686.9,0.0,0.0,4515751.51,4568438.4,0
0,420947.79,0.0,0.0,474200.04,895147.83,0
1,174847.9,109635.15,0.0,1495066.05,1669913.95,0
0,472112.51,0.0,0.0,938374.85,1410487.36,0
1,47640.29,0.0,0.0,987561.8,1035202.1,0
1,246327.51,20921.0,0.0,49338.2,295665.71,0
1,483270.6,504335.0,21064.4,0.0,483270.6,0
1,178032.06,0.0,0.0,575288.52,753320.59,0
1,99982.57,31091.0,0.0,10578.75,27854.81,0
1,141108.78,0.0,0.0,579490.15,720598.93,0
1,249957.95,0.0,0.0,9711284.73,9961242.68,0
0,600997.11,0.0,0.0,1240770.01,1841767.12,0
1,7900.65,2869.0,0.0,0.0,7900.65,0
1,374008.11,0.0,0.0,1354261.03,1728269.13,0
0,1601655.49,12086.0,0.0,346955.56,2419608.42,0
0,593595.84,154081.0,0.0,914352.49,1507948.33,0
0,471188.92,0.0,0.0,2615653.95,3086842.87,0
0,584231.05,165129.0,0.0,0.0,917026.48,0
0,958478.51,1178.0,0.0,0.0,958478.51,0
1,248662.13,59267.0,0.0,211865.01,460527.14,0
1,90946.65,11311.0,0.0,183216.06,319640.43,0
1,142408.39,0.0,0.0,851562.76,993971.14,0
0,250201.41,0.0,0.0,3513455.73,3763657.13,0
0,376657.98,0.0,0.0,4809209.99,5185867.98,0
0,976121.84,11959.0,0.0,3406226.99,4382348.84,0
0,153270.77,0.0,0.0,861812.94,1015083.71,0
1,50492.82,0.0,0.0,4743172.54,4793665.37,0
1,187065.62,15093.0,0.0,159056.18,346121.8,0
1,107959.05,95376.0,0.0,3959.19,111918.24,0
1,66094.96,0.0,0.0,5700242.75,5766337.71,0
1,142623.92,10517.04,0.0,388331.34,530955.26,0
1,252096.76,5095.0,0.0,52394.06,304490.82,0
1,337790.95,0.0,0.0,965545.23,1303336.18,0
1,127914.93,5057.0,0.0,0.0,127914.93,0
1,776303.43,776303.43,0.0,414402.89,1190706.32,1
1,108528.16,54.0,0.0,516058.72,624586.89,0
1,423670.96,79718.0,0.0,601627.13,1025298.09,0
1,290154.2,0.0,0.0,1060574.88,1350729.08,0
0,211480.57,0.0,0.0,3517888.64,3729369.21,0
1,93708.49,0.0,0.0,579097.52,428998.62,0
1,294289.14,43903.0,0.0,930809.61,1225098.75,0
1,15483.92,0.0,0.0,161055.91,176539.83,0
1,234093.44,100238.0,0.0,728689.25,962782.69,0
1,215639.68,0.0,0.0,722503.06,938142.74,0
1,15487.84,10245.0,0.0,88954.68,104442.52,0
0,663988.64,0.0,0.0,6471511.57,7135500.21,0
1,162580.11,11826.0,0.0,16170.39,178750.5,0
1,133595.3,0.0,0.0,504739.57,638334.87,0
1,231796.11,0.0,0.0,7777531.56,8009327.67,0
1,55484.52,0.0,0.0,1416875.01,1472359.53,0
0,867561.0,930.85,0.0,1383601.52,2251162.52,0
1,44912.49,815.75,0.0,847134.92,892047.41,0
0,1676527.1,0.0,0.0,3579851.39,5256378.49,0
1,226075.75,147.0,0.0,2257276.94,2483352.69,0
1,320477.13,253789.0,0.0,3631722.13,3952199.25,0
0,900640.33,0.0,0.0,4222143.61,5374282.53,0
1,165186.87,616.0,0.0,0.0,165186.87,0
1,25788.41,39966.0,14177.59,542441.46,568229.88,0
0,568360.72,2560564.63,1992203.9,644104.79,1582942.46,0
1,207339.31,51135.0,0.0,0.0,207339.31,0
0,1467720.81,13698.0,0.0,0.0,1467720.81,0
1,38346.11,148712.0,110365.89,0.0,38346.11,0
1,34741.35,0.0,0.0,73303.94,108045.3,0
1,179263.98,0.0,0.0,246160.77,425424.75,0
1,377704.54,72373.0,0.0,336348.36,714052.91,0
1,403261.3,0.0,0.0,3559249.3,3962510.6,0
1,493094.02,10325.0,0.0,152714.26,645808.28,0
0,1605422.01,634010.0,0.0,548460.15,2153882.16,0
1,311348.52,11479.0,0.0,221706.41,533054.93,0
1,165613.61,0.0,0.0,177839.41,343453.03,0
1,468891.91,0.0,0.0,1967897.37,2436789.28,0
1,275633.92,30398.0,0.0,8150057.87,8425691.78,0
1,166616.61,233824.12,67207.51,9518443.0,9685059.6,0
0,166811.99,84382.0,0.0,520185.91,686997.9,0
1,210477.39,31684.0,0.0,1744976.88,1955454.28,0
1,47046.79,4967.0,0.0,0.0,47046.79,0
1,142800.65,50887.0,0.0,188833.32,331633.97,0
1,30037.17,0.0,0.0,646183.82,1012278.6,0
1,36436.72,0.0,0.0,1307084.09,1343520.81,0
0,223263.21,0.0,0.0,2409588.71,2632851.92,0
0,98505.27,0.0,0.0,157266.43,255771.71,0
1,51197.21,51810.0,612.79,0.0,51197.21,0
1,127892.35,19948.0,0.0,518635.35,646527.7,0
1,173392.93,0.0,0.0,251248.63,424641.56,0
1,207162.34,0.0,0.0,1416976.4,1624138.74,0
1,49378.66,39853.0,0.0,7907.84,57286.49,0
1,322671.45,107451.0,0.0,1236918.94,1559590.39,0
1,94788.59,65577.0,0.0,0.0,94788.59,0
1,216679.37,0.0,0.0,393161.95,609841.31,0
1,8611.96,340174.0,331562.04,1755863.68,1764475.64,0
1,196621.42,10436.0,0.0,22286.6,218908.02,0
1,35297.2,0.0,0.0,213733.87,249031.07,0
1,491186.03,30804.0,0.0,769899.33,975568.02,0
1,161956.72,883.0,0.0,0.0,161956.72,0
1,118498.82,0.0,0.0,3848932.61,3967431.44,0
1,62728.56,0.0,0.0,613435.61,676164.17,0
1,259467.7,0.0,0.0,524350.74,783818.44,0
1,232132.14,11080.0,0.0,0.0,232132.14,0
1,165105.08,0.0,0.0,351297.74,516402.82,0
1,215588.36,0.0,0.0,3055987.76,3271576.12,0
0,359142.95,0.0,0.0,2948648.95,3307791.9,0
1,160375.39,0.0,0.0,798023.12,791675.37,0
1,215395.32,23495.0,0.0,1633509.11,1848904.42,0
1,447680.91,258186.0,0.0,238701.12,686382.03,0
1,50273.83,0.0,0.0,3218455.3,3268729.13,0
1,258346.06,10640.0,0.0,1555354.87,1813700.93,0
1,76554.99,0.0,0.0,251562.01,328117.0,0
1,781304.12,0.0,0.0,25424638.83,26205942.95,0
1,58289.08,53605.0,0.0,3709707.19,3767996.27,0
1,115961.44,0.0,0.0,2213401.86,2329363.3,0
1,262891.09,0.0,0.0,1562651.15,1825542.24,0
1,249551.69,0.0,0.0,10220914.36,10470466.05,0
1,122768.44,258633.0,135864.56,1743432.8,1866201.24,0
1,42883.85,252.0,0.0,2100275.02,2143158.87,0
1,149533.89,30761.0,0.0,0.0,149533.89,0
1,119095.87,324644.0,205548.13,681250.79,800346.66,0
1,170248.41,9030.0,0.0,0.0,170248.41,0
1,3852.38,0.0,0.0,65609.55,69461.93,0
1,205718.62,59652.0,0.0,0.0,205718.62,0
1,157557.97,0.0,0.0,1389438.02,1546995.99,0
1,83281.11,22190.0,0.0,0.0,83281.11,0
1,47919.19,0.0,0.0,5510626.79,5558545.98,0
1,509398.08,0.0,0.0,1288849.92,731720.09,0
1,141474.66,0.0,0.0,12070743.5,12212218.16,0
1,89377.57,0.0,0.0,674688.79,764066.36,0
1,41746.69,274.0,0.0,539415.88,581162.57,0
1,119199.34,67.0,0.0,1901935.87,2021135.21,0
1,54191.17,0.0,0.0,428701.36,482892.53,0
1,79386.11,0.0,0.0,13677917.75,15639132.7,0
1,363235.26,28610.0,0.0,0.0,363235.26,0
1,237476.35,25543.0,0.0,153000.73,390477.08,0
1,289797.54,0.0,0.0,4402812.79,4692610.33,0
1,134323.48,0.0,0.0,23690831.12,23808109.86,0
1,158427.43,103912.0,0.0,16590204.57,16748632.01,0
1,369424.89,0.0,0.0,927483.72,1296908.61,0
1,315783.79,8754.0,0.0,1515958.16,1831741.96,0
1,286925.11,0.0,0.0,5902872.12,6338909.09,0
1,18039.58,279145.86,261106.28,3448370.94,3466410.53,0
1,458270.19,0.0,0.0,707677.79,1165947.98,0
1,248523.7,0.0,0.0,3920957.37,4169481.07,0
1,322321.13,0.0,0.0,0.0,322321.13,0
1,91345.46,8050.0,0.0,111602.93,202948.38,0
0,835685.09,10946.0,0.0,583908.57,1419593.66,0
1,244969.72,0.0,0.0,1661590.86,1906560.58,0
1,474484.61,0.0,0.0,6054753.05,6529237.66,0
1,163961.57,0.0,0.0,3935170.18,4099131.76,0
1,101444.62,0.0,0.0,8049274.24,8150718.86,0
1,65699.75,546.0,0.0,603491.62,669191.37,0
1,306130.45,26290.0,0.0,76933.77,383064.22,0
0,1414107.4,0.0,0.0,2675273.52,4089380.92,0
1,210075.41,101551.0,0.0,1876998.96,2087074.36,0
1,116373.88,21044.0,0.0,721030.53,837404.41,0
1,477800.97,15555.0,0.0,729916.34,1207717.31,0
0,462660.93,31178.0,0.0,47422.64,510083.57,0
1,319902.26,40048.0,0.0,0.0,622132.38,0
0,794822.54,21823.0,0.0,2991449.72,3786272.25,0
0,1327879.2,90022.0,0.0,59434.0,1387313.2,0
1,221328.45,0.0,0.0,5522117.31,5743445.76,0
0,10000000.0,0.0,0.0,21002712.4,31487159.18,0
1,423050.04,7258.0,0.0,570399.58,983835.3,0
1,399971.8,5209.0,0.0,178788.54,578760.34,0
1,18144.91,288.0,0.0,189782.21,207927.12,0
1,103194.99,70704.81,0.0,597956.5,701151.48,0
1,11241.19,0.0,0.0,105881.82,117123.01,0
1,124957.69,0.0,0.0,290746.91,415704.6,0
1,67861.41,43173.0,0.0,1254264.63,1322126.04,0
1,164062.07,0.0,0.0,896547.49,1350106.16,0
1,168286.22,0.0,0.0,445965.69,614251.91,0
1,307853.37,230768.0,0.0,0.0,307853.37,0
0,340998.85,102935.0,0.0,148590.02,489588.87,0
1,232248.84,14535.0,0.0,67813.29,300062.14,0
0,567640.09,3760.74,0.0,1518081.08,2488666.88,0
1,99439.18,0.0,0.0,109068.02,208507.21,0
1,869.87,21818.0,20948.13,545454.65,546324.53,0
1,57098.72,0.0,0.0,172804.64,229903.36,0
0,769337.47,33671.0,0.0,185713.3,955050.76,0
1,256218.53,0.0,0.0,331840.06,588058.58,0
1,210994.5,25830.0,0.0,0.0,376548.17,0
0,1400392.33,0.0,0.0,2516329.21,3916721.55,0
1,153869.64,10632.0,0.0,13856.24,167725.88,0
1,164311.34,822.0,0.0,0.0,164311.34,0
1,25042.05,49735.0,24692.95,0.0,25042.05,0
0,1137397.99,0.0,0.0,3884435.17,5021833.15,0
1,170508.42,1047.0,0.0,276586.72,447095.13,0
1,345962.99,5979.0,0.0,0.0,345962.99,0
1,24955.77,58747.0,33791.23,0.0,24955.77,0
1,146354.87,0.0,0.0,370870.82,517225.69,0
1,223673.91,95114.38,0.0,3256764.78,3480438.68,0
1,32798.75,10865.0,0.0,295726.42,328525.17,0
0,725091.07,0.0,0.0,2076362.35,2801453.42,0
0,38907.05,0.0,0.0,417092.12,455999.17,0
0,215785.41,44444.0,0.0,0.0,215785.41,0
1,102079.36,100081.0,0.0,0.0,102079.36,0
0,546366.04,104729.0,0.0,2826792.81,3373158.86,0
1,86717.86,0.0,0.0,2145259.25,2231977.11,0
0,356954.63,29851.0,0.0,5573303.43,5930258.05,0
1,378090.28,0.0,0.0,1112814.27,1490904.55,0
1,251990.1,7207.89,0.0,353831.46,605821.55,0
1,32880.83,0.0,0.0,425725.92,458606.74,0
1,105633.29,0.0,0.0,201817.13,307450.42,0
1,366212.98,0.0,0.0,3238714.46,3604927.44,0
1,407353.78,0.0,0.0,1867730.74,2275084.52,0
0,93954.96,357958.34,264003.37,142896.23,236851.2,0
1,49558.22,116832.3,67274.08,3752847.09,3802405.31,0
1,175996.33,39843.0,0.0,0.0,184202.12,0
0,1230140.85,0.0,0.0,15557559.7,16787700.55,0
1,80589.83,70601.0,0.0,20541.06,101130.89,0
1,183679.18,60052.0,0.0,259319.84,442999.03,0
1,7549.58,0.0,0.0,16608684.63,16616234.21,0
0,117452.25,0.0,0.0,306375.9,423828.14,0
1,193989.39,0.0,0.0,1022645.57,1216634.96,0
1,102551.07,130266.0,27714.93,22757.91,125308.99,0
1,180937.63,0.0,0.0,865583.31,1046520.94,0
1,118275.5,0.0,0.0,4447583.11,4832872.59,0
1,150090.41,0.0,0.0,186407.9,336498.31,0
1,185410.74,0.0,0.0,198541.76,383952.5,0
1,101101.9,7065.0,0.0,1539157.81,1640259.71,0
0,910685.25,0.0,0.0,1165778.49,2076463.73,0
1,54734.49,30134.0,0.0,36575.35,91309.84,0
1,77463.21,0.0,0.0,393717.7,471180.91,0
1,62570.53,146827.0,84256.47,0.0,62570.53,0
0,1245355.13,0.0,0.0,1528308.3,2773663.43,0
1,127676.36,197042.0,69365.64,0.0,127676.36,0
1,122225.97,0.0,0.0,334074.27,456300.24,0
1,251433.66,0.0,0.0,275935.76,527369.42,0
1,65977.34,0.0,0.0,194652.08,260629.42,0
1,107641.84,242817.87,135176.03,114501.35,222143.19,0
1,174620.23,108386.0,0.0,0.0,174620.23,0
1,356701.09,700367.0,343665.91,0.0,356701.09,0
1,380245.77,34632.0,0.0,6374631.68,6754877.45,0
1,477228.08,14644.0,0.0,4448368.6,4925596.67,0
1,93473.88,82191.0,0.0,2709603.52,2803077.4,0
1,467.54,0.0,0.0,544670.06,545137.6,0
0,2846983.44,1593.0,0.0,30198.02,2877181.47,0
1,101137.98,16243.0,0.0,3785.36,104923.34,0
1,412604.92,32019.85,0.0,1111177.73,1515381.68,0
0,6123433.64,0.0,0.0,6180776.93,12304210.56,0
1,193975.86,0.0,0.0,509539.43,703515.29,0
1,242579.84,0.0,0.0,4017037.53,4259617.38,0
1,228049.96,30236.0,0.0,166157.08,394207.04,0
0,1993743.63,0.0,0.0,2198756.59,4192500.22,0
1,459011.66,82768.26,0.0,1863448.35,2322460.01,0
1,18821.7,0.0,0.0,800348.46,819170.16,0
1,200444.64,29750.0,0.0,602685.29,803129.93,0
1,149207.32,6013.0,0.0,1446722.22,1595929.54,0
1,226506.61,127247.0,0.0,0.0,226506.61,0
1,222105.89,6545.0,0.0,1890412.09,2112517.98,0
1,42988.57,0.0,0.0,789643.9,832632.47,0
1,147330.07,0.0,0.0,962835.97,1110166.05,0
1,282796.29,104983.0,0.0,1015093.67,1297889.96,0
1,136533.4,0.0,0.0,769397.54,905930.94,0
1,72066.49,0.0,0.0,235908.41,307974.9,0
1,82338.38,0.0,0.0,153821.16,236159.54,0
1,106727.52,214377.0,107649.48,3516918.69,3623646.22,0
0,175277.57,4308.0,0.0,296575.9,471853.47,0
1,510155.79,345.0,0.0,228684.26,738840.05,0
1,176930.71,151865.35,0.0,860329.2,1037259.91,0
1,18011.97,0.0,0.0,699792.55,717804.52,0
1,165174.79,0.0,0.0,1828182.09,1993356.88,0
1,53182.56,22040.0,0.0,0.0,53182.56,0
1,40955.82,3665.0,0.0,184570.29,225526.1,0
1,143698.19,728.0,0.0,15919212.08,16062910.28,0
1,27937.24,0.0,0.0,2638306.77,2666244.01,0
0,1305861.94,101535.0,0.0,0.0,1305861.94,0
1,125902.56,86.0,0.0,4293527.43,4664561.21,0
0,156630.24,0.0,0.0,554311.8,710942.05,0
1,183388.49,70705.0,0.0,101837.01,285225.51,0
1,41750.04,22326.0,0.0,2396440.91,2438190.95,0
0,970278.49,0.0,0.0,14302155.02,15272433.5,0
1,254459.54,65355.0,0.0,416240.1,670699.63,0
0,754.54,50671.0,49916.46,38349.77,39104.31,0
1,95556.79,57422.0,0.0,2797768.43,2477033.86,0
0,720272.05,979.0,0.0,281068.67,1001340.72,0
1,106407.7,0.0,0.0,244423.92,350831.62,0
1,20612.46,0.0,0.0,459219.47,479831.93,0
1,515885.54,0.0,0.0,2569119.16,3085004.69,0
1,305954.14,4094.0,0.0,84952.77,390906.92,0
1,172963.11,0.0,0.0,614128.97,787092.08,0
1,10981.36,0.0,0.0,770469.64,781451.0,0
1,525399.2,32581.0,0.0,1133011.52,1658410.72,0
1,203410.87,0.0,0.0,1314119.54,1517530.4,0
1,19973.76,22254.0,2280.24,117149.91,137123.66,0
1,157513.0,0.0,0.0,4086627.23,4244140.23,0
1,105868.9,5220.0,0.0,0.0,91634.11,0
0,517383.05,0.0,0.0,1111851.93,1629234.97,0
1,30712.75,40906.0,10193.25,1483189.73,1513902.47,0
1,88783.26,0.0,0.0,345534.62,434317.88,0
1,110367.22,0.0,0.0,209190.57,319557.79,0
1,142351.0,12062.0,0.0,608217.74,750568.74,0
1,267454.74,2134.0,0.0,378856.25,646310.99,0
1,106754.29,0.0,0.0,116051.27,222805.56,0
0,1534348.37,0.0,0.0,2798697.87,4333046.25,0
0,114996.15,0.0,0.0,1190344.23,1305340.37,0
1,228563.89,561.0,0.0,638789.04,867352.93,0
1,183559.15,11966.0,0.0,3592041.43,3775600.58,0
1,36014.97,52371.0,16356.03,460338.77,496353.74,0
0,287535.54,0.0,0.0,9438911.81,9726447.35,0
1,324347.78,0.0,0.0,2380555.74,2704903.52,0
1,121759.34,0.0,0.0,547680.72,669440.05,0
0,490359.73,0.0,0.0,901096.15,1391455.88,0
1,192289.59,313904.0,121614.41,1386685.21,1746453.24,0
1,308117.49,0.0,0.0,550175.0,613546.33,0
1,351884.54,21576.0,0.0,64031.23,415915.77,0
1,77696.11,69896.0,0.0,3799547.74,3877243.86,0
1,358223.29,0.0,0.0,997729.88,1355953.18,0
0,40245.87,0.0,0.0,3371796.77,3412042.64,0
1,12523.83,0.0,0.0,229359.63,241883.46,0
1,129441.82,10427.0,0.0,255931.06,385372.88,0
1,80553.9,2091.0,0.0,41824.48,122378.39,0
1,371820.68,0.0,0.0,782362.52,1154183.2,0
1,8315.93,192467.0,184151.07,791521.39,799837.32,0
0,1296639.52,0.0,0.0,5763577.42,7060216.94,0
1,202901.39,0.0,0.0,683775.35,886676.74,0
1,401525.51,0.0,0.0,505224.46,906749.97,0
1,375034.4,10581.0,0.0,0.0,375034.4,0
0,477187.57,0.0,0.0,5328717.3,5805904.88,0
1,251022.18,0.0,0.0,2300341.24,2551363.42,0
1,519621.15,17687.0,0.0,0.0,519621.15,0
1,12476.61,0.0,0.0,267082.0,279558.6,0
0,187621.55,0.0,0.0,796405.24,984026.79,0
0,320299.46,0.0,0.0,2045259.51,2365558.97,0
1,158397.61,0.0,0.0,166286.7,324684.3,0
1,29301.85,9439.0,0.0,4549980.25,4579282.1,0
0,902054.95,0.0,0.0,8701532.65,9603587.59,0
0,1748283.43,0.0,0.0,4177089.06,5925372.5,0
0,565705.4,0.0,0.0,6406486.09,6972191.49,0
1,180335.68,52163.0,0.0,368984.09,549319.77,0
1,145875.34,129841.0,0.0,596517.9,742393.24,0
1,160632.85,313046.0,152413.15,131368.92,292001.76,0
1,262605.4,0.0,0.0,448314.27,710919.67,0
0,136498.51,0.0,0.0,285355.84,421854.35,0
1,172409.34,675061.75,502652.41,0.0,172409.34,0
1,420999.12,37351.34,0.0,577382.93,998382.05,0
1,67661.17,0.0,0.0,1387797.76,1455458.94,0
1,145644.92,270813.0,125168.08,6134943.73,6280588.66,0
1,221616.27,1606.0,0.0,2319761.14,2541377.41,0
1,192639.42,0.0,0.0,569405.74,762045.16,0
1,146871.84,52119.0,0.0,466384.76,613256.6,0
1,9247.55,676.0,0.0,432095.94,362031.61,0
1,112948.59,0.0,0.0,325704.21,438652.8,0
1,129269.09,53198.0,0.0,8131331.66,8260600.75,0
1,27033.97,7205.0,0.0,190852.19,217886.15,0
1,44398.63,0.0,0.0,187344.59,231743.22,0
1,197493.59,53473.0,0.0,55774.69,253268.28,0
1,216353.92,34981.05,0.0,885313.4,1101667.32,0
1,460599.2,15688.0,0.0,90170.08,550769.28,0
0,118912.11,0.0,0.0,291292.8,410204.91,0
1,142661.26,0.0,0.0,1906672.83,2049334.09,0
1,80137.78,6470.0,0.0,726956.61,807094.39,0
1,188397.09,71621.0,0.0,486318.45,674715.54,0
1,14175.55,60315.0,46139.45,0.0,14175.55,0
1,167987.68,79614.0,0.0,0.0,167987.68,0
1,151523.23,0.0,0.0,5785820.79,5937344.03,0
0,1010.0,10374.0,9364.0,4794189.98,4795199.98,0
1,190949.86,20239.0,0.0,1029866.55,1220816.41,0
1,13501.0,744.0,0.0,564644.03,578145.03,0
1,382961.08,161260.0,0.0,0.0,382961.08,0
1,396335.7,102209.0,0.0,93334.04,489669.74,0
0,1897259.06,12938.0,0.0,993.0,1554005.65,0
1,316219.64,652.0,0.0,0.0,316219.64,0
1,509762.48,171163.14,0.0,1240574.88,1750337.36,0
1,79459.8,11442.0,0.0,518150.78,597610.58,0
0,135960.21,0.0,0.0,535891.94,671852.15,0
1,119616.58,65761.0,0.0,979086.63,1098703.21,0
0,1001040.91,458945.0,0.0,137643.61,1138684.52,0
1,332808.3,28612.38,0.0,587979.13,920787.43,0
1,64043.9,0.0,0.0,7391206.05,7455249.96,0
0,110517.41,267341.0,156823.59,245295.86,355813.27,0
0,1975030.91,82570.0,0.0,180845.89,2155876.79,0
1,140126.77,0.0,0.0,218180.05,358306.82,0
1,55410.48,0.0,0.0,440978.22,496388.69,0
1,352290.42,0.0,0.0,5636687.78,6638700.95,0
1,82138.88,187.0,0.0,298658.01,594225.02,0
0,1843997.77,0.0,0.0,2968526.26,4812524.03,0
1,14598.56,111955.0,97356.44,1625613.26,1810848.15,0
1,313200.54,0.0,0.0,1257206.76,1497264.89,0
1,96108.96,0.0,0.0,1635321.98,1536099.07,0
1,242395.48,5431.0,0.0,162059.71,277008.49,0
1,7822.07,0.0,0.0,9892719.37,9900541.44,0
0,251851.63,86904.0,0.0,15113.0,600604.62,0
1,99393.23,0.0,0.0,181685.28,281078.5,0
1,81475.45,0.0,0.0,2156769.74,2238245.19,0
1,58487.41,28292.0,0.0,1480901.6,1539389.01,0
1,303591.58,367709.86,64118.27,742346.55,1045938.13,0
1,103250.81,40186.0,0.0,191079.12,294329.93,0
1,103248.95,0.0,0.0,25891493.38,25994742.33,0
1,344741.92,291831.11,0.0,647080.88,991822.8,0
1,188603.38,2427.0,0.0,572127.48,760730.86,0
1,84894.07,0.0,0.0,547096.52,631990.58,0
1,154270.1,0.0,0.0,461743.2,616013.3,0
1,253792.6,0.0,0.0,961579.97,1215372.58,0
1,401075.45,45249.0,0.0,0.0,310188.53,0
1,262971.66,1521.0,0.0,1112247.57,1375219.24,0
1,123965.03,3019.0,0.0,0.0,123965.03,0
1,231675.55,871809.73,640134.18,967844.16,1199519.7,0
0,823112.18,0.0,0.0,3567581.17,4390693.35,0
0,236773.71,0.0,0.0,631509.37,868283.08,0
1,132032.61,0.0,0.0,536822.15,668854.76,0
1,162446.41,0.0,0.0,649101.96,811548.37,0
1,95710.11,0.0,0.0,124315.86,220025.98,0
1,59363.46,0.0,0.0,182861.52,242224.98,0
1,282922.81,0.0,0.0,3731675.99,4014598.8,0
1,102760.46,11640.0,0.0,0.0,102760.46,0
1,112897.22,0.0,0.0,444565.44,557462.66,0
1,195924.23,0.0,0.0,337815.76,533739.99,0
1,179246.78,10720.21,0.0,271666.58,450913.37,0
1,205097.46,0.0,0.0,1347670.48,1552767.94,0
1,328718.3,1098.0,0.0,171520.79,500239.09,0
1,47387.77,0.0,0.0,422448.02,469835.79,0
1,47063.28,0.0,0.0,4026162.75,4073226.03,0
1,296897.89,0.0,0.0,3155754.22,3452652.1,0
0,655950.04,0.0,0.0,1291895.43,1947845.47,0
0,1097426.73,92889.0,0.0,206856.0,1304282.73,0
1,207730.15,42262.0,0.0,0.0,207730.15,0
0,1227658.61,595.0,0.0,0.0,1227658.61,0
1,13744.75,116061.0,102316.25,0.0,13744.75,0
0,123797.59,0.0,0.0,842133.48,965931.07,0
1,22182.69,65862.0,43679.31,0.0,22182.69,0
1,37022.54,51291.0,14268.46,0.0,37022.54,0
1,81933.28,50166.0,0.0,3977372.61,4059305.88,0
1,319083.98,0.0,0.0,1500410.56,1819494.54,0
0,633010.81,0.0,0.0,4313401.56,4946412.38,0
1,141216.55,5213.0,0.0,169562.56,120667.65,0
1,19547.32,0.0,0.0,1143803.06,1163350.39,0
1,73955.49,63380.87,0.0,488400.73,562356.22,0
1,48687.43,67025.79,18338.35,54420.5,103107.94,0
1,118282.96,50365.0,0.0,201427.01,319709.98,0
1,24737.46,0.0,0.0,720204.36,744941.82,0
1,160675.16,67658.0,0.0,0.0,160675.16,0
1,184915.05,484495.09,299580.04,885594.66,1070509.71,0
1,2962.26,0.0,0.0,231841.73,234803.99,0
1,96023.98,4469.57,0.0,396467.61,284294.56,0
1,430265.16,0.0,0.0,834471.11,1264736.27,0
1,371146.92,0.0,0.0,1279030.46,1650177.39,0
1,81988.37,0.0,0.0,1016584.93,1098573.31,0
1,150861.87,19961.0,0.0,28094.09,178955.96,0
1,23437.61,0.0,0.0,414214.44,437652.04,0
0,540132.76,34496.0,0.0,5231093.39,5771226.15,0
0,490290.46,25069.0,0.0,587579.02,1077869.48,0
1,312553.32,0.0,0.0,1249882.29,1562435.61,0
1,719885.95,3582.0,0.0,222177.65,942063.61,0
1,275935.04,200.0,0.0,2494624.85,2770559.88,0
1,264650.85,170.0,0.0,262542.67,527193.52,0
1,590611.49,24308.0,0.0,137915.77,1045899.28,0
1,440589.55,0.0,0.0,502023.08,942612.63,0
1,163882.43,0.0,0.0,522401.19,686283.62,0
0,784298.44,10744.0,0.0,462749.39,1247047.83,0
1,296991.27,0.0,0.0,335735.09,632726.36,0
0,9161748.15,0.0,0.0,12906114.35,22067862.51,0
1,265837.41,0.0,0.0,571876.57,837713.98,0
1,423042.13,0.0,0.0,2623383.67,3046425.81,0
1,241370.23,490.0,0.0,39633.16,281003.39,0
1,298090.9,0.0,0.0,831877.57,1129968.46,0
1,161934.7,0.0,0.0,214310.58,376245.28,0
0,26378.1,0.0,0.0,316296.55,342674.65,0
0,365257.2,0.0,0.0,702713.46,1067970.67,0
1,120268.24,11292.0,0.0,1685529.18,1805797.41,0
0,259630.83,0.0,0.0,496730.11,756360.95,0
1,141255.5,0.0,0.0,333612.56,630098.72,0
1,442742.7,0.0,0.0,5790139.41,6232882.11,0
1,133941.17,501247.0,367305.83,685549.93,819491.1,0
1,137316.41,0.0,0.0,403154.8,540471.21,0
1,171154.71,11622.0,0.0,50933.0,43563.08,0
1,79660.94,12352.0,0.0,205973.2,285634.14,0
1,652349.64,0.0,0.0,3581787.38,4462572.73,0
1,2913.73,6471.0,3557.27,8038392.82,8041306.55,0
0,20854.16,0.0,0.0,11232813.5,11253667.66,0
1,520533.83,0.0,0.0,13735107.3,14255641.13,0
1,495741.24,560597.71,64856.47,4336382.0,4832123.25,0
1,479301.02,236675.0,0.0,0.0,239726.81,0
1,424022.67,389.0,0.0,145317.95,569340.62,0
1,111280.83,0.0,0.0,221657.14,410401.48,0
1,56627.82,0.0,0.0,1057311.27,1113939.1,0
1,347342.31,0.0,0.0,12813788.41,13161130.72,0
1,574170.13,0.0,0.0,1031349.72,1605519.85,0
1,97586.89,0.0,0.0,368334.69,465921.58,0
1,239088.51,0.0,0.0,990296.12,1229384.64,0
1,76353.82,0.0,0.0,181883.25,258237.07,0
0,1195918.96,71452.0,0.0,153593.85,1349512.81,0
1,54035.18,21726.0,0.0,1913706.88,2008176.03,0
1,207829.75,60633.0,0.0,0.0,207829.75,0
1,146007.04,0.0,0.0,2548485.12,2694492.17,0
1,367058.17,0.0,0.0,3488654.61,3855712.79,0
1,536205.26,0.0,0.0,6431174.63,6967379.89,0
1,296218.97,0.0,0.0,1781070.52,2077289.49,0
1,353526.3,336.0,0.0,77418.31,430944.61,0
0,780058.31,0.0,0.0,1220836.86,2000895.18,0
1,132084.19,11072.0,0.0,0.0,132084.19,0
1,428000.12,543.0,0.0,1951429.58,2379429.7,0
0,214032.22,0.0,0.0,3275731.42,3489763.64,0
1,24564.0,239574.9,215010.9,72576.46,0.0,0
1,24572.81,612.0,0.0,342684.79,367257.61,0
1,111278.86,0.0,0.0,1521179.67,1632458.53,0
1,87166.55,0.0,0.0,5443367.85,5530534.41,0
0,334321.42,0.0,0.0,15731009.68,16065331.1,0
1,115786.61,0.0,0.0,159887.96,315687.53,0
0,529464.31,13025.68,0.0,5612346.93,6141811.24,0
1,110012.74,39607.0,0.0,0.0,110012.74,0
1,10716.86,0.0,0.0,345291.86,356008.72,0
1,394089.68,27006.0,0.0,3060946.92,3345349.24,0
1,312933.86,564931.0,251997.14,22476689.74,22789623.61,0
1,202422.12,123445.22,0.0,548597.89,751020.01,0
1,503158.45,72529.0,0.0,2855040.81,3358199.25,0
1,182040.12,0.0,0.0,787908.21,969948.33,0
1,563226.04,100683.0,0.0,277987.28,841213.32,0
1,210568.83,0.0,0.0,556203.29,766772.12,0
1,141995.65,0.0,0.0,12115582.44,12257578.09,0
0,1157137.4,11268.0,0.0,813760.26,1807686.03,0
1,71264.55,50795.0,0.0,1656176.41,1665178.98,0
1,174017.35,2428.0,0.0,120812.12,294829.47,0
1,292567.78,51725.0,0.0,631714.54,924282.32,0
1,115160.19,0.0,0.0,252954.39,368114.58,0
1,121549.51,9053.0,0.0,275850.51,397400.02,0
1,34459.92,12706.0,0.0,0.0,34459.92,0
1,139138.57,0.0,0.0,367663.95,140297.36,0
1,83183.59,87891.0,4707.41,272535.93,355719.52,0
1,154955.01,0.0,0.0,3562991.07,3717946.08,0
1,525798.81,0.0,0.0,3769998.89,4295797.7,0
1,391416.74,0.0,0.0,781718.62,1173135.36,0
1,413896.28,0.0,0.0,1248904.72,1662801.0,0
1,8539.39,6060.0,0.0,48204.94,56744.33,0
1,358213.71,9275.0,0.0,345576.67,703790.38,0
1,234203.16,0.0,0.0,1117101.19,1351304.35,0
1,184673.28,0.0,0.0,233686.51,418359.79,0
1,21961.29,0.0,0.0,4219685.25,4241646.54,0
1,165671.12,22265.0,0.0,424065.34,589736.45,0
0,404878.05,0.0,0.0,2105251.32,2510129.37,0
1,21142.42,0.0,0.0,26140.07,255833.4,0
1,74665.28,0.0,0.0,125860.22,200525.5,0
1,62952.28,0.0,0.0,85805.25,148757.52,0
1,382603.18,3041.0,0.0,4105.94,386709.12,0
1,120758.18,0.0,0.0,251869.83,372628.01,0
1,215486.49,343907.0,128420.51,348213.02,563699.51,0
1,113846.06,0.0,0.0,452941.88,566787.94,0
1,13330.98,0.0,0.0,13511.22,26842.2,0
1,160878.76,0.0,0.0,209550.62,370429.39,0
1,171007.34,25761.0,0.0,0.0,171007.34,0
1,65055.38,10798.0,0.0,1101270.41,1166325.79,0
0,259402.57,30074.0,0.0,658303.7,917706.27,0
1,393156.74,1349.0,0.0,16793.8,409950.54,0
1,106087.51,196219.83,90132.32,1042136.56,1148224.07,0
1,162647.84,38116.0,0.0,27620.38,190268.22,0
0,132134.98,52168.0,0.0,143208.18,275343.16,0
1,27546.14,57.0,0.0,3317946.93,3345493.07,0
1,638662.58,0.0,0.0,3293422.51,3932085.09,0
1,88167.1,0.0,0.0,7391787.94,7479955.04,0
0,496368.56,0.0,0.0,648030.83,1144399.39,0
0,29026.74,0.0,0.0,301478.31,330505.05,0
1,84482.34,5250.0,0.0,327150.32,411632.67,0
1,251896.08,0.0,0.0,5643035.33,5894931.41,0
1,504913.33,0.0,0.0,1736564.91,2241478.24,0
0,737568.86,0.0,0.0,2355649.87,3079354.4,0
1,176436.06,0.0,0.0,761029.4,937465.46,0
0,422099.2,0.0,0.0,1217180.44,1639279.64,0
1,213926.76,0.0,0.0,595058.11,808984.87,0
1,353313.69,0.0,0.0,756064.22,1109377.91,0
0,1022410.21,14148.0,0.0,0.0,1022410.21,0
0,1810427.06,9096.0,0.0,0.0,1810427.06,0
1,47502.15,0.0,0.0,1836263.11,1883765.26,0
1,128336.88,30222.0,0.0,16814.05,145150.93,0
1,93035.64,34297.0,0.0,98939.22,191974.86,0
1,30672.65,0.0,0.0,104004.57,134677.22,0
0,1107902.43,22816.0,0.0,0.0,1107902.43,0
1,309098.01,237138.0,0.0,1024.0,0.0,0
1,98773.08,0.0,0.0,14854280.82,15018849.97,0
0,304866.73,42498.0,0.0,11299310.31,11604177.03,0
1,36870.7,227890.96,191020.25,315715.74,352586.44,0
1,113774.75,0.0,0.0,710201.92,823976.66,0
1,341051.3,76148.0,0.0,694785.72,1035837.02,0
1,5356.54,0.0,0.0,419893.47,425250.01,0
0,178908.36,0.0,0.0,2008162.63,2188999.71,0
1,251760.17,0.0,0.0,502919.97,754680.14,0
1,177048.07,0.0,0.0,636992.76,814040.83,0
1,112048.02,1548.0,0.0,20846.34,132894.36,0
1,239420.81,0.0,0.0,2587145.72,2826566.53,0
1,130866.52,4082.0,0.0,4038906.37,4169772.89,0
1,113331.97,0.0,0.0,520758.66,634090.63,0
0,358530.16,21501.0,0.0,996245.58,1354775.73,0
1,126963.23,0.0,0.0,4491635.34,4618598.56,0
1,288893.11,0.0,0.0,501955.03,790848.14,0
1,186770.64,4695.0,0.0,334996.18,521766.82,0
1,527940.05,6574.0,0.0,0.0,527940.05,0
1,123637.59,0.0,0.0,4365426.34,4489063.94,0
0,1081233.97,0.0,0.0,1510923.57,2592157.54,0
0,868822.99,20033.0,0.0,143908.6,1012731.59,0
1,352191.49,289119.56,0.0,1038154.11,1390345.6,0
1,323161.3,145394.11,0.0,662646.36,2164371.71,0
1,1288300.99,0.0,0.0,5051277.47,6339578.46,0
1,223106.0,21368.0,0.0,654044.73,877150.73,0
1,253329.92,0.0,0.0,302737.65,556067.57,0
0,358478.91,100206.55,0.0,555398.21,913877.12,0
1,210512.62,553689.66,343177.04,602475.88,812988.5,0
1,196405.3,0.0,0.0,827417.48,1023822.78,0
1,119401.59,7139.0,0.0,192.0,88441.6,0
1,519732.54,48078.0,0.0,4534604.59,5054337.13,0
1,232377.7,49796.0,0.0,0.0,519036.17,0
1,67005.66,0.0,0.0,227767.03,294772.69,0
0,347111.02,146214.0,0.0,11701.35,358812.37,0
0,33246.17,39701.0,6454.83,5390748.24,5423994.42,0
1,9876.5,1127.0,0.0,0.0,9876.5,0
0,530614.69,0.0,0.0,4057764.77,4588379.47,0
1,134281.81,728.0,0.0,1056117.69,1190399.51,0
1,29124.19,494.0,0.0,26628217.35,26657341.53,0
0,717488.62,439.0,0.0,189956.38,907445.0,0
1,7029.68,0.0,0.0,99240.0,106269.68,0
1,59580.8,0.0,0.0,664094.2,723675.0,0
1,106609.15,350206.0,243596.85,699987.76,806596.92,0
1,258503.96,0.0,0.0,7873947.28,8132451.24,0
1,116331.96,0.0,0.0,3165874.56,3282206.52,0
1,17593.64,2544.0,0.0,0.0,17593.64,0
0,469338.45,436745.52,0.0,845051.03,1314389.48,0
0,106422.33,349.0,0.0,256656.84,363079.17,0
0,1182201.55,31110.0,0.0,847434.11,2029635.66,0
1,354659.5,0.0,0.0,10357247.47,10711906.96,0
1,93796.77,247.0,0.0,5475897.66,5815813.11,0
1,184245.12,15889.0,0.0,1802225.9,1986471.02,0
1,187125.47,0.0,0.0,238694.21,425819.69,0
0,1045880.01,0.0,0.0,15268549.13,16314429.14,0
1,236895.17,4566.0,0.0,1070146.21,1307041.38,0
1,24531.13,0.0,0.0,2028075.73,2052606.85,0
0,848323.65,5005.0,0.0,643134.24,1491457.89,0
1,47670.31,101328.0,53657.69,338729.46,386399.77,0
1,110055.27,98.0,0.0,0.0,110055.27,0
1,255745.25,0.0,0.0,13922424.34,14178169.59,0
0,625711.31,0.0,0.0,2253053.58,2878764.89,0
1,21502.34,0.0,0.0,22556.99,44059.33,0
1,94295.76,206409.0,112113.24,1650905.36,1745201.11,0
1,273560.76,3415.0,0.0,221472.03,495032.79,0
1,58772.06,10548.0,0.0,264131.33,322903.39,0
1,230481.19,124540.0,0.0,291141.33,521622.51,0
1,143717.96,31109.0,0.0,2687814.08,2831532.04,0
1,77371.17,0.0,0.0,3288849.94,3366221.11,0
0,245043.1,0.0,0.0,4352633.2,4597676.3,0
1,229496.06,57546.0,0.0,585199.91,814695.97,0
1,157240.62,74790.0,0.0,230487.74,387728.36,0
1,371667.15,0.0,0.0,539449.16,911116.3,0
1,127069.8,47529.0,0.0,2058541.54,2185611.34,0
1,219000.98,97978.0,0.0,50644.92,269645.9,0
1,587990.37,91359.0,0.0,38598.49,626588.86,0
1,41832.14,0.0,0.0,962597.62,1004429.75,0
1,40948.71,0.0,0.0,421575.6,462524.31,0
1,245214.2,0.0,0.0,6798608.7,7043822.9,0
1,155421.89,4152.0,0.0,8778.3,164200.19,0
1,131432.01,30681.0,0.0,1832729.25,3357457.94,0
1,41827.6,0.0,0.0,4033028.62,4074856.22,0
1,144628.82,0.0,0.0,184461.73,329090.55,0
1,40274.09,181847.0,141572.91,0.0,40274.09,0
1,17180.61,97452.0,80271.39,210098.02,227278.63,0
1,473141.51,0.0,0.0,1785520.27,2258661.78,0
1,76205.23,570.0,0.0,82258.0,0.0,0
1,109578.05,400.0,0.0,1043001.62,1152579.67,0
0,711528.77,201069.0,0.0,0.0,711528.77,0
1,116232.47,698.0,0.0,0.0,116232.47,0
1,83356.44,0.0,0.0,1868403.75,1951760.19,0
1,323069.02,122579.0,0.0,37544.15,360613.17,0
1,29787.12,15065.0,0.0,204312.77,234099.89,0
1,55770.11,0.0,0.0,528626.9,584397.01,0
1,55673.85,0.0,0.0,1618455.47,1674129.32,0
1,292120.93,162400.93,0.0,8364224.21,8656345.13,0
1,229672.0,6103.0,0.0,132142.78,361814.78,0
1,176740.39,40891.0,0.0,0.0,176740.39,0
1,76779.29,19283.62,0.0,823034.02,899813.3,0
1,105143.37,0.0,0.0,224156.87,329300.25,0
1,138516.13,247745.73,109229.6,1005964.69,1144480.81,0
0,8430.62,0.0,0.0,30688.33,39118.95,0
1,286486.4,26587.0,0.0,1386567.05,1673053.44,0
1,192455.14,35389.0,0.0,0.0,192455.14,0
1,190117.17,5757.0,0.0,54782.99,244900.16,0
1,454903.93,63026.0,0.0,0.0,615609.04,0
1,243569.59,2076.0,0.0,87323.09,330892.68,0
1,523880.72,22163.0,0.0,0.0,523880.72,0
1,287246.35,41317.0,0.0,0.0,287246.35,0
1,210234.68,0.0,0.0,292410.35,502645.03,0
1,7605.06,15122.0,7516.94,149676.17,157281.23,0
1,203196.55,11581.0,0.0,130919.05,334115.6,0
1,380858.15,257929.0,0.0,0.0,380858.15,0
1,244060.21,10903.0,0.0,1322449.61,1566509.83,0
1,521324.12,50142.0,0.0,3593715.65,4115039.78,0
1,262807.17,0.0,0.0,10208729.57,10471536.73,0
1,287877.15,66436.0,0.0,301244.65,589121.8,0
1,186129.76,0.0,0.0,546534.58,732664.34,0
1,300290.05,154.0,0.0,93954.06,394244.11,0
0,101018.22,2088.0,0.0,54728.97,155747.19,0
0,569354.04,59640.0,0.0,549382.62,1118736.66,0
0,583411.33,32409.0,0.0,1342748.54,1926159.86,0
1,114307.72,2366.0,0.0,4911969.44,5026277.16,0
1,271800.89,0.0,0.0,2238225.35,2510026.24,0
0,474350.43,0.0,0.0,4470449.19,4944799.62,0
0,2381840.63,156308.0,0.0,0.0,2381840.63,0
0,90949.95,0.0,0.0,607599.49,698549.44,0
1,106618.0,0.0,0.0,337481.65,444099.65,0
1,53657.41,0.0,0.0,14659898.15,14713555.56,0
1,319628.36,1682.0,0.0,784721.22,1104349.58,0
1,311253.82,0.0,0.0,340328.21,651582.03,0
1,207610.9,0.0,0.0,587608.17,795219.07,0
1,31984.07,0.0,0.0,385263.75,417247.82,0
1,96993.71,117834.0,20840.29,194833.39,291827.1,0
1,15021.62,0.0,0.0,477271.47,492293.09,0
1,55640.34,211190.43,155550.09,10342842.99,10398483.33,0
1,134066.9,22295.0,0.0,1362701.79,1496768.69,0
1,101449.38,0.0,0.0,1540369.72,1641819.1,0
0,308452.96,92507.0,0.0,919183.94,1227636.9,0
1,49182.21,241638.87,192456.67,86852.46,0.0,0
1,94157.6,257.0,0.0,2635107.12,2729264.72,0
1,91468.5,24484.0,0.0,982741.15,1074209.65,0
1,7213.92,0.0,0.0,1147637.82,1154851.73,0
0,275772.67,81010.0,0.0,603120.05,878892.71,0
1,68014.52,0.0,0.0,524078.1,592092.62,0
0,130329.41,0.0,0.0,1400704.62,1531034.03,0
1,106360.67,66414.12,0.0,112040.48,218401.15,0
0,432944.8,304511.22,0.0,3611307.9,3944735.1,0
1,184257.36,197.0,0.0,0.0,184257.36,0
0,642753.39,114521.0,0.0,0.0,642753.39,0
1,125387.25,14599.0,0.0,0.0,125387.25,0
1,2593.34,51187.0,48593.66,574766.91,577360.24,0
0,868952.76,20539.0,0.0,4740794.05,5609746.81,0
1,75454.95,7636.0,0.0,192873.01,490127.19,0
1,33619.74,0.0,0.0,143594.71,177214.44,0
1,462002.85,0.0,0.0,764710.8,1226713.65,0
1,143000.26,21302.0,0.0,7302052.39,7445052.65,0
1,220342.44,0.0,0.0,8373835.04,8594177.48,0
1,63862.29,22470.0,0.0,0.0,63862.29,0
1,443583.24,304546.0,0.0,325869.23,769452.47,0
1,48144.12,0.0,0.0,1220177.3,1268321.42,0
1,29426.62,0.0,0.0,1207698.64,1237125.26,0
1,53123.15,0.0,0.0,61039.47,114162.62,0
1,122339.5,0.0,0.0,2007045.42,2129384.92,0
1,495173.32,0.0,0.0,7606037.98,7928947.79,0
1,10086.01,51304.0,41217.99,1575741.87,1585827.87,0
1,21261.2,0.0,0.0,389213.12,410474.32,0
1,277048.57,31497.0,0.0,5484491.29,5761539.86,0
1,155097.25,34040.0,0.0,0.0,298249.2,0
1,75327.39,4460.0,0.0,202733.86,278061.25,0
0,190451.05,0.0,0.0,208752.81,399203.86,0
1,5871.12,102111.0,96239.88,0.0,255618.49,0
1,426156.69,45323.0,0.0,0.0,426156.69,0
1,99563.29,0.0,0.0,4255161.73,4354725.02,0
1,11908.44,49851.0,37942.56,531186.95,543095.39,0
1,284571.85,86033.0,0.0,1067265.44,1351837.29,0
1,125262.74,240.0,0.0,0.0,125262.74,0
1,126353.18,0.0,0.0,1477726.96,1604080.14,0
1,11341.71,171.0,0.0,0.0,11341.71,0
1,235421.55,40257.0,0.0,85419.29,320840.83,0
1,208916.0,0.0,0.0,508312.22,717228.23,0
1,50270.99,51583.0,1312.01,0.0,50270.99,0
0,509604.58,61268.0,0.0,0.0,509604.58,0
1,124548.46,14807.0,0.0,931700.64,1056249.11,0
1,273007.61,0.0,0.0,407466.24,680473.85,0
1,192997.61,12986.0,0.0,85495.32,278492.93,0
0,4783070.1,0.0,0.0,11463914.8,16246984.9,0
1,23551.91,11120.0,0.0,144372.64,167924.55,0
1,208934.56,811745.0,602810.44,0.0,208934.56,0
1,180966.72,20097.0,0.0,770147.9,951114.62,0
1,118883.5,0.0,0.0,313220.3,432103.8,0
1,362510.16,0.0,0.0,943102.41,1305612.57,0
1,110417.02,397.0,0.0,117672.53,228089.55,0
1,95874.51,43814.53,0.0,1950583.86,2046458.37,0
1,326328.73,12479.0,0.0,4309239.78,4635568.51,0
0,157989.78,0.0,0.0,4426288.26,4621821.65,0
1,191105.92,0.0,0.0,393422.44,584528.37,0
1,263158.24,0.0,0.0,4869497.11,5132655.35,0
1,44521.4,0.0,0.0,3386798.94,3431320.34,0
1,206018.82,0.0,0.0,1656984.48,1863003.29,0
1,158827.48,0.0,0.0,781301.49,940128.97,0
1,154021.92,0.0,0.0,1797783.2,1951805.12,0
0,92443.05,0.0,0.0,695873.64,788316.7,0
0,198359.45,0.0,0.0,6832351.41,7030710.86,0
0,607775.75,0.0,0.0,788566.75,1396342.5,0
1,214555.85,0.0,0.0,4575179.83,4789735.69,0
1,124090.7,0.0,0.0,938143.24,1072013.89,0
0,1093297.06,138766.41,0.0,1184771.73,2278068.79,0
1,220697.46,0.0,0.0,252368.38,473065.83,0
1,187871.17,0.0,0.0,12854299.17,13042170.34,0
1,317716.21,43228.73,0.0,1533788.27,1851504.48,0
1,39940.05,0.0,0.0,99298.8,139238.85,0
1,37790.34,274570.0,236779.66,1443306.99,1481097.33,0
1,442593.33,52344.0,0.0,2074380.59,2516973.91,0
1,220467.6,0.0,0.0,316862.48,537330.08,0
1,112384.18,0.0,0.0,1095198.55,1207582.72,0
1,143510.79,30194.0,0.0,0.0,143510.79,0
1,209800.91,0.0,0.0,2507511.94,2717312.85,0
0,732803.46,0.0,0.0,2125149.2,2857952.67,0
1,107365.7,0.0,0.0,235783.95,300656.87,0
1,403777.36,12431.0,0.0,21996.5,581454.32,0
0,713068.0,31121.0,0.0,287170.22,1000238.23,0
1,77637.93,0.0,0.0,2265254.33,2342892.26,0
0,345282.24,22475.41,0.0,463814.06,809096.3,0
1,122154.98,103643.58,0.0,144414.56,266569.54,0
1,131043.47,0.0,0.0,415573.71,546617.18,0
1,202644.04,21383.0,0.0,30945.99,233590.03,0
1,35770.67,0.0,0.0,382597.91,418368.57,0
1,136750.26,103733.0,0.0,0.0,0.0,0
1,284279.75,0.0,0.0,1120103.37,1404383.11,0
0,243278.26,0.0,0.0,770476.25,1013754.51,0
1,212297.85,478900.32,266602.46,628669.05,840966.9,0
1,20019.45,0.0,0.0,26075.0,0.0,0
1,293219.7,0.0,0.0,5475602.91,5768822.61,0
1,193184.85,0.0,0.0,556874.39,750059.24,0
1,245069.86,0.0,0.0,1146517.85,1391587.71,0
1,264780.15,4502.0,0.0,2175571.29,2440351.44,0
1,286803.74,10853.34,0.0,7133080.79,7419884.53,0
1,357966.04,0.0,0.0,5669716.7,6027682.74,0
1,120299.61,0.0,0.0,976625.65,1096925.26,0
0,725423.9,0.0,0.0,3507069.07,4232492.97,0
1,110176.42,13491.0,0.0,101717.08,211893.5,0
1,208282.46,140844.0,0.0,33474.86,241757.32,0
1,32057.98,69824.0,37766.02,7894.66,39952.64,0
0,233544.61,0.0,0.0,1221875.18,1455419.8,0
1,238974.55,29991.0,0.0,2039061.8,2278036.34,0
1,58661.08,132318.0,73656.92,23868.4,82529.48,0
1,105887.81,0.0,0.0,1317392.69,1383881.7,0
0,81376.75,0.0,0.0,628143.07,709519.82,0
1,222258.13,5126.0,0.0,0.0,222258.13,0
0,365997.87,21410.0,0.0,0.0,365997.87,0
1,105795.78,0.0,0.0,201514.0,307309.78,0
1,142344.51,144685.0,2340.49,1175471.97,1317816.48,0
0,720092.82,0.0,0.0,1144196.32,1864289.13,0
1,356157.17,98461.0,0.0,44472.51,400629.68,0
1,187781.97,130669.0,0.0,0.0,187781.97,0
1,143923.93,0.0,0.0,470001.58,613925.51,0
1,438049.62,20235.0,0.0,0.0,438049.62,0
1,246981.97,0.0,0.0,281495.62,528477.59,0
1,162623.7,12326.0,0.0,7016691.81,6341271.25,0
1,78419.5,437235.0,358815.5,0.0,78419.5,0
1,67150.71,53275.0,0.0,486026.92,553177.63,0
0,325297.44,60614.0,0.0,42286.85,367584.29,0
1,50057.91,21034.0,0.0,0.0,50057.91,0
1,35513.33,6144.0,0.0,0.0,35513.33,0
1,171282.26,0.0,0.0,3090990.4,3262272.66,0
1,42907.85,0.0,0.0,63535.17,106443.02,0
1,24709.27,0.0,0.0,1193030.98,1217740.26,0
0,3454353.94,0.0,0.0,10853888.38,14308242.33,0
1,229977.29,22798.0,0.0,1015422.8,1245400.09,0
1,27842.87,9476.03,0.0,75875.55,103718.42,0
0,1222573.74,0.0,0.0,7058011.83,8280585.57,0
1,318611.82,1509.0,0.0,0.0,318611.82,0
1,50995.67,0.0,0.0,197681.74,248677.41,0
0,287465.33,7534.0,0.0,0.0,287465.33,0
1,49154.65,20138.0,0.0,549331.14,598485.79,0
0,1481688.58,0.0,0.0,1786681.62,3268370.21,0
1,78990.62,49627.0,0.0,1429672.69,1508663.3,0
1,107268.38,39206.0,0.0,91760.1,199028.48,0
0,609123.91,14359.0,0.0,679527.71,1288651.62,0
1,23709.8,0.0,0.0,383747.01,605021.77,0
0,330544.15,0.0,0.0,11024245.3,11354789.44,0
1,155590.15,0.0,0.0,440029.71,595619.86,0
1,67366.79,49633.0,0.0,838370.88,1108229.32,0
1,394809.09,67416.0,0.0,0.0,394809.09,0
1,183895.43,107239.0,0.0,0.0,183895.43,0
0,2644431.86,0.0,0.0,3479222.18,6123654.04,0
1,102185.94,0.0,0.0,2528714.48,2630900.43,0
0,833238.73,10048.0,0.0,0.0,833238.73,0
1,17819.84,0.0,0.0,335213.82,353033.66,0
0,915746.84,51825.0,0.0,384780.66,1300527.49,0
1,287509.04,40331.0,0.0,1113382.69,1400891.73,0
1,316037.12,637651.0,321613.88,0.0,316037.12,0
1,157064.61,22041.0,0.0,505595.58,662660.19,0
1,285068.58,11843.0,0.0,538792.07,823860.65,0
1,229903.87,0.0,0.0,909981.55,1139885.42,0
0,1901312.31,0.0,0.0,2605788.53,4507100.85,0
1,211461.68,909622.23,698160.55,1790729.2,2002190.88,0
1,79274.54,0.0,0.0,356896.79,504534.78,0
1,5506.06,0.0,0.0,71053.84,76559.89,0
1,239717.66,51324.0,0.0,221763.01,461480.67,0
1,115006.77,1751.0,0.0,154789.81,269796.58,0
1,127147.08,481173.64,354026.56,186737.2,313884.28,0
0,1225057.26,0.0,0.0,3405436.95,4859157.78,0
1,194198.57,1821.0,0.0,1133144.14,1327342.71,0
1,512206.64,0.0,0.0,10877014.42,11473721.18,0
1,143340.79,7048.0,0.0,0.0,143340.79,0
1,454175.06,0.0,0.0,667274.23,1121449.29,0
1,15080.79,0.0,0.0,3430076.66,3445157.44,0
0,669633.79,470886.0,0.0,841637.23,1511271.01,0
0,885982.84,57144.0,0.0,370362.98,1256345.81,0
1,231562.08,11267.0,0.0,117782.32,349344.41,0
1,100885.3,3285.0,0.0,0.0,100885.3,0
1,80519.95,47149.0,0.0,1840024.24,1920544.19,0
1,127750.02,51618.0,0.0,18414.22,146164.24,0
1,36381.49,21078.0,0.0,25693.6,62075.09,0
1,279215.31,30224.0,0.0,0.0,279215.31,0
1,53070.06,11027.0,0.0,0.0,53070.06,0
1,100054.52,813.0,0.0,0.0,100054.52,0
1,45067.64,297384.0,252316.36,1965328.19,2010395.84,0
1,101271.69,34974.0,0.0,843994.27,945265.96,0
1,279749.27,0.0,0.0,5073735.81,5353485.08,0
1,316564.33,17405.0,0.0,83240.59,399804.91,0
1,39873.4,149.0,0.0,3992259.05,4032132.45,0
1,167287.39,503509.0,336221.61,66234.34,233521.73,0
0,208120.48,0.0,0.0,16046562.58,17129087.21,0
1,228468.62,0.0,0.0,432223.71,660692.33,0
1,114745.25,41072.0,0.0,1600386.87,1715132.13,0
1,127470.08,0.0,0.0,5295996.89,5423466.97,0
1,61390.08,143880.0,82489.92,11509950.71,11571340.79,0
1,260394.97,18.0,0.0,79039.32,339434.29,0
1,66864.19,0.0,0.0,99589.41,166453.6,0
1,148678.67,5064.0,0.0,3166791.16,3315469.83,0
1,29921.46,479.0,0.0,0.0,29921.46,0
1,88437.46,0.0,0.0,241078.95,329516.4,0
1,145416.17,0.0,0.0,289407.63,434823.79,0
1,164410.6,155850.0,0.0,1016776.03,1181186.63,0
1,244049.23,8200.0,0.0,4167.63,248216.86,0
1,278710.43,0.0,0.0,1454766.44,1733476.87,0
1,163525.59,0.0,0.0,283397.45,446923.04,0
1,153609.13,30717.0,0.0,0.0,153609.13,0
1,530725.5,915.0,0.0,3092849.5,3623575.0,0
1,256229.2,220680.0,0.0,0.0,256229.2,0
1,258185.07,10345.0,0.0,0.0,258185.07,0
1,327454.02,0.0,0.0,403132.5,730586.52,0
1,28783.52,0.0,0.0,259786.79,288570.31,0
1,116628.56,0.0,0.0,410500.66,527129.23,0
1,139382.04,0.0,0.0,299295.79,438677.83,0
1,62983.91,35201.0,0.0,3089863.43,3152847.35,0
1,492314.26,185921.0,0.0,75485.15,567799.41,0
1,232962.4,0.0,0.0,852490.92,1085453.32,0
0,139527.64,0.0,0.0,5124711.99,5264239.63,0
1,493306.87,75.0,0.0,1438050.14,2122385.76,0
1,313163.58,108.0,0.0,3887.61,317051.18,0
1,50553.88,0.0,0.0,77102.94,127656.82,0
1,19843.3,326419.71,306576.41,959388.81,979232.11,0
1,61385.97,0.0,0.0,353410.62,414796.59,0
1,247371.32,9557.0,0.0,0.0,247371.32,0
1,5244.01,0.0,0.0,15860.31,21104.32,0
0,475803.39,0.0,0.0,1182068.05,1657871.44,0
1,165888.83,10699.0,0.0,1466914.64,1632803.47,0
0,142529.4,48882.0,0.0,225194.15,367723.54,0
1,42232.93,0.0,0.0,645339.13,687572.06,0
1,391508.56,397335.0,5826.44,2318870.99,2710379.55,0
1,145355.81,545254.02,399898.22,1335966.52,1481322.33,0
1,276756.51,56222.0,0.0,0.0,276756.51,0
1,107216.11,79829.0,0.0,0.0,107216.11,0
0,625988.95,0.0,0.0,1087702.08,1713691.03,0
1,181489.67,0.0,0.0,430838.72,612328.39,0
0,204267.7,834.0,0.0,419723.06,623990.76,0
1,234318.77,49954.0,0.0,2454477.58,2726640.19,0
1,69198.58,103761.0,34562.42,119917.17,189115.75,0
1,103386.85,41457.99,0.0,1281628.89,1385015.73,0
1,499096.83,0.0,0.0,3153605.93,3652702.76,0
1,123147.88,20986.0,0.0,2422761.37,2545909.24,0
1,161397.36,0.0,0.0,1751857.08,1913254.43,0
1,231474.25,0.0,0.0,792107.95,1214532.43,0
1,102470.18,22382.0,0.0,657759.8,760229.98,0
1,310181.73,138195.0,0.0,469428.31,779610.04,0
1,339298.81,53860.0,0.0,0.0,339298.81,0
1,111192.14,0.0,0.0,431577.44,542769.58,0
1,56893.76,51383.0,0.0,27042.53,83936.29,0
0,37703.48,0.0,0.0,164580.88,202284.36,0
1,266137.13,20036.0,0.0,565551.31,831688.44,0
1,107886.51,50203.0,0.0,6918.71,114805.22,0
1,386672.48,1781.0,0.0,21302.61,407975.09,0
1,129233.67,0.0,0.0,1663504.77,1792738.44,0
1,407353.86,4771.0,0.0,244184.98,651538.84,0
1,164516.14,0.0,0.0,520034.73,684550.86,0
1,384454.98,0.0,0.0,1534161.11,1918616.09,0
1,163663.37,0.0,0.0,417100.74,580764.11,0
1,158082.22,130874.0,0.0,1153868.54,1311950.76,0
1,293074.51,0.0,0.0,1005252.87,1298327.38,0
1,175315.35,0.0,0.0,250563.23,0.0,0
1,499768.08,102053.0,0.0,249145.96,748914.04,0
1,16358.02,0.0,0.0,2165466.26,2475958.06,0
0,2431893.22,0.0,0.0,7644723.78,10076617.01,0
1,55229.76,0.0,0.0,508113.56,563343.32,0
1,470750.5,18782.0,0.0,185079.61,655830.11,0
1,107288.91,0.0,0.0,6476738.38,6904756.34,0
1,71496.5,0.0,0.0,317777.54,389274.05,0
1,94693.53,0.0,0.0,490141.28,584834.82,0
1,34196.09,0.0,0.0,105175.06,139371.15,0
1,97453.75,11411.0,0.0,209663.38,307117.13,0
1,236853.14,0.0,0.0,2276750.77,2513603.91,0
1,227.83,0.0,0.0,126191.0,176370.96,0
1,316208.44,0.0,0.0,639555.67,955764.11,0
0,333008.01,188674.0,0.0,0.0,85753.46,0
1,90520.67,110.0,0.0,0.0,90520.67,0
0,1869240.87,79484.0,0.0,330947.05,2200187.92,0
1,446075.89,0.0,0.0,1050662.21,1496738.09,0
1,252700.85,10042.0,0.0,200124.63,452825.49,0
1,270253.77,0.0,0.0,2167102.08,2437355.85,0
1,405885.1,0.0,0.0,1520385.17,1937167.01,0
0,317125.27,185995.43,0.0,796638.78,1113764.05,0
1,81277.22,0.0,0.0,682132.51,883172.14,0
0,262536.76,0.0,0.0,1030359.35,1292896.1,0
1,161883.01,34457.0,0.0,4141039.12,4302922.14,0
1,114371.85,32323.0,0.0,1959562.67,2073934.53,0
1,157025.49,222502.0,65476.51,63210.17,220235.66,0
1,130202.78,11487.0,0.0,5361115.32,5491318.09,0
1,94084.23,0.0,0.0,552976.38,647060.62,0
0,853039.32,87857.0,0.0,1904482.47,2757521.8,0
1,88693.65,0.0,0.0,169327.65,258021.3,0
1,84133.57,0.0,0.0,457785.01,541918.58,0
1,39978.04,25815.0,0.0,1981015.59,2326440.8,0
1,232547.74,0.0,0.0,3487326.01,3719873.75,0
1,45736.87,0.0,0.0,228458.61,274195.48,0
1,191643.92,0.0,0.0,415268.99,606912.91,0
1,375007.49,0.0,0.0,501180.94,876188.43,0
1,147879.3,21164.0,0.0,792478.86,940358.16,0
0,272964.01,41621.0,0.0,482798.62,755762.62,0
1,62227.96,10432.0,0.0,111265.45,173493.41,0
1,131354.44,17441.0,0.0,75290.29,206644.73,0
1,129304.47,107767.0,0.0,2698020.07,2827324.54,0
1,284066.87,0.0,0.0,3061091.41,3345158.27,0
0,6752.18,0.0,0.0,53599.7,60351.88,0
1,245164.37,5150.0,0.0,115235.42,360399.8,0
0,28084.35,50056.0,21971.65,1729070.94,1757155.29,0
1,27204.35,84683.0,57478.65,1848764.46,1875968.81,0
1,154809.28,27158.0,0.0,706052.76,909963.8,0
0,1949783.6,19999.0,0.0,0.0,1949783.6,0
1,64782.9,0.0,0.0,12095031.15,12159814.05,0
0,18407.07,30782.07,12375.0,22903.83,41310.9,0
1,142265.94,0.0,0.0,31727099.09,31869365.03,0
0,3798596.1,10563.0,0.0,1213599.52,5012195.62,0
1,50837.96,0.0,0.0,1046787.28,1097625.24,0
1,110598.3,0.0,0.0,371079.77,481678.06,0
1,201782.96,9060.0,0.0,0.0,201782.96,0
1,178085.63,0.0,0.0,9084088.99,9262174.62,0
1,169900.98,0.0,0.0,489799.67,659700.65,0
1,135220.99,0.0,0.0,2181455.97,2316676.96,0
1,55878.0,60349.0,4471.0,0.0,55878.0,0
0,677875.78,0.0,0.0,16322307.93,17000183.71,0
1,190268.94,0.0,0.0,1928527.06,2118796.0,0
1,211274.74,0.0,0.0,2706809.21,2918083.95,0
1,99128.65,0.0,0.0,770403.15,927938.61,0
1,70344.69,19933.0,0.0,626206.35,696551.03,0
1,95637.97,0.0,0.0,2754956.22,2850594.19,0
1,170422.44,0.0,0.0,7503044.0,7673466.44,0
1,59170.56,361330.0,302159.44,485636.14,544806.7,0
1,447177.2,3616.0,0.0,676224.3,1123401.51,0
1,235157.76,3402.0,0.0,198520.7,433678.46,0
0,602832.21,3849.67,0.0,1557118.67,2159950.88,0
0,1305577.71,0.0,0.0,4165641.67,5471219.38,0
1,480125.88,10160.0,0.0,85564.35,565690.23,0
1,336743.97,9001.0,0.0,1273675.35,1610419.32,0
1,27936.82,404419.0,376482.18,205946.74,233883.56,0
0,231294.97,0.0,0.0,2411586.07,2642881.04,0
1,261556.21,0.0,0.0,2421470.84,2683027.04,0
1,175186.11,39911.0,0.0,0.0,175186.11,0
1,246242.35,0.0,0.0,413228.26,659470.61,0
0,808379.71,0.0,0.0,1793183.71,2601563.42,0
1,114444.5,0.0,0.0,434347.32,548791.82,0
0,8413816.45,14937.0,0.0,2297209.57,10711026.02,0
0,1311386.27,45698.0,0.0,402614.96,1714001.23,0
1,44419.84,31516.0,0.0,146319.32,190739.16,0
1,219930.41,0.0,0.0,1890877.5,2110807.91,0
0,1122259.42,0.0,0.0,2882814.81,4005074.23,0
1,298684.71,21157.0,0.0,727324.03,1026008.75,0
0,454564.65,0.0,0.0,3027305.57,3481870.22,0
1,140021.25,166.0,0.0,2523982.3,2664003.55,0
1,234439.41,15233.27,0.0,709067.37,472083.92,0
0,1700225.66,230.0,0.0,0.0,1700225.66,0
1,14160.33,365930.35,351770.01,236196.47,250356.81,0
1,178488.46,0.0,0.0,540819.67,719308.14,0
1,201153.73,0.0,0.0,632447.77,833601.49,0
0,58452.11,161.0,0.0,150886.51,209338.63,0
1,147759.29,0.0,0.0,213448.81,361208.1,0
1,26880.0,32022.0,5142.0,0.0,26880.0,0
0,701428.93,0.0,0.0,7500235.47,8201664.4,0
1,306694.05,0.0,0.0,3264892.38,3571586.44,0
1,406481.65,21432.0,0.0,807529.86,845203.91,0
1,66971.84,15522.0,0.0,0.0,66971.84,0
0,1080750.49,0.0,0.0,3914710.22,4995460.71,0
1,145428.48,41749.0,0.0,0.0,145428.48,0
1,121546.48,0.0,0.0,28285480.69,28407027.17,0
1,153332.07,10644.0,0.0,646356.52,799688.59,0
1,414185.73,24234.0,0.0,674424.47,1871521.94,0
0,1034886.68,0.0,0.0,3291025.95,4325912.63,0
1,281833.13,0.0,0.0,2284600.81,2973237.5,0
1,311578.5,19860.0,0.0,673648.19,985226.69,0
1,1550.82,0.0,0.0,889997.37,891548.2,0
1,226545.72,0.0,0.0,375351.97,601897.7,0
0,44537.76,19569.0,0.0,521672.09,566209.85,0
1,66153.54,87868.0,21714.46,549765.64,615919.18,0
0,1394267.6,0.0,0.0,5443034.61,6837302.21,0
1,616137.38,16488.0,0.0,4580544.85,5196682.24,0
1,70423.09,0.0,0.0,188285.09,258708.18,0
0,33130.23,0.0,0.0,677289.01,710419.24,0
1,138106.46,0.0,0.0,181897.13,320003.59,0
0,1320880.45,59.0,0.0,0.0,1320880.45,0
1,63844.14,231.0,0.0,98206.95,162051.09,0
1,16467.85,0.0,0.0,267847.75,284315.6,0
1,119095.61,0.0,0.0,342442.3,461537.91,0
1,32407.66,0.0,0.0,318966.3,351373.96,0
1,13848.26,30479.0,16630.74,1237174.42,1251022.68,0
0,6390763.63,13329.0,0.0,0.0,6390763.63,0
0,207095.6,0.0,0.0,1867426.65,2074522.25,0
0,1169100.81,0.0,0.0,2470873.17,3639973.98,0
0,161435.2,0.0,0.0,3517470.6,3678905.81,0
1,159837.04,0.0,0.0,594888.38,754725.41,0
0,223320.74,0.0,0.0,312362.12,535682.86,0
1,14181.59,41627.0,27445.41,0.0,173378.89,0
1,130081.22,0.0,0.0,1817002.56,1947083.78,0
1,233845.24,129.0,0.0,1031666.51,1265511.75,0
0,1852096.85,0.0,0.0,10386292.87,12238389.72,0
1,325936.51,193.0,0.0,0.0,325936.51,0
1,89537.15,0.0,0.0,1167699.73,1257236.88,0
1,213209.76,100573.81,0.0,8803561.39,9016771.15,0
1,141275.28,0.0,0.0,650736.73,792012.01,0
1,55838.32,0.0,0.0,3983318.75,4039157.07,0
1,306046.63,228598.0,0.0,947216.77,1253263.4,0
1,167496.07,198262.0,30765.93,235862.74,403358.82,0
1,372060.07,0.0,0.0,7356276.63,7728336.71,0
1,115105.49,21050.0,0.0,343809.36,542102.08,0
0,438602.0,0.0,0.0,6995634.2,7434236.2,0
1,99986.96,77.0,0.0,582799.64,682786.59,0
1,289128.35,3097.0,0.0,0.0,289128.35,0
1,194649.35,77730.0,0.0,0.0,194649.35,0
1,172858.33,70620.0,0.0,121529.55,294387.88,0
1,49164.4,216.0,0.0,0.0,49164.4,0
1,228407.29,68637.0,0.0,326778.64,505747.58,0
1,240589.82,25949.0,0.0,1997488.71,2238078.53,0
1,54886.88,10399.0,0.0,314410.24,369297.12,0
0,340509.16,7094.03,0.0,614561.83,955070.99,0
1,436196.52,1114063.23,677866.71,20590.0,0.0,0
1,146293.88,216.0,0.0,587939.51,734233.38,0
0,3992149.76,53648.0,0.0,0.0,3992149.76,0
1,266519.38,0.0,0.0,1734665.71,2001185.09,0
1,437110.88,1949.0,0.0,142157.0,579267.88,0
1,457553.44,0.0,0.0,1136385.14,1593938.58,0
1,290782.63,31436.0,0.0,0.0,290782.63,0
1,112731.54,376649.94,263918.39,615245.93,727977.47,0
1,384864.13,0.0,0.0,4442850.66,4827714.79,0
1,98221.23,0.0,0.0,3157624.2,3255845.43,0
1,59205.6,1495.0,0.0,1632585.08,1691790.68,0
1,18185.35,37416.0,19230.65,251911.33,270096.68,0
1,77464.05,0.0,0.0,137858.54,215322.6,0
0,1005137.16,38327.63,0.0,2650308.56,3655445.72,0
1,157885.91,0.0,0.0,337635.5,635249.38,0
0,205228.08,79692.0,0.0,0.0,205228.08,0
1,128405.03,38658.56,0.0,452685.8,581090.83,0
1,92535.21,0.0,0.0,502513.68,595048.88,0
1,240546.64,608374.0,367827.36,472782.29,713328.94,0
1,6625.85,57125.0,50499.15,0.0,6625.85,0
1,92293.34,0.0,0.0,570694.44,662987.77,0
1,39047.54,0.0,0.0,284535.83,323583.37,0
1,233766.75,5614.0,0.0,0.0,1793011.1,0
0,289775.0,53691.0,0.0,6406393.22,6696168.23,0
0,276823.29,0.0,0.0,490393.72,767217.01,0
1,48618.02,0.0,0.0,532707.84,581325.86,0
1,60786.91,0.0,0.0,8458210.39,8518997.3,0
1,205164.79,1066.0,0.0,13603.17,0.0,0
0,464910.12,39948.0,0.0,3794366.73,4259276.85,0
0,17492.62,33469.22,15976.61,724180.72,741673.33,0
1,50810.1,0.0,0.0,759985.66,810795.76,0
1,71540.33,14162.65,0.0,528178.67,599719.0,0
1,33196.06,0.0,0.0,354203.84,387399.9,0
1,165096.48,13519.0,0.0,96682.4,261778.89,0
1,190019.62,0.0,0.0,1880663.24,2070682.86,0
0,2513662.27,5840.0,0.0,0.0,2513662.27,0
1,299862.5,52388.0,0.0,2055477.84,2355340.33,0
1,114634.35,0.0,0.0,176834.72,291469.08,0
1,271648.53,10941.0,0.0,0.0,271648.53,0
1,137815.49,47829.0,0.0,441143.82,578959.32,0
1,344987.49,41955.0,0.0,782515.8,1127503.29,0
1,21829.31,21829.31,0.0,357009.54,378838.85,1
1,55659.15,2079.0,0.0,0.0,55659.15,0
0,425837.27,0.0,0.0,4304701.01,4730538.28,0
1,49603.22,24225.0,0.0,0.0,49603.22,0
1,132849.24,71956.0,0.0,26398860.67,26531709.91,0
1,110223.04,19977.0,0.0,2735362.05,2845585.09,0
1,497618.79,179706.3,0.0,760950.33,1258569.12,0
1,140383.63,0.0,0.0,922627.59,1063011.22,0
1,73946.79,73946.79,0.0,518296.65,592243.44,1
1,100991.52,34506.0,0.0,174115.83,275107.36,0
0,73931.61,50059.0,0.0,1625724.48,2084014.17,0
1,60860.47,140572.0,79711.53,0.0,60860.47,0
1,113922.88,31918.0,0.0,17503.14,131426.02,0
1,112815.91,55803.0,0.0,1119195.63,1232011.54,0
1,241585.69,2599120.55,2357534.86,888081.16,1129666.86,0
1,17886.58,0.0,0.0,78578.12,96464.69,0
1,60489.35,10407.0,0.0,277236.93,337726.28,0
1,99124.31,6352.0,0.0,0.0,99124.31,0
1,16003.09,39037.0,23033.91,38073.21,54076.31,0
1,121455.31,0.0,0.0,2706431.83,2827887.14,0
0,675184.83,0.0,0.0,10857349.57,11532534.4,0
0,11097.11,0.0,0.0,493665.39,504762.51,0
1,114608.01,7435.0,0.0,382021.96,496629.97,0
1,80892.21,0.0,0.0,1211760.75,1292652.96,0
1,38170.08,0.0,0.0,2949482.41,2987652.49,0
1,200709.7,5008.0,0.0,0.0,200709.7,0
1,195813.83,0.0,0.0,271310.8,467124.63,0
0,1246485.18,117175.48,0.0,10692164.29,11938649.47,0
1,277734.19,171.0,0.0,3448151.79,3725885.98,0
1,39408.77,0.0,0.0,154708.43,194117.2,0
0,189146.76,0.0,0.0,668279.65,857426.41,0
1,116260.4,0.0,0.0,7390208.32,7506468.72,0
1,94378.13,303919.3,209541.17,2958177.72,3052555.85,0
1,246194.24,32357.0,0.0,0.0,246194.24,0
1,131458.57,0.0,0.0,2161937.66,2293396.23,0
0,10000000.0,500583.0,0.0,716484.46,77736656.59,0
1,373292.68,200911.0,0.0,0.0,548844.69,0
1,168988.27,0.0,0.0,1200276.88,1369265.15,0
1,190693.31,0.0,0.0,2280935.14,2471628.45,0
0,80928.83,0.0,0.0,526992.11,607920.94,0
1,474266.22,31437.0,0.0,67176.39,541442.61,0
1,164532.45,15263.0,0.0,97870.95,262403.39,0
1,266966.36,0.0,0.0,2053863.24,2320829.6,0
0,792551.39,0.0,0.0,3589043.65,4381595.04,0
1,10057.31,5137.0,0.0,416619.76,647187.82,0
1,144545.69,0.0,0.0,189303.76,333849.45,0
1,277118.57,0.0,0.0,283901.48,561020.05,0
1,156456.45,20618.0,0.0,3951270.11,4107726.57,0
0,201848.82,0.0,0.0,232985.14,434833.96,0
1,158767.76,193707.0,34939.24,0.0,158767.76,0
1,313841.62,0.0,0.0,946249.14,1260090.77,0
0,360621.45,0.0,0.0,868944.99,1229566.44,0
1,169242.3,10559.0,0.0,136544.59,305786.9,0
0,427369.8,894.0,0.0,0.0,427369.8,0
1,157440.23,0.0,0.0,2094423.53,2251863.76,0
1,343765.53,0.0,0.0,512906.79,856672.32,0
1,77236.81,0.0,0.0,303373.3,380610.11,0
1,100057.59,0.0,0.0,135275.63,235333.22,0
1,166820.69,2403.0,0.0,1279.65,168100.35,0
1,155655.03,9947.0,0.0,0.0,155655.03,0
1,584900.16,51054.0,0.0,65865.05,650765.21,0
1,427504.74,0.0,0.0,483738.59,911243.34,0
1,998.1,41086.0,40087.9,0.0,998.1,0
1,205835.11,1415.0,0.0,515815.76,721650.87,0
0,645386.89,9082.0,0.0,0.0,645386.89,0
1,356244.22,267302.55,0.0,749946.42,1106190.64,0
1,164376.58,21604.0,0.0,36700.8,201077.39,0
0,1965411.36,0.0,0.0,8088706.27,10054117.63,0
1,91771.48,0.0,0.0,2531892.47,2623663.95,0
1,135360.91,21814.0,0.0,176301.76,311662.67,0
1,68863.85,0.0,0.0,129867.39,198731.24,0
1,40258.51,188102.0,147843.49,14507.85,54766.36,0
1,268448.83,18224.0,0.0,91123.29,359572.12,0
1,360680.78,160629.0,0.0,0.0,360680.78,0
0,542071.27,0.0,0.0,3358406.13,3900477.4,0
1,205268.69,201594.0,0.0,880499.76,1085754.58,0
1,411750.12,6493.0,0.0,0.0,411750.12,0
1,223905.82,178.0,0.0,710006.28,933912.1,0
1,98312.4,20486.0,0.0,993098.75,1091411.15,0
1,85298.32,116023.0,30724.68,6513097.9,7277233.74,0
1,340991.31,0.0,0.0,716014.16,1057005.47,0
1,175826.2,374674.4,198848.2,1028189.78,1204015.98,0
1,460756.59,14822.0,0.0,1000886.49,1461643.08,0
1,413641.17,21265.0,0.0,641938.75,1055579.92,0
1,2520.55,0.0,0.0,2981279.21,2983799.76,0
1,115726.16,0.0,0.0,260451.21,376177.37,0
1,178636.65,0.0,0.0,584272.15,762908.8,0
0,34500.64,496651.0,462150.36,871883.77,906384.41,0
1,164524.88,0.0,0.0,10246571.54,10411096.41,0
1,186724.58,22053.0,0.0,49982.0,236706.58,0
1,254896.66,108590.0,0.0,491288.71,746185.37,0
1,57540.6,24055.0,0.0,51129.82,108670.42,0
1,77655.18,114771.0,37115.82,5913366.38,5991021.56,0
1,287324.44,0.0,0.0,1365140.85,1652465.29,0
1,152764.45,10850.0,0.0,0.0,152764.45,0
1,216027.82,0.0,0.0,724238.54,940266.37,0
1,130935.82,0.0,0.0,267911.43,398847.25,0
1,93645.95,27758.0,0.0,26342043.26,26435689.22,0
1,125669.88,0.0,0.0,680432.59,806102.47,0
0,201569.46,0.0,0.0,1087753.45,1289322.9,0
1,140073.58,0.0,0.0,33234435.11,33205966.08,0
1,119229.52,336249.83,217020.31,195051.15,314280.68,0
1,528387.24,13388.0,0.0,0.0,528387.24,0
1,76310.68,113467.57,37156.89,10038512.44,10114823.13,0
1,132250.24,22163.0,0.0,266351.6,398601.84,0
1,76448.02,100292.0,23843.98,1069178.9,1224011.85,0
1,112230.06,377201.0,264970.94,701124.71,813354.77,0
1,60803.8,197570.0,136766.2,0.0,60803.8,0
1,168101.22,353886.0,185784.78,0.0,168101.22,0
1,39994.89,1224.0,0.0,457040.37,793596.27,0
1,161091.56,0.0,0.0,162159.45,323251.01,0
1,51068.76,341.0,0.0,78794.05,129862.8,0
1,98956.09,0.0,0.0,677700.93,776657.02,0
1,269296.64,353.0,0.0,7684.66,276981.3,0
1,60685.32,195683.0,134997.68,6997.72,67683.04,0
1,404336.36,0.0,0.0,1832075.53,2236411.89,0
1,232271.92,0.0,0.0,1122686.56,1354958.48,0
1,64101.56,0.0,0.0,2795140.42,2859241.98,0
1,190628.98,0.0,0.0,491049.28,681678.26,0
0,14994.62,0.0,0.0,1114488.1,1129482.72,0
1,22947.65,0.0,0.0,6638431.7,6436104.67,0
0,804859.8,129294.58,0.0,7537144.06,8342003.86,0
1,180738.09,0.0,0.0,732468.62,1238045.33,0
1,216191.23,0.0,0.0,424704.08,640895.31,0
1,326465.56,121158.0,0.0,0.0,326465.56,0
1,251163.93,53046.0,0.0,0.0,251163.93,0
1,48540.38,9476.0,0.0,28173.95,76714.33,0
1,355984.01,765769.0,409784.99,0.0,355984.01,0
1,305773.45,19503.0,0.0,0.0,305773.45,0
1,64467.73,110140.26,45672.53,377957.68,442425.4,0
1,330097.41,9056.0,0.0,0.0,330097.41,0
1,12069.09,0.0,0.0,802880.05,814949.14,0
1,365934.49,0.0,0.0,1285740.8,1651675.3,0
1,128243.47,16736.0,0.0,790.1,129033.57,0
1,214116.13,50038.0,0.0,0.0,214116.13,0
1,304017.47,0.0,0.0,646723.13,950740.61,0
1,25897.65,25861.36,0.0,1171439.19,1197336.84,0
1,234622.97,11606.0,0.0,0.0,234622.97,0
0,1860504.31,0.0,0.0,5584987.06,7445491.36,0
1,13539.0,0.0,0.0,1661608.07,1675147.08,0
1,296497.35,0.0,0.0,2780698.15,3077195.5,0
1,107801.52,10484.0,0.0,0.0,107801.52,0
0,283126.95,60204.0,0.0,0.0,283126.95,0
1,75006.89,0.0,0.0,471856.5,546863.39,0
1,844380.21,84750.0,0.0,0.0,844380.21,0
0,210079.86,204527.0,0.0,1572222.92,1782302.78,0
0,5516.74,47841.08,42324.34,15092423.66,15097940.4,0
1,91499.79,0.0,0.0,176446.47,267946.26,0
0,2022178.3,0.0,0.0,2811970.91,4834149.21,0
1,332300.13,50723.0,0.0,2791080.51,3123380.65,0
1,504.85,2631.0,2126.15,0.0,504.85,0
1,109993.46,0.0,0.0,187441.99,297435.45,0
0,406241.43,288.0,0.0,564982.92,971224.35,0
0,2138059.71,0.0,0.0,5005657.95,7143717.66,0
1,157783.54,1681.0,0.0,1364285.92,1579818.71,0
1,187019.95,56078.0,0.0,0.0,187019.95,0
0,452408.26,0.0,0.0,1509092.41,1961500.67,0
0,1164644.31,0.0,0.0,18259269.38,19423913.69,0
0,817589.29,0.0,0.0,2142330.91,2959920.2,0
1,333918.47,21671.0,0.0,92027.61,425946.08,0
1,584677.69,164.0,0.0,2194078.0,2774794.4,0
1,304728.16,0.0,0.0,1728507.16,2033235.32,0
1,14010.7,216446.0,202435.3,14693785.64,14707796.34,0
1,335105.46,357.0,0.0,0.0,335105.46,0
1,383987.63,142550.63,0.0,13124975.72,13508963.34,0
1,136720.76,0.0,0.0,224944.78,361665.53,0
1,76397.7,0.0,0.0,450910.14,527307.84,0
1,10568.66,10066.0,0.0,130739.4,141308.06,0
0,566521.21,0.0,0.0,1233698.0,1800219.22,0
1,94919.24,0.0,0.0,1667704.74,1762623.97,0
1,183188.76,39763.0,0.0,83285.17,266473.93,0
0,41010.47,9922.0,0.0,1089473.62,1130484.09,0
1,283385.47,0.0,0.0,1774736.56,2058122.03,0
1,154039.47,40692.0,0.0,190849.69,344889.17,0
1,298122.89,507.0,0.0,2522055.97,2820178.86,0
0,46730.41,103072.0,56341.59,2080646.9,2436715.23,0
0,85332.19,0.0,0.0,112173.46,197505.65,0
1,539481.9,20601.0,0.0,47090.16,586572.05,0
1,234416.51,56080.66,0.0,1479507.92,1713924.43,0
1,238340.01,0.0,0.0,5415062.54,5653402.55,0
1,272155.99,0.0,0.0,369052.0,641208.0,0
1,112633.14,21690.0,0.0,24565.0,137198.14,0
1,63433.59,0.0,0.0,2210989.26,2274422.84,0
1,452159.88,0.0,0.0,6160572.64,6612732.53,0
0,21907.6,9.0,0.0,385138.76,407046.36,0
1,269633.3,697.0,0.0,917392.93,1187026.24,0
0,376184.29,81334.0,0.0,2626.65,378810.93,0
1,545888.06,0.0,0.0,1383820.09,1940094.68,0
1,91057.1,12134.0,0.0,49925.51,140982.61,0
1,328779.82,15841.17,0.0,2785149.9,3113929.72,0
1,214412.69,0.0,0.0,1811997.63,2026410.33,0
1,153307.01,50504.0,0.0,0.0,153307.01,0
1,41096.48,0.0,0.0,413348.23,454444.71,0
1,64806.38,12381.0,0.0,571395.78,636202.17,0
0,700009.96,0.0,0.0,2414795.05,3114805.02,0
1,69635.56,52478.49,0.0,543857.39,613492.94,0
1,43798.29,9116.0,0.0,117483.17,161281.46,0
1,373150.18,134397.0,0.0,63775.51,436925.69,0
0,717604.97,98.0,0.0,92227.7,809832.67,0
1,17716.87,123175.0,105458.13,167244.84,184961.71,0
1,64762.37,0.0,0.0,454768.74,519531.12,0
1,15627.91,78924.0,63296.09,135234.17,150862.08,0
0,502376.22,0.0,0.0,1222645.29,1725021.52,0
1,298496.58,0.0,0.0,2977187.24,3275683.82,0
1,256310.27,0.0,0.0,1396556.21,1652866.48,0
1,162822.06,5544.0,0.0,693403.12,856225.18,0
1,121103.59,29842.0,0.0,968196.22,1089299.81,0
1,67483.07,0.0,0.0,144385.84,211868.92,0
1,30960.39,3097.0,0.0,658557.55,689517.93,0
1,108952.66,0.0,0.0,903436.32,1012388.98,0
1,380588.23,0.0,0.0,1654873.07,2035461.29,0
1,298577.64,184312.0,0.0,141513.85,440091.49,0
1,125220.49,31988.0,0.0,0.0,125220.49,0
1,205458.42,74593.0,0.0,41840.16,247298.58,0
0,205841.6,502.0,0.0,0.0,205841.6,0
1,37490.95,69620.0,32129.05,399857.48,437348.42,0
1,236800.51,0.0,0.0,2683766.65,2920567.16,0
0,97451.82,0.0,0.0,5719195.71,5816647.53,0
1,127923.37,0.0,0.0,3613315.41,3741238.77,0
1,171483.83,564417.66,392933.82,417740.51,589224.34,0
1,175846.8,0.0,0.0,210565.84,386412.65,0
1,215854.77,5061.0,0.0,0.0,215854.77,0
1,58956.69,31366.0,0.0,16188.14,75144.83,0
1,303286.92,8627.0,0.0,0.0,303286.92,0
1,62006.17,54200.0,0.0,2821028.09,2883034.26,0
1,192137.29,99070.0,0.0,82103.21,274240.5,0
1,4893.86,0.0,0.0,55754.4,60648.26,0
1,164797.12,20558.0,0.0,0.0,164797.12,0
0,997234.28,0.0,0.0,1265329.19,2262563.46,0
1,135278.62,0.0,0.0,236573.8,371852.42,0
1,187925.44,0.0,0.0,9327391.05,9515316.49,0
1,217485.61,30878.0,0.0,156235.25,373720.86,0
1,133003.62,90369.0,0.0,1044333.54,1177337.16,0
0,19056.66,0.0,0.0,1854545.8,1873602.47,0
1,224915.56,0.0,0.0,1899480.71,2124396.28,0
1,141918.0,0.0,0.0,675783.38,817701.38,0
1,118226.81,11143.0,0.0,618160.17,906111.39,0
1,203765.61,10426.0,0.0,0.0,203765.61,0
1,352060.54,0.0,0.0,535582.24,887642.78,0
1,89089.44,0.0,0.0,575395.74,664485.18,0
1,213917.84,39882.0,0.0,16589.08,230506.92,0
1,133790.08,26892.78,0.0,289595.18,423385.26,0
1,178882.71,56647.0,0.0,0.0,178882.71,0
1,255248.57,14135.0,0.0,0.0,255248.57,0
1,37565.13,0.0,0.0,294230.4,331795.53,0
1,45233.82,135292.72,90058.9,1234390.3,1279624.12,0
1,315255.98,0.0,0.0,439537.63,754793.61,0
1,147258.92,0.0,0.0,642482.35,789741.27,0
1,58916.42,0.0,0.0,1329907.92,1388824.34,0
1,132323.94,49227.0,0.0,217272.36,349596.3,0
1,92879.22,85119.0,0.0,456799.93,549679.15,0
1,100773.73,81.0,0.0,171227.17,272000.9,0
1,186189.13,2330.0,0.0,3657650.37,3843839.5,0
1,420256.64,0.0,0.0,1676952.8,2097209.45,0
1,109597.59,0.0,0.0,299353.28,408950.87,0
1,156862.83,91394.0,0.0,1665533.45,1842736.79,0
1,178837.49,30640.0,0.0,804694.9,983532.39,0
1,27634.01,22779.0,0.0,49807.53,77441.53,0
1,84318.46,0.0,0.0,154979.53,239297.99,0
1,147515.78,0.0,0.0,1005333.55,623688.16,0
1,145912.04,0.0,0.0,312893.13,458805.17,0
1,143014.97,7327.0,0.0,7420.88,150435.85,0
0,236262.22,29629.0,0.0,972599.89,1208862.11,0
1,131272.38,319457.0,188184.62,311676.0,335296.19,0
1,38464.51,0.0,0.0,46603.91,85068.42,0
1,68104.65,27020.0,0.0,0.0,58353.05,0
0,526432.37,0.0,0.0,793271.39,1319703.76,0
1,142195.0,62493.0,0.0,10134.0,388853.85,0
1,5832.34,452300.91,446468.57,153360.65,159192.99,0
0,1788021.99,0.0,0.0,1894806.69,3682828.69,0
1,57086.34,9956.0,0.0,0.0,0.0,0
0,122056.82,967.0,0.0,307647.82,429704.65,0
1,233366.84,0.0,0.0,6050576.73,6283943.57,0
1,474781.31,63591.0,0.0,366042.15,840823.45,0
1,1779.06,80190.0,78410.94,60609.64,62388.7,0
0,508589.89,0.0,0.0,3956979.15,4465569.04,0
0,413444.16,324204.94,0.0,6318472.22,6731916.38,0
1,348904.88,0.0,0.0,2444151.35,2793056.23,0
1,6706.04,0.0,0.0,209624.93,216330.97,0
1,274650.99,0.0,0.0,953692.94,1228343.93,0
1,80311.89,0.0,0.0,87408.0,63112.23,0
0,166934.06,0.0,0.0,312575.75,479509.81,0
1,262078.37,82333.0,0.0,0.0,262078.37,0
0,629390.92,0.0,0.0,3771856.85,4401247.77,0
1,169718.21,0.0,0.0,562101.07,731819.28,0
0,1693291.69,133635.0,0.0,363942.5,2057234.19,0
1,358670.66,182756.44,0.0,618982.47,1032067.93,0
1,231596.96,25725.0,0.0,0.0,231596.96,0
1,215146.54,0.0,0.0,278957.13,494103.67,0
1,453579.06,30583.0,0.0,0.0,453579.06,0
0,2427472.92,0.0,0.0,2656589.81,5084062.73,0
1,207800.19,0.0,0.0,3508210.96,3716011.14,0
1,60363.52,40355.0,0.0,2965004.58,3025368.11,0
0,251471.55,11670.0,0.0,0.0,251471.55,0
0,98387.31,31484.0,0.0,10548278.99,10646666.3,0
1,387373.69,0.0,0.0,6459281.31,6846654.99,0
0,1371439.79,0.0,0.0,5353765.46,6725205.25,0
1,236520.99,0.0,0.0,294282.51,530803.49,0
1,300748.4,0.0,0.0,415080.51,715828.91,0
1,124343.65,0.0,0.0,283796.98,408140.63,0
1,401933.61,0.0,0.0,760017.16,1161950.77,0
1,146089.82,99947.0,0.0,0.0,146089.82,0
0,366566.78,0.0,0.0,4893294.1,5259860.88,0
1,256208.07,122913.0,0.0,539325.25,795533.33,0
1,41631.89,0.0,0.0,1593317.63,1634949.51,0
1,342386.2,0.0,0.0,952017.45,1500535.78,0
1,479872.01,0.0,0.0,4087142.77,4567014.78,0
0,960820.79,0.0,0.0,1445278.31,2406099.1,0
1,155304.69,47564.0,0.0,0.0,155304.69,0
1,59654.49,13547.0,0.0,410433.3,470087.79,0
1,2985.82,187150.0,184164.18,9421.29,12407.11,0
0,272829.71,0.0,0.0,3556114.11,3771468.68,0
1,122769.49,0.0,0.0,242476.82,365246.3,0
1,56717.16,0.0,0.0,2901743.13,2958460.29,0
1,56040.28,0.0,0.0,234348.42,290388.7,0
1,380640.67,119564.0,0.0,35187.68,415828.35,0
1,28890.22,202519.0,173628.78,4920.63,33810.85,0
0,266921.48,125310.0,0.0,0.0,266921.48,0
1,285455.34,0.0,0.0,5442852.76,5728308.1,0
1,128331.58,50012.0,0.0,931086.32,1059417.9,0
1,176804.74,92156.0,0.0,630413.19,807217.92,0
1,152189.28,0.0,0.0,346050.71,498239.99,0
0,92585.54,359150.0,266564.46,0.0,92585.54,0
1,337399.64,20462.0,0.0,377972.68,715372.32,0
1,73725.2,22580.0,0.0,0.0,73725.2,0
1,26141.53,5097.0,0.0,0.0,26141.53,0
1,164453.65,1062.0,0.0,7008.42,556531.25,0
1,112392.26,0.0,0.0,343467.1,455859.37,0
1,37217.98,107839.0,70621.02,0.0,37217.98,0
1,52671.93,0.0,0.0,2746272.66,2798944.59,0
0,519243.76,15175.0,0.0,8416.94,527660.7,0
1,503603.22,6486.0,0.0,6888420.0,7392023.23,0
1,446870.91,0.0,0.0,2732346.48,3179217.39,0
1,33738.11,41480.0,7741.89,1729080.06,1762818.17,0
1,205330.73,1322.0,0.0,0.0,205330.73,0
1,11487.91,192625.0,181137.09,654515.57,666003.47,0
0,445026.5,0.0,0.0,1300284.93,1745311.43,0
1,5038.96,8662.0,3623.04,1304299.78,1309338.74,0
1,87111.04,0.0,0.0,295630.68,382741.72,0
1,171666.74,0.0,0.0,934187.34,1105854.08,0
1,267146.23,20508.0,0.0,0.0,267146.23,0
1,53301.12,15494.0,0.0,185794.65,239095.76,0
1,275464.35,0.0,0.0,1098803.07,1374267.42,0
1,150989.17,11533.0,0.0,276823.05,427812.22,0
1,27517.43,125580.0,98062.57,915265.1,942782.52,0
0,282096.67,1039.0,0.0,842425.2,1124521.87,0
1,47624.76,10345.0,0.0,571832.84,619457.6,0
1,87891.84,4752.0,0.0,7203.51,95095.34,0
1,344685.04,47261.0,0.0,153733.45,498418.49,0
1,183097.77,133.0,0.0,0.0,183097.77,0
1,292986.7,28697.0,0.0,60460.85,353447.56,0
1,91388.06,214.0,0.0,0.0,91388.06,0
1,132834.24,0.0,0.0,292176.57,425010.81,0
1,77088.53,0.0,0.0,1181831.12,1258919.65,0
1,206900.7,0.0,0.0,2155272.44,2362173.13,0
0,558058.69,10780.0,0.0,0.0,558058.69,0
0,24737.45,0.0,0.0,366684.65,391422.1,0
1,119277.52,0.0,0.0,848095.14,967372.65,0
1,196924.11,0.0,0.0,906815.98,511553.29,0
1,206093.51,0.0,0.0,702532.47,908625.98,0
0,9318.07,35516.0,26197.93,17466.63,26784.69,0
1,184754.84,0.0,0.0,670827.05,855581.88,0
1,8459.08,52609.0,44149.92,2830358.5,2838817.57,0
0,310112.66,34283.0,0.0,0.0,310112.66,0
1,359579.23,29928.0,0.0,291234.88,650814.11,0
1,286988.37,0.0,0.0,2870891.9,3157880.27,0
1,188774.09,3033.0,0.0,0.0,188774.09,0
0,290423.32,0.0,0.0,3035301.31,3325724.63,0
1,484137.36,0.0,0.0,1971520.01,2455657.37,0
1,127004.42,70722.0,0.0,0.0,127004.42,0
1,177013.25,1601.0,0.0,910369.95,1087383.21,0
1,52526.44,0.0,0.0,254920.1,234454.25,0
1,43381.15,1411.0,0.0,643999.37,687380.52,0
1,243612.7,0.0,0.0,3404508.67,3648121.37,0
0,528528.07,0.0,0.0,2690028.59,3218556.66,0
1,353409.11,3512.0,0.0,397315.74,750724.86,0
1,50201.65,153384.88,103183.23,100484.24,150685.89,0
1,167456.23,168753.0,1296.77,336073.44,503529.66,0
1,9609.36,31150.0,21540.64,7553272.86,7562882.22,0
0,697129.04,0.0,0.0,718843.36,1415972.39,0
0,4881190.46,22937.0,0.0,0.0,4881190.46,0
1,273375.15,7860.23,0.0,290087.23,563462.39,0
1,368956.71,138060.52,0.0,6286346.71,6655303.42,0
1,42317.3,2324.0,0.0,277881.64,320198.95,0
1,11742.98,0.0,0.0,932282.85,944025.83,0
1,195523.45,101725.0,0.0,1380954.5,1576477.95,0
1,739449.76,20682.0,0.0,1274242.77,1743066.07,0
1,304736.71,0.0,0.0,9751340.17,10342549.7,0
1,180716.57,12979.0,0.0,0.0,180716.57,0
1,249727.02,11643.0,0.0,0.0,249727.02,0
1,149374.15,0.0,0.0,563270.7,712644.85,0
1,38166.01,43250.0,5083.99,0.0,38166.01,0
1,289374.97,11385.0,0.0,2460370.1,2749745.07,0
0,1449995.19,0.0,0.0,1556171.47,3006166.66,0
1,360674.24,0.0,0.0,1057206.69,1417880.93,0
1,262398.89,15915.65,0.0,2080009.9,2342408.8,0
1,44983.03,177078.1,132095.07,254583.47,299566.5,0
1,221981.67,26408.0,0.0,378283.35,600265.02,0
0,1590249.72,15912.0,0.0,1718995.54,3309245.27,0
1,6557.45,50913.0,44355.55,2706098.07,2712655.52,0
1,172774.48,0.0,0.0,1981985.03,2154759.51,0
1,63238.72,2290.0,0.0,0.0,63238.72,0
1,134471.41,11414.0,0.0,2303319.98,2621302.5,0
1,211143.85,21252.0,0.0,736059.03,947202.89,0
0,15756.95,121542.68,105785.73,281824.6,297581.55,0
1,145926.89,652.0,0.0,400432.33,546359.21,0
1,296069.42,30784.0,0.0,1614861.24,1910930.65,0
1,5644.87,112645.0,107000.13,78395.04,84039.91,0
1,304527.08,0.0,0.0,805900.23,1110427.31,0
1,504.76,51356.0,50851.24,0.0,504.76,0
1,319165.67,0.0,0.0,1634925.54,1954091.21,0
1,20158.76,80106.0,59947.24,60519.0,0.0,0
0,126303.49,50421.0,0.0,0.0,126303.49,0
1,139106.21,134187.0,0.0,221341.66,616913.51,0
0,629302.64,160644.0,0.0,77806.45,707109.09,0
1,20523.36,10875.0,0.0,4663863.66,4684387.02,0
1,41339.1,131960.58,90621.48,1646415.84,1687754.94,0
1,257078.63,0.0,0.0,2309788.61,2566867.24,0
1,208665.69,0.0,0.0,4051244.75,4259910.44,0
1,154349.05,0.0,0.0,296395.34,450744.39,0
1,118736.44,245.0,0.0,718410.55,837146.99,0
1,21929.46,49286.0,27356.54,4624217.22,4646146.68,0
1,17994.6,0.0,0.0,420765.93,438760.53,0
1,43977.91,274177.0,230199.09,1726872.28,1770850.19,0
1,2232.97,18217.0,15984.03,168753.32,170986.29,0
1,183278.2,0.0,0.0,283881.09,467159.29,0
1,116298.62,0.0,0.0,805526.56,921825.17,0
1,44899.17,133370.42,88471.26,1513544.88,1558444.04,0
1,137552.29,58161.68,0.0,144680.19,282232.48,0
1,117591.64,31380.0,0.0,4659673.99,4777265.63,0
1,228607.21,0.0,0.0,1166205.79,1394813.0,0
0,1978078.2,1298.0,0.0,1426519.97,3404598.17,0
1,100130.69,0.0,0.0,177290.24,277420.93,0
1,317927.17,0.0,0.0,2928738.15,3246665.32,0
0,72698.44,0.0,0.0,184734.1,257432.54,0
1,12882.57,5338.0,0.0,0.0,12882.57,0
0,932345.31,102906.14,0.0,11718011.76,12650357.07,0
0,1350725.53,0.0,0.0,1724201.01,3074926.54,0
1,125606.7,259648.0,134041.3,73408.6,199015.3,0
1,7854.59,0.0,0.0,2663298.97,2671153.56,0
1,3593.45,0.0,0.0,6156.04,9749.49,0
1,186786.47,0.0,0.0,437387.15,624173.63,0
1,85767.63,90373.23,4605.6,294868.01,380635.64,0
1,49439.5,24589.0,0.0,265763.31,315202.81,0
1,107030.25,146264.0,39233.75,2598781.68,2705811.93,0
1,204110.41,0.0,0.0,1675600.57,1879710.98,0
1,58003.96,15191.0,0.0,0.0,58003.96,0
1,271923.75,10882.0,0.0,887197.83,1159121.57,0
1,154464.35,0.0,0.0,1150107.29,1304571.64,0
1,83820.98,191319.23,107498.25,84373.96,168194.94,0
1,346663.63,464.0,0.0,0.0,346663.63,0
1,94743.47,444.0,0.0,1622518.67,1717262.14,0
1,2212.79,45907.69,43694.91,719947.11,722159.9,0
1,183358.14,37517.0,0.0,78001.58,261359.72,0
1,232664.99,61026.0,0.0,0.0,232664.99,0
1,41569.87,0.0,0.0,223213.76,201200.05,0
1,486746.18,174.0,0.0,15368.0,662203.68,0
1,276524.91,0.0,0.0,1514646.22,1791171.13,0
1,491852.47,0.0,0.0,720981.23,1212833.69,0
1,192000.33,155.0,0.0,602415.2,794415.53,0
1,185491.06,15575.0,0.0,35722.7,221213.76,0
1,31122.88,49763.0,18640.12,642960.31,674083.19,0
1,364745.44,214031.72,0.0,650017.14,1014762.58,0
1,489149.22,0.0,0.0,877790.05,1366939.28,0
1,272677.22,19801.0,0.0,10797.0,0.0,0
1,126884.61,19547.0,0.0,982076.89,1108961.5,0
1,269953.32,0.0,0.0,658719.82,1381167.91,0
1,137260.46,2395.0,0.0,2082601.3,2219861.76,0
1,95789.34,0.0,0.0,2691920.96,2787710.3,0
1,79923.68,150.0,0.0,0.0,79923.68,0
1,50142.15,0.0,0.0,558443.0,608585.15,0
1,66602.26,61818.0,0.0,3629204.81,3695807.08,0
1,134293.52,31443.0,0.0,0.0,134293.52,0
1,200159.35,507.0,0.0,778726.09,755841.29,0
1,6391.82,229.0,0.0,60137.0,66528.82,0
1,75327.01,0.0,0.0,1544693.85,1620020.87,0
1,622110.28,0.0,0.0,6092301.53,6714411.81,0
1,35329.63,354809.6,319479.97,607177.56,454255.01,0
0,123744.83,0.0,0.0,379754.08,503498.92,0
1,31564.15,10813.0,0.0,20611.97,52176.12,0
1,111110.28,10845.0,0.0,292863.03,248734.19,0
1,115053.1,0.0,0.0,732537.44,629212.67,0
1,151333.8,105642.0,0.0,320572.46,471906.26,0
1,406091.48,261.0,0.0,1110618.68,1192128.18,0
1,113740.17,149.0,0.0,136643.5,250383.68,0
1,171175.46,0.0,0.0,596171.21,767346.67,0
1,45024.58,0.0,0.0,1168518.47,1213543.06,0
1,60215.33,6131.0,0.0,83684.07,143899.4,0
1,67109.0,0.0,0.0,473078.07,540187.06,0
1,452989.71,20710.0,0.0,224621.09,677610.8,0
0,736548.43,0.0,0.0,1004053.06,1740601.49,0
1,188325.31,0.0,0.0,495045.98,683371.28,0
1,93923.73,0.0,0.0,1032812.98,1126736.71,0
1,83145.75,35982.0,0.0,0.0,83145.75,0
1,91588.81,0.0,0.0,5773383.01,5730984.36,0
1,278777.77,779744.0,500966.23,1695973.47,1974751.24,0
1,235770.95,51996.0,0.0,0.0,235770.95,0
1,69779.75,50653.0,0.0,15782.92,85562.67,0
1,401684.58,0.0,0.0,839007.84,1240692.42,0
1,189510.22,10694.0,0.0,0.0,189510.22,0
1,88804.45,3563.0,0.0,2498661.76,2587466.21,0
1,168421.57,0.0,0.0,3030299.13,3198720.69,0
1,356656.19,0.0,0.0,1338917.92,1909583.11,0
0,224248.08,57275.0,0.0,643224.1,867472.18,0
1,165007.43,181924.3,16916.87,2078406.37,2243413.8,0
1,102631.04,15787.0,0.0,0.0,102631.04,0
1,13252.01,0.0,0.0,1545653.56,1558905.56,0
1,337035.06,10307.0,0.0,0.0,337035.06,0
1,505412.46,12604.0,0.0,365947.26,871359.73,0
0,211712.43,0.0,0.0,1971723.82,2183436.24,0
1,31297.57,72209.0,40911.43,0.0,31297.57,0
1,81941.8,775.0,0.0,59177.64,141119.45,0
0,1028271.51,0.0,0.0,1969890.52,2998162.03,0
1,438884.31,0.0,0.0,2215441.8,2654326.1,0
0,323562.44,0.0,0.0,2924454.53,3248016.97,0
1,45868.11,0.0,0.0,106874.34,152742.45,0
1,100343.26,19285.21,0.0,1987692.16,2088035.41,0
1,388843.03,9084.0,0.0,518532.38,907375.42,0
1,136228.8,0.0,0.0,587314.91,723543.71,0
1,325133.0,0.0,0.0,4288848.36,4613981.36,0
0,906357.81,0.0,0.0,3102481.36,4008839.17,0
1,459209.77,20964.0,0.0,3434526.98,3893736.76,0
0,80520.74,55224.0,0.0,218974.09,299494.82,0
1,87835.1,0.0,0.0,2042159.38,2129994.48,0
1,185136.39,0.0,0.0,1551140.81,1736277.2,0
1,49882.98,0.0,0.0,289377.07,339260.05,0
0,2279036.33,0.0,0.0,3478707.99,5757744.31,0
1,530273.14,0.0,0.0,3876906.01,4407179.15,0
1,177618.16,0.0,0.0,203110.0,1054041.16,0
0,4126.82,0.0,0.0,43129.77,47256.59,0
1,141182.91,0.0,0.0,15945512.34,16086695.24,0
0,388185.49,73683.0,0.0,9945824.63,10334010.12,0
1,136538.05,215246.0,78707.95,36510.96,173049.02,0
0,734972.89,0.0,0.0,738910.22,1473883.1,0
1,478227.26,0.0,0.0,1127238.84,1605466.1,0
1,410051.41,5515.0,0.0,235346.21,645397.62,0
1,50855.67,5557.0,0.0,0.0,50855.67,0
0,202143.74,434299.82,232156.07,4100039.01,6795453.82,0
1,178585.14,278926.0,100340.86,195959.02,374544.16,0
1,48855.88,0.0,0.0,1924497.55,1973353.43,0
1,172128.98,142686.0,0.0,1537511.44,1709640.42,0
1,242882.74,10819.0,0.0,0.0,242882.74,0
0,16130.67,0.0,0.0,669621.32,685751.99,0
1,90474.47,0.0,0.0,874444.35,964918.81,0
1,39168.3,15642.0,0.0,2632506.54,2671674.84,0
0,755866.46,3572.0,0.0,0.0,755866.46,0
0,5502930.26,51455.0,0.0,539933.63,6042863.89,0
0,33886.84,17083.0,0.0,248419.18,282306.02,0
0,374906.27,1775.0,0.0,0.0,374906.27,0
1,61399.07,2782.0,0.0,1368593.78,1429992.85,0
1,518189.65,0.0,0.0,1326696.33,1844885.98,0
1,214654.88,505.0,0.0,25479.71,240134.59,0
1,229221.0,83479.56,0.0,892714.42,1121935.42,0
1,317172.57,0.0,0.0,3878173.72,4195346.29,0
1,95426.06,6968.0,0.0,0.0,95426.06,0
1,13604.7,59727.0,46122.3,312554.85,326159.56,0
1,151396.48,0.0,0.0,408071.97,559468.45,0
1,383419.09,0.0,0.0,474780.22,858199.31,0
1,183765.34,0.0,0.0,3581187.25,3764952.59,0
1,44548.08,11184.0,0.0,1529692.77,1574240.86,0
0,142081.83,159256.71,17174.88,278322.48,420404.32,0
1,174428.13,0.0,0.0,330785.56,505213.69,0
1,153066.47,0.0,0.0,659403.14,1072477.12,0
1,141197.6,1825.0,0.0,139634.92,280832.52,0
0,68672.38,20968.0,0.0,115081.48,183753.86,0
1,377140.54,1072.0,0.0,408326.85,785467.4,0
1,114712.04,0.0,0.0,763637.46,878349.5,0
1,109552.38,0.0,0.0,4531614.55,4641166.92,0
0,680441.43,5725.0,0.0,3777832.83,4458274.26,0
1,255904.63,49524.0,0.0,182673.68,438578.31,0
0,377478.2,50105.0,0.0,0.0,377478.2,0
1,337227.05,117316.0,0.0,931252.2,1238915.19,0
1,261646.14,49978.0,0.0,0.0,261646.14,0
1,492306.54,0.0,0.0,2805395.45,3297701.99,0
1,26167.65,32165.0,5997.35,1875080.51,1901248.16,0
1,327060.48,0.0,0.0,441451.92,768512.4,0
1,69367.85,19252.0,0.0,103198.99,172566.85,0
1,135396.94,72232.0,0.0,1294986.59,1430383.53,0
1,21976.77,96048.0,74071.23,4594469.06,4616445.84,0
1,163986.87,0.0,0.0,10899764.69,11063751.56,0
1,275426.82,11815.0,0.0,543549.01,818975.84,0
1,201148.72,0.0,0.0,398659.32,599808.03,0
0,471081.96,31576.0,0.0,0.0,471081.96,0
1,367579.81,22602.0,0.0,1359915.79,1727495.6,0
0,884009.91,0.0,0.0,902237.42,2314039.1,0
1,102812.28,0.0,0.0,1468548.99,1571361.27,0
1,58571.03,0.0,0.0,60305.76,118876.8,0
1,37020.61,0.0,0.0,513470.68,550491.29,0
1,2928.59,0.0,0.0,856271.28,859199.87,0
1,68227.03,0.0,0.0,206024.58,592444.11,0
1,82731.86,0.0,0.0,207085.89,289817.76,0
0,735049.2,0.0,0.0,1230155.93,1965205.14,0
1,26470.7,10608.0,0.0,0.0,26470.7,0
1,89752.6,10634.0,0.0,0.0,89752.6,0
1,38262.62,13646.0,0.0,0.0,38262.62,0
1,32807.12,0.0,0.0,1018327.03,1051134.15,0
1,310343.23,10618.0,0.0,6012.0,575600.67,0
1,210128.81,62531.0,0.0,188072.87,398201.68,0
1,262399.19,0.0,0.0,317069.08,579468.27,0
1,66399.91,0.0,0.0,1979037.28,2045437.2,0
1,110083.5,470100.0,360016.5,36577.51,0.0,0
1,499092.06,1359.0,0.0,18451251.68,18950343.74,0
1,129846.15,15658.0,0.0,0.0,129846.15,0
1,84828.56,0.0,0.0,617170.74,701999.3,0
1,279654.97,0.0,0.0,437730.43,717385.4,0
1,59736.03,0.0,0.0,1236237.11,1295973.14,0
1,397292.87,0.0,0.0,2300562.48,2697855.36,0
1,273361.95,0.0,0.0,2796753.17,3070115.12,0
1,8384.67,0.0,0.0,66316.83,74701.5,0
1,250259.32,0.0,0.0,1285921.99,1996341.6,0
0,1125419.96,0.0,0.0,1661619.96,2787039.92,0
1,82240.78,0.0,0.0,170025.0,0.0,0
0,188865.98,0.0,0.0,5893623.64,5848667.02,0
1,502082.16,762978.0,260895.84,710663.13,1212745.29,0
1,224767.15,0.0,0.0,545660.84,1145978.2,0
1,89295.74,62412.0,0.0,153062.0,242357.74,0
1,97422.52,0.0,0.0,2600401.61,2697824.13,0
0,472744.16,0.0,0.0,4555465.25,5028209.41,0
1,170276.9,0.0,0.0,387182.16,557459.06,0
1,301499.83,0.0,0.0,725304.99,1026804.83,0
1,51010.06,23848.59,0.0,863912.13,914922.2,0
1,305484.43,0.0,0.0,1908067.99,2213552.42,0
1,63374.01,0.0,0.0,3050437.81,3113811.82,0
1,86686.23,0.0,0.0,3051253.24,3137939.47,0
0,752777.3,0.0,0.0,2066101.19,2818878.49,0
1,54179.62,16120.0,0.0,0.0,54179.62,0
1,184495.67,0.0,0.0,731105.2,915600.87,0
1,375135.71,0.0,0.0,3655696.71,4030574.37,0
1,436374.05,279092.0,0.0,2099206.06,2535580.11,0
1,185415.53,1035.0,0.0,3196.0,0.0,0
1,179630.6,79658.0,0.0,145152.86,324783.46,0
1,190423.76,0.0,0.0,296560.7,486984.45,0
1,46176.7,0.0,0.0,144793.15,190969.85,0
1,253579.76,0.0,0.0,1775376.41,2028956.17,0
1,215972.4,0.0,0.0,2800503.28,3016475.68,0
1,118551.74,0.0,0.0,1939659.58,2058211.31,0
1,426115.47,22264.0,0.0,0.0,426115.47,0
0,43625.23,26087.0,0.0,628582.7,672207.94,0
1,282722.51,0.0,0.0,1361402.63,1644125.14,0
0,350539.43,0.0,0.0,2374729.39,2725268.82,0
1,262011.03,8059.0,0.0,455172.01,717183.04,0
0,133237.13,0.0,0.0,248248.72,381485.84,0
1,111603.42,0.0,0.0,6756191.73,6867795.15,0
1,44232.68,20166.24,0.0,250484.47,294717.15,0
0,69769.07,0.0,0.0,610187.0,529260.46,0
1,113955.23,6893.0,0.0,98666.58,212621.81,0
1,73661.67,2708.0,0.0,1267285.28,1340946.95,0
1,154222.1,0.0,0.0,988910.28,1143132.38,0
1,306323.75,0.0,0.0,555496.77,861820.52,0
1,140552.93,5772.0,0.0,0.0,140552.93,0
1,408859.48,10970.0,0.0,0.0,408859.48,0
1,252144.78,0.0,0.0,327174.13,294598.61,0
1,71472.51,0.0,0.0,2480368.55,2781157.56,0
1,221475.13,0.0,0.0,286180.92,507656.05,0
0,2994803.42,0.0,0.0,13345197.13,16340000.54,0
1,165176.91,0.0,0.0,747649.04,912825.95,0
0,88611.4,0.0,0.0,12716176.52,12804787.92,0
1,160848.48,0.0,0.0,1311640.2,1472488.68,0
1,18725.04,4277.0,0.0,824640.32,843365.36,0
1,470534.21,29107.0,0.0,0.0,470534.21,0
1,104313.06,23385.0,0.0,0.0,104313.06,0
1,561717.93,20243.0,0.0,0.0,561717.93,0
0,366097.75,0.0,0.0,4882605.63,5248703.38,0
1,47660.98,0.0,0.0,658617.68,914658.05,0
1,343415.23,0.0,0.0,3967494.88,4310910.11,0
1,203287.61,0.0,0.0,264369.51,467657.12,0
1,225223.49,253439.0,28215.51,0.0,225223.49,0
1,144153.33,0.0,0.0,910812.66,1054965.99,0
1,647.8,0.0,0.0,539819.12,540466.92,0
1,145260.09,31427.0,0.0,362569.71,670830.43,0
1,130094.58,50351.0,0.0,0.0,472913.83,0
0,2093615.62,0.0,0.0,3312632.08,5406247.7,0
0,1057362.82,151.0,0.0,297857.08,1355219.9,0
1,62021.31,0.0,0.0,117206.08,179227.4,0
1,22970.36,0.0,0.0,115761.77,138732.13,0
1,153222.46,0.0,0.0,412656.79,565879.25,0
1,223249.78,0.0,0.0,233663.9,456913.68,0
1,334969.93,0.0,0.0,554520.77,889490.7,0
0,1167538.69,75200.0,0.0,0.0,1167538.69,0
1,97604.14,30759.0,0.0,51354.58,148958.72,0
1,83705.65,0.0,0.0,901453.4,985159.05,0
1,91372.45,331138.0,239765.55,4335613.98,4426986.44,0
1,249005.54,47872.0,0.0,3156115.41,3606794.89,0
1,277950.96,0.0,0.0,1435922.03,1713872.99,0
1,54167.2,39334.0,0.0,0.0,54167.2,0
1,194418.79,20281.0,0.0,0.0,194418.79,0
0,692528.86,0.0,0.0,1509336.74,2201865.59,0
1,280262.37,263.0,0.0,1473430.06,1753692.43,0
1,10618.51,0.0,0.0,450054.26,460672.76,0
0,292711.08,22239.0,0.0,377893.31,670604.39,0
0,762721.19,0.0,0.0,12293616.96,13056338.15,0
1,97701.58,0.0,0.0,114796.29,212497.88,0
1,143856.01,27615.4,0.0,1825442.15,1969298.16,0
1,41912.72,0.0,0.0,55523.45,97436.17,0
0,435464.82,0.0,0.0,1093724.94,1529189.75,0
1,20575.47,99928.0,79352.53,0.0,20575.47,0
1,329109.42,0.0,0.0,593622.34,922731.76,0
1,182146.44,2682.0,0.0,0.0,182146.44,0
1,105778.86,605479.0,499700.14,255918.56,361697.43,0
0,146910.27,523482.0,376571.73,397221.33,544131.59,0
1,304334.97,0.0,0.0,430721.69,735056.66,0
1,261910.93,0.0,0.0,630981.21,892892.14,0
1,49936.92,51715.0,1778.08,0.0,49936.92,0
1,147055.09,99027.22,0.0,9836144.9,9983199.98,0
1,45529.04,31059.0,0.0,0.0,45529.04,0
1,155888.1,13992.02,0.0,5223905.6,5379793.7,0
1,310469.29,0.0,0.0,923580.26,1234049.55,0
1,313258.72,69965.0,0.0,208248.21,1300872.07,0
1,416865.0,542.0,0.0,1189193.11,1606058.1,0
1,96997.31,99241.0,2243.69,5406385.88,5503383.19,0
1,334688.8,19980.0,0.0,1608018.51,1728554.16,0
1,132868.36,137944.0,5075.64,158863.49,291731.85,0
1,182684.62,0.0,0.0,552894.05,735578.67,0
1,278249.77,0.0,0.0,505386.15,783635.92,0
1,265440.45,0.0,0.0,1130481.97,1395922.42,0
1,76364.11,0.0,0.0,1526752.84,1603116.95,0
1,171702.88,0.0,0.0,842362.15,1014065.04,0
1,292319.97,0.0,0.0,533463.86,1207082.3,0
1,46282.14,0.0,0.0,217505.2,263787.34,0
1,241607.6,24777.0,0.0,3453578.53,3695186.12,0
1,301318.79,162332.0,0.0,411039.33,814529.4,0
1,494447.62,0.0,0.0,2810709.75,3305157.37,0
1,150319.28,45169.0,0.0,0.0,150319.28,0
0,1481023.44,0.0,0.0,2572501.34,4053524.78,0
1,78854.98,0.0,0.0,2465007.88,2543862.86,0
0,1474602.77,0.0,0.0,1784491.21,3259093.98,0
1,68660.44,0.0,0.0,627885.5,696545.94,0
1,430489.2,202598.32,0.0,1705623.32,2136112.51,0
0,688743.24,309015.0,0.0,514784.79,1203528.03,0
0,336954.56,2589.0,0.0,737125.81,1074080.36,0
0,336647.85,133836.7,0.0,752122.63,1088770.47,0
1,69329.19,99667.0,30337.81,0.0,69329.19,0
1,16626.27,0.0,0.0,538092.32,367074.23,0
1,22333.81,105104.0,82770.19,0.0,22333.81,0
0,288037.39,0.0,0.0,1151106.65,1439144.04,0
1,358273.61,0.0,0.0,705348.58,1165282.26,0
1,217965.03,0.0,0.0,2831272.24,3049237.26,0
1,23276.32,12716.0,0.0,0.0,23276.32,0
1,19806.29,0.0,0.0,334311.0,354117.28,0
1,448607.0,0.0,0.0,1759121.1,2207728.1,0
1,90478.82,11570.0,0.0,163766.39,254245.21,0
1,21980.56,0.0,0.0,665559.73,687540.29,0
1,126336.75,20852.0,0.0,2309921.7,2436258.45,0
1,35486.65,41924.0,6437.35,0.0,35486.65,0
1,391716.07,0.0,0.0,3747252.9,4138968.98,0
1,293385.54,0.0,0.0,7102011.38,7395396.92,0
1,79697.24,57445.0,0.0,0.0,79697.24,0
1,201262.93,49793.0,0.0,0.0,201262.93,0
1,94614.43,49711.0,0.0,1873737.34,1968351.77,0
1,292402.6,0.0,0.0,390356.99,682759.59,0
1,83717.62,78209.0,0.0,0.0,83717.62,0
0,1008273.58,9091.0,0.0,199152.75,1207426.33,0
1,90119.61,0.0,0.0,360692.65,612936.54,0
0,1495778.17,0.0,0.0,1617557.07,3113335.24,0
1,182614.18,297528.0,114913.82,0.0,182614.18,0
1,58982.74,5163.0,0.0,35712.0,0.0,0
0,885315.36,7366.0,0.0,406295.82,1291611.18,0
1,108916.58,867.0,0.0,2353814.34,2462730.92,0
1,291904.27,0.0,0.0,27318958.6,27610862.86,0
1,84370.06,2883.0,0.0,141980.58,226350.64,0
1,155533.59,1614.0,0.0,0.0,155533.59,0
1,61801.48,0.0,0.0,125735.33,187536.82,0
1,20487.31,0.0,0.0,7161080.94,8003943.0,0
1,173532.19,0.0,0.0,923030.33,959053.58,0
1,154017.51,0.0,0.0,195819.54,349837.05,0
1,170534.94,10982.0,0.0,0.0,170534.94,0
1,108053.83,0.0,0.0,1402555.01,1510608.84,0
1,203403.2,4252.0,0.0,12236.88,215640.08,0
1,5886.34,154976.12,149089.78,511827.49,517713.83,0
1,299286.24,0.0,0.0,760010.89,1059297.12,0
1,133592.17,14727.0,0.0,4382723.69,4516315.86,0
1,13110.93,166879.0,153768.07,225762.33,238873.26,0
0,583848.46,0.0,0.0,667778.0,2107778.11,0
1,157622.57,0.0,0.0,166529.03,324151.61,0
1,337279.71,0.0,0.0,7391450.96,7728730.67,0
0,224596.22,0.0,0.0,1431795.3,1656391.52,0
1,41295.08,0.0,0.0,59056.88,100351.96,0
1,26618.56,13890.0,0.0,467442.69,494061.24,0
0,33093.35,0.0,0.0,2698059.74,2731153.09,0
1,58304.28,341792.28,283488.01,774138.6,832442.87,0
1,105822.91,0.0,0.0,2640217.25,2746040.16,0
1,207627.07,294.0,0.0,0.0,207627.07,0
0,165423.23,11643.0,0.0,132937.58,298360.81,0
1,148229.68,0.0,0.0,578351.81,726581.5,0
1,143134.7,0.0,0.0,3672209.49,3815344.19,0
1,98128.03,0.0,0.0,257662.43,355790.45,0
0,2989573.94,50148.0,0.0,1433010.06,4422584.0,0
1,170993.8,295264.0,124270.2,29936.0,409075.94,0
1,172844.69,4428.06,0.0,270837.27,443681.96,0
0,472730.28,715157.0,242426.72,0.0,472730.28,0
1,77270.84,145005.0,67734.16,0.0,77270.84,0
1,514720.88,139741.0,0.0,76430.94,591151.83,0
1,210646.3,79313.29,0.0,11962439.12,12173085.42,0
1,250983.26,127658.0,0.0,0.0,250983.26,0
1,125464.53,0.0,0.0,568664.73,694129.26,0
1,207817.63,393491.96,185674.33,1427619.82,1635437.45,0
1,315090.24,43301.0,0.0,952505.91,1267596.15,0
1,46700.14,20982.0,0.0,1713569.45,1760269.59,0
1,4309.09,20568.0,16258.91,1162285.41,1166594.5,0
0,1004074.63,18698.0,0.0,115236.51,1119311.14,0
1,145289.83,1460.0,0.0,7074644.46,7219934.28,0
1,233686.48,0.0,0.0,12102565.45,12336251.93,0
0,198393.37,353315.0,154921.63,0.0,198393.37,0
1,5353.08,102031.0,96677.92,33175.88,38528.96,0
1,112774.38,39799.0,0.0,917345.14,1030119.51,0
1,120069.2,135019.0,14949.8,0.0,120069.2,0
1,27713.39,49567.0,21853.61,9120537.84,9148251.23,0
0,638491.27,0.0,0.0,2058294.45,2696785.71,0
1,120863.39,45620.0,0.0,0.0,120863.39,0
1,118538.17,0.0,0.0,2291945.64,2410483.82,0
1,34600.68,36072.0,1471.32,1994.43,36595.11,0
1,173445.18,0.0,0.0,375689.95,549135.14,0
1,207601.2,0.0,0.0,909795.21,1117396.41,0
1,251783.66,389175.75,137392.09,415752.12,667535.78,0
0,532889.28,77536.0,0.0,0.0,532889.28,0
1,291288.34,51017.0,0.0,0.0,291288.34,0
1,186634.98,15586.0,0.0,12074373.4,12261008.38,0
1,104210.5,132055.87,27845.37,134913.72,239124.21,0
1,90822.83,41439.0,0.0,37827.56,128650.39,0
1,565986.6,0.0,0.0,2816706.56,3382693.16,0
1,107567.28,0.0,0.0,408776.89,516344.17,0
1,104743.87,0.0,0.0,1758575.2,1863319.06,0
0,216987.93,394.0,0.0,57622.09,274610.01,0
1,14594.46,0.0,0.0,2261864.89,2276459.35,0
1,86993.12,50698.0,0.0,163385.22,25991.53,0
1,49575.86,54578.0,5002.14,0.0,49575.86,0
1,334646.55,491.0,0.0,192276.88,526923.43,0
1,323866.38,0.0,0.0,1173456.91,1497323.28,0
1,19736.68,88988.84,69252.16,56416.13,76152.81,0
0,525837.15,12402.0,0.0,0.0,525837.15,0
1,467265.74,295399.0,0.0,192367.15,659632.88,0
1,84822.64,53617.0,0.0,23911.99,108734.64,0
1,369575.29,0.0,0.0,931218.67,1300793.96,0
1,177744.68,207506.11,29761.44,6162.12,183906.79,0
0,55134.22,0.0,0.0,132789.74,187923.96,0
0,420696.17,113.0,0.0,0.0,420696.17,0
1,121972.14,0.0,0.0,3640067.83,3762039.97,0
1,142826.67,17327.0,0.0,0.0,142826.67,0
0,764928.53,10354.0,0.0,0.0,764928.53,0
1,18834.12,14874.0,0.0,0.0,18834.12,0
1,69402.34,0.0,0.0,2038014.49,2107416.83,0
0,51476.11,0.0,0.0,426139.65,477615.76,0
1,215693.19,0.0,0.0,670436.64,886129.82,0
1,172661.08,249191.64,76530.56,306859.55,479520.63,0
1,42595.56,0.0,0.0,732461.98,775057.53,0
1,431502.31,0.0,0.0,991548.14,1423050.44,0
1,20381.34,11482.0,0.0,92218.35,135583.25,0
1,60774.61,133081.0,72306.39,37319.85,98094.46,0
1,119920.41,0.0,0.0,1000357.89,1120278.3,0
1,73162.94,0.0,0.0,2756412.81,2829575.75,0
1,50556.51,9973.0,0.0,5795469.22,5846025.73,0
1,20725.09,41847.0,21121.91,8936.63,29661.72,0
0,111615.74,0.0,0.0,411463.87,523079.61,0
1,18728.14,0.0,0.0,463967.82,482695.96,0
1,102595.57,9218.0,0.0,26583.67,129179.24,0
1,167744.9,15212.0,0.0,403198.6,810306.84,0
1,206373.15,93733.0,0.0,0.0,344619.21,0
1,53433.39,322.0,0.0,0.0,53433.39,0
1,284346.18,3147.0,0.0,0.0,284346.18,0
0,562809.13,14825.0,0.0,869316.53,1432125.66,0
1,253193.16,0.0,0.0,402668.29,655861.45,0
1,365330.45,3707.0,0.0,0.0,365330.45,0
1,81586.73,131004.0,49417.27,16128.91,97715.64,0
1,135728.49,15531.0,0.0,0.0,135728.49,0
1,163675.79,0.0,0.0,463391.26,627067.04,0
1,137327.77,106102.0,0.0,2837948.66,2747743.33,0
1,325577.92,14814.0,0.0,0.0,325577.92,0
1,280268.5,188995.56,0.0,427015.03,707283.52,0
1,14592.4,0.0,0.0,1982529.42,1997121.81,0
1,226154.5,53052.0,0.0,2918542.07,3144696.57,0
1,384050.28,0.0,0.0,856215.28,1240265.55,0
1,176371.72,21010.0,0.0,1077979.84,1254351.56,0
1,306355.42,30596.0,0.0,85441.91,391797.34,0
1,342477.16,41105.0,0.0,5288.85,347766.01,0
1,338243.5,0.0,0.0,28248671.39,28586914.89,0
1,61773.38,0.0,0.0,751952.58,813725.96,0
1,113462.88,30310.0,0.0,0.0,113462.88,0
1,41229.55,35090.54,0.0,322663.42,363892.98,0
0,2297951.35,687.0,0.0,142203.95,2595970.6,0
1,78310.31,26101.0,0.0,0.0,78310.31,0
1,6805.94,0.0,0.0,1800562.09,1807368.04,0
0,1075514.3,488939.0,0.0,134853.12,1210367.42,0
1,371258.92,280.0,0.0,99775.0,0.0,0
1,190185.7,0.0,0.0,1058777.9,1248963.6,0
1,174822.96,0.0,0.0,289054.3,463877.26,0
0,302198.54,19494.39,0.0,468941.17,771139.7,0
1,149106.8,0.0,0.0,1236760.76,1385867.56,0
1,668223.76,147415.0,0.0,143715.08,811938.84,0
1,42531.19,0.0,0.0,343318.17,385849.37,0
1,129861.0,0.0,0.0,2035832.08,2165693.08,0
1,280251.93,7481.53,0.0,843894.35,1124146.27,0
1,63004.79,0.0,0.0,474705.85,537710.64,0
1,16425.75,0.0,0.0,266598.99,283024.74,0
0,110907.06,0.0,0.0,2003763.22,2114670.28,0
0,417328.33,124364.0,0.0,202775.55,620103.88,0
0,917413.37,20714.0,0.0,3580969.98,4498383.35,0
1,117047.74,231922.0,114874.26,119584.02,236631.76,0
1,11416.98,16479.0,5062.02,566537.35,336967.26,0
1,206837.6,0.0,0.0,2392378.34,2599215.94,0
1,116697.57,0.0,0.0,660924.23,777621.8,0
0,521971.2,0.0,0.0,1108337.81,1630309.01,0
1,265922.44,0.0,0.0,3435244.57,3701167.01,0
0,114034.26,0.0,0.0,5129287.84,5243322.11,0
1,143685.38,0.0,0.0,1779429.32,1923114.69,0
0,389114.65,16150.0,0.0,59212.21,448326.86,0
1,8980.87,19318.0,10337.13,50979.59,59960.45,0
1,11136.59,0.0,0.0,231500.89,242637.48,0
1,53507.84,0.0,0.0,6510058.73,6563566.57,0
1,202936.38,30652.0,0.0,526996.62,729933.0,0
1,130828.63,40201.0,0.0,0.0,130828.63,0
1,89461.39,0.0,0.0,100554.62,190016.01,0
1,271373.34,244.0,0.0,0.0,271373.34,0
1,129429.43,4541.0,0.0,250307.62,379737.05,0
1,47983.85,50220.0,2236.15,1968557.46,2016541.31,0
1,263607.32,9929.0,0.0,1673290.43,1936897.75,0
1,56953.26,0.0,0.0,641863.12,698816.38,0
0,615411.85,0.0,0.0,851124.71,1466536.56,0
1,370509.58,723188.0,352678.42,9409.49,379919.08,0
1,329884.94,0.0,0.0,3224462.71,3554347.65,0
1,157783.4,132376.0,0.0,0.0,157783.4,0
0,726409.92,0.0,0.0,913245.2,1639655.12,0
1,134471.08,0.0,0.0,165045.23,299516.31,0
1,177043.58,0.0,0.0,2783380.66,2960424.24,0
1,60665.53,400465.0,339799.47,901010.99,1086972.98,0
1,318982.74,16170.0,0.0,0.0,318982.74,0
1,132900.37,0.0,0.0,220831.89,353732.26,0
0,871060.4,14810.0,0.0,41586.59,912646.99,0
1,284371.93,0.0,0.0,4682027.48,4966399.41,0
0,379298.37,0.0,0.0,8825320.84,9204619.22,0
1,53917.59,122400.32,68482.73,265499.7,518315.87,0
1,277061.26,1066.0,0.0,190716.0,467777.26,0
0,810281.37,0.0,0.0,3855769.31,4666050.68,0
1,60353.22,0.0,0.0,941379.12,1001732.34,0
0,31861.82,0.0,0.0,834859.61,866721.43,0
0,1193022.83,17188.0,0.0,437067.33,1630090.16,0
1,83654.61,0.0,0.0,4086635.27,4170289.87,0
1,51492.9,17009.0,0.0,1220879.61,1272372.51,0
1,270175.4,95969.83,0.0,5179276.19,5449451.59,0
1,62451.38,0.0,0.0,955010.26,1017461.65,0
1,386570.76,0.0,0.0,4909129.66,5295700.42,0
1,347655.57,50139.0,0.0,14205.26,361860.83,0
0,654107.59,0.0,0.0,2893238.74,3547346.33,0
0,54131.33,0.0,0.0,7208588.32,7262719.64,0
1,23126.08,0.0,0.0,814632.3,837758.38,0
0,18640.28,0.0,0.0,3754682.19,3773322.47,0
1,638562.37,0.0,0.0,1027520.55,1666082.92,0
1,34313.71,0.0,0.0,4432672.62,4466986.33,0
1,97712.13,41846.0,0.0,207831.82,305543.95,0
1,204717.17,20459.0,0.0,0.0,204717.17,0
1,202123.8,116593.0,0.0,65113.62,267237.42,0
0,2939132.08,0.0,0.0,4103175.79,7042307.86,0
0,2200843.32,35906.0,0.0,1577162.32,3778005.64,0
1,103526.39,0.0,0.0,661774.17,765300.56,0
1,83192.28,24837.0,0.0,0.0,83192.28,0
1,241561.89,10434.0,0.0,0.0,241561.89,0
1,6350.32,50753.0,44402.68,0.0,6350.32,0
1,131467.2,0.0,0.0,1614397.77,1745864.97,0
1,59041.53,103720.0,44678.47,1210828.97,1269870.5,0
1,41977.21,0.0,0.0,1246423.19,1288400.41,0
1,305425.08,269.0,0.0,7786408.62,8091833.7,0
1,47765.59,0.0,0.0,6630024.05,6677789.64,0
0,425555.99,0.0,0.0,2933097.01,3358653.0,0
1,19110.14,21086.0,1975.86,17015.79,36125.92,0
0,1311548.46,0.0,0.0,2463798.38,3775346.84,0
1,245451.83,38143.38,0.0,682140.01,927591.84,0
1,47049.25,0.0,0.0,217981.16,265030.41,0
1,386681.58,10255.0,0.0,0.0,386681.58,0
1,227917.57,0.0,0.0,531888.56,759806.14,0
1,251216.18,10363.0,0.0,0.0,251216.18,0
1,459872.87,0.0,0.0,2165491.92,2625364.79,0
1,337059.96,2889.8,0.0,571368.0,908427.95,0
1,89061.95,24884.0,0.0,0.0,89061.95,0
1,357675.89,0.0,0.0,1925189.4,2282865.29,0
1,86337.62,0.0,0.0,564597.19,650934.81,0
0,33623.24,975.0,0.0,0.0,33623.24,0
0,350259.94,9966.0,0.0,154435.7,504695.64,0
1,221865.54,0.0,0.0,778022.82,999888.36,0
1,40471.49,25594.0,0.0,1141519.31,1181990.8,0
1,240618.02,329787.0,89168.98,2428741.66,2669359.68,0
1,55263.43,0.0,0.0,263959.46,319222.89,0
1,119801.45,0.0,0.0,2176188.54,2295989.99,0
1,153450.11,18852.0,0.0,374684.79,528134.91,0
1,50959.68,20824.0,0.0,2122447.52,2173407.19,0
1,47708.8,11253.0,0.0,0.0,47708.8,0
0,59417.8,1318.0,0.0,6338292.89,6397710.69,0
1,1778.29,23333.47,21555.19,18151.0,13947.87,0
1,122254.31,0.0,0.0,4159887.21,4282141.52,0
1,223879.68,0.0,0.0,668444.16,892323.84,0
1,33485.16,20172.0,0.0,1644440.58,1677925.74,0
1,294707.74,0.0,0.0,962167.58,1256875.31,0
1,126672.0,0.0,0.0,1083470.22,1210142.22,0
1,297028.38,79969.0,0.0,1158.0,298186.39,0
1,430916.74,0.0,0.0,642728.95,1073645.7,0
1,40424.0,2345.0,0.0,828410.23,868834.23,0
0,258883.5,0.0,0.0,386235.91,645119.41,0
1,314023.46,0.0,0.0,464447.05,1132957.9,0
1,242775.78,461.0,0.0,0.0,242775.78,0
1,176843.67,100318.0,0.0,2023507.13,2200350.8,0
0,276263.4,994524.24,718260.84,343583.21,619846.61,0
1,171005.27,0.0,0.0,1806208.25,1977213.52,0
1,119108.01,10576.0,0.0,0.0,119108.01,0
1,105474.49,20220.0,0.0,320719.04,426193.52,0
1,136179.5,9834.98,0.0,11705108.97,11841288.47,0
1,370960.77,6073.0,0.0,0.0,370960.77,0
1,28175.5,13179.0,0.0,0.0,28175.5,0
1,45715.32,24988.0,0.0,1143328.64,1189043.96,0
1,13875.05,12415.0,0.0,314928.4,345104.63,0
1,177199.24,0.0,0.0,629277.91,684884.33,0
1,135847.81,482.0,0.0,0.0,135847.81,0
1,129062.71,0.0,0.0,246980.44,376043.15,0
1,106364.42,0.0,0.0,3401225.19,3507589.61,0
1,48796.05,144.0,0.0,350588.74,399384.79,0
1,284833.28,24983.0,0.0,78335.85,363169.13,0
1,103739.8,0.0,0.0,2750064.91,2853804.71,0
1,14675.03,661716.0,647040.97,3999325.7,4014000.72,0
1,198615.88,0.0,0.0,709867.39,1678827.86,0
1,57662.13,0.0,0.0,1485696.26,1543358.39,0
0,314301.35,62267.0,0.0,6710666.93,7024968.28,0
1,222946.06,0.0,0.0,417298.19,640244.25,0
1,290204.34,104134.04,0.0,1221017.1,1511221.44,0
1,44001.85,20881.0,0.0,275687.32,319689.17,0
1,160027.83,856.0,0.0,258455.46,418483.3,0
1,87876.37,0.0,0.0,192685.78,280562.14,0
1,56212.68,898.0,0.0,323457.96,379670.64,0
1,66658.82,67112.0,453.18,182835.01,249493.83,0
1,170622.96,41430.0,0.0,3349617.48,3520240.44,0
1,255771.06,5897.0,0.0,156185.84,411956.9,0
1,199090.76,75188.0,0.0,63997.22,263087.98,0
0,958103.93,0.0,0.0,4832535.84,5790639.77,0
1,203798.93,49932.0,0.0,2045064.36,2248863.29,0
1,15675.23,0.0,0.0,53792.71,69467.94,0
1,29775.24,31291.0,1515.76,121028.79,150804.02,0
1,47469.85,75056.0,27586.15,675457.03,769209.01,0
1,86467.07,883.0,0.0,996638.23,1083105.3,0
0,310357.41,20913.0,0.0,63663.36,374020.78,0
1,93194.05,0.0,0.0,537110.83,630304.88,0
1,215299.55,120333.0,0.0,192939.36,408238.91,0
0,167432.25,398550.13,231117.88,6558356.96,6725789.21,0
1,180609.88,5012.0,0.0,285911.05,466520.93,0
0,407839.52,298049.0,0.0,591617.38,999456.9,0
0,3322440.77,0.0,0.0,5801691.2,9124131.97,0
1,97543.68,487.0,0.0,0.0,97543.68,0
1,337041.87,108319.0,0.0,1601311.95,1938353.82,0
1,25694.72,0.0,0.0,1707103.72,1732798.44,0
1,362961.34,92400.0,0.0,0.0,362961.34,0
1,19101.52,10782.0,0.0,9435.41,28536.94,0
1,121903.35,15340.0,0.0,51975.0,173878.35,0
1,218090.99,105925.0,0.0,0.0,218090.99,0
1,19089.68,0.0,0.0,3810649.84,3829739.52,0
1,376312.71,172473.27,0.0,7238909.36,7450612.38,0
0,959314.11,14160.0,0.0,259984.75,1219298.86,0
1,749.41,251324.0,250574.59,100269.05,101018.45,0
1,253086.38,191.0,0.0,0.0,253086.38,0
0,616574.81,692.0,0.0,586129.65,1202704.46,0
1,34887.48,32061.0,0.0,21561.29,56448.77,0
1,162137.24,46696.0,0.0,1452203.61,1614340.85,0
1,56704.74,0.0,0.0,1455644.26,1512349.0,0
1,117376.03,42027.36,0.0,613111.63,730487.66,0
1,157913.68,0.0,0.0,316216.82,474130.49,0
1,372175.35,30129.0,0.0,777475.89,1149651.24,0
1,440558.76,68385.0,0.0,342618.67,783177.43,0
1,417442.67,0.0,0.0,1081500.1,1498942.77,0
1,108564.93,0.0,0.0,261475.13,370040.06,0
1,209953.94,59086.0,0.0,0.0,209953.94,0
0,449665.48,0.0,0.0,485308.4,934973.88,0
1,262172.97,17808.0,0.0,2996505.04,3258678.01,0
1,380455.43,0.0,0.0,892723.57,1414616.94,0
1,33351.76,0.0,0.0,136771.04,170122.8,0
1,28937.8,23666.0,0.0,181744.44,210682.24,0
1,187968.7,37773.0,0.0,0.0,187968.7,0
1,201882.48,146529.65,0.0,3153541.8,3355424.28,0
1,105992.49,237530.0,131537.51,168644.31,274636.8,0
1,47807.99,0.0,0.0,833384.25,881192.24,0
0,933288.86,0.0,0.0,29246489.27,31976992.09,0
1,181815.92,0.0,0.0,586350.71,768166.62,0
1,183689.97,11672.0,0.0,3810483.38,3994173.35,0
1,281154.76,0.0,0.0,358652.44,745744.95,0
1,83192.45,49791.0,0.0,20229.21,103421.65,0
1,298542.93,21511.0,0.0,13283.9,311826.83,0
0,127052.14,65555.0,0.0,8387488.99,10297314.71,0
1,112872.75,360.0,0.0,44101.26,156974.01,0
1,98844.07,12374.0,0.0,0.0,98844.07,0
1,135256.42,0.0,0.0,914623.87,1049880.29,0
1,378781.75,0.0,0.0,773718.81,1152500.56,0
1,111616.65,0.0,0.0,465896.63,716297.78,0
1,179207.53,0.0,0.0,2645456.55,2824664.08,0
1,380454.61,55797.0,0.0,0.0,380454.61,0
1,33599.16,0.0,0.0,952074.56,985673.72,0
0,612768.71,18696.0,0.0,0.0,612768.71,0
1,176037.54,0.0,0.0,3814684.67,3990722.2,0
1,70130.64,418.0,0.0,1554730.94,1624861.58,0
1,5434.45,0.0,0.0,23774.83,29209.27,0
1,216493.88,0.0,0.0,2611574.85,2828068.73,0
1,123367.23,21166.71,0.0,490073.36,613440.59,0
1,461116.36,0.0,0.0,3462658.37,3923774.73,0
1,142178.38,0.0,0.0,1152133.26,1294311.64,0
1,243995.27,5784.0,0.0,344970.8,588966.08,0
0,422280.39,0.0,0.0,1821778.12,2244058.51,0
1,26209.54,161355.0,135145.46,0.0,26209.54,0
0,2541060.72,110876.0,0.0,347908.57,2888969.29,0
1,207160.78,51600.0,0.0,0.0,207160.78,0
1,335114.68,36087.0,0.0,196325.23,531439.92,0
1,340787.43,17718.0,0.0,25223.0,48346.53,0
1,49613.79,0.0,0.0,490968.34,540582.13,0
1,407481.52,42257.0,0.0,926654.55,1334136.07,0
1,59545.35,0.0,0.0,178420.16,237965.51,0
1,355116.33,0.0,0.0,9471451.19,9826567.52,0
1,679338.04,402712.54,0.0,816647.63,1495985.67,0
1,185460.47,72938.0,0.0,481953.58,667414.05,0
0,585610.17,0.0,0.0,1542173.6,2127783.77,0
0,31011.72,83215.0,52203.28,1659457.39,2041443.3,0
1,297821.62,181588.0,0.0,194232.86,492054.48,0
1,42193.09,0.0,0.0,395145.31,437338.4,0
1,569929.76,0.0,0.0,973364.13,1543293.89,0
1,44645.1,0.0,0.0,6416995.35,6461640.45,0
1,4914.33,0.0,0.0,81448.28,86362.61,0
1,119460.02,110490.0,0.0,61484.09,52540.19,0
1,184879.9,0.0,0.0,1146473.3,1331353.2,0
1,25639.4,43584.0,17944.6,0.0,22541.9,0
1,64379.54,31732.0,0.0,747170.38,811549.93,0
1,82136.59,0.0,0.0,441745.62,523882.22,0
1,68922.14,112182.0,43259.86,3090025.02,3158947.16,0
1,111650.29,37977.0,0.0,0.0,111650.29,0
1,21900.17,92891.29,70991.12,53547.64,75447.8,0
1,88241.71,3135.0,0.0,327064.84,415306.55,0
1,27637.1,0.0,0.0,777102.04,804739.14,0
0,758492.48,0.0,0.0,3360365.01,4118857.49,0
1,165977.33,20313.0,0.0,5396222.41,5562199.74,0
1,152914.9,0.0,0.0,4065585.42,4218500.31,0
1,150956.26,19876.0,0.0,138818.98,212065.27,0
1,107645.37,179.0,0.0,0.0,107645.37,0
1,434355.37,40650.0,0.0,409555.53,843910.9,0
1,91038.14,25505.0,0.0,128131.9,219170.03,0
1,375360.62,0.0,0.0,1298796.8,1674157.41,0
1,185109.66,115835.09,0.0,2207144.05,2392253.71,0
1,321386.85,24964.0,0.0,3535347.19,3856734.04,0
1,226721.58,385.0,0.0,505069.23,731790.81,0
1,31077.89,20953.0,0.0,0.0,31077.89,0
0,718634.57,0.0,0.0,852052.93,1570687.51,0
0,576533.96,0.0,0.0,2084441.39,2941096.69,0
0,275437.74,0.0,0.0,382683.49,658121.23,0
1,107534.21,51153.0,0.0,230822.13,338356.34,0
1,332036.13,293558.0,0.0,0.0,332036.13,0
1,104239.38,123929.72,19690.34,417631.84,521871.22,0
1,632554.13,0.0,0.0,650581.66,1172148.77,0
0,440820.08,30330.0,0.0,0.0,440820.08,0
1,345322.14,0.0,0.0,2281934.38,2627256.52,0
1,501273.79,5770.0,0.0,1508246.01,2009519.8,0
1,173001.67,121364.0,0.0,0.0,173001.67,0
1,335522.91,0.0,0.0,769077.06,1104599.97,0
1,28646.37,339871.31,311224.94,294761.09,323407.47,0
1,79185.67,19659.0,0.0,0.0,79185.67,0
1,495993.26,0.0,0.0,530506.88,1026500.14,0
1,175049.17,10269.0,0.0,0.0,175049.17,0
0,357132.15,0.0,0.0,6972962.39,7330094.55,0
1,38641.46,0.0,0.0,46045.24,84686.7,0
1,708848.6,239717.45,0.0,18580.0,298184.88,0
1,92400.47,48475.97,0.0,1542992.37,1635392.84,0
1,175728.47,0.0,0.0,377765.81,553494.28,0
1,101868.88,0.0,0.0,419676.47,521545.35,0
1,157416.83,0.0,0.0,1741005.41,1898422.24,0
1,706162.19,12887.0,0.0,113379.88,819542.07,0
1,6446.63,205985.0,199538.37,1009318.31,1015764.94,0
1,167264.63,28073.99,0.0,409366.02,576630.65,0
1,283307.9,0.0,0.0,1859190.76,2142498.66,0
1,87856.4,10601.0,0.0,471957.13,559813.53,0
1,288748.12,185987.0,0.0,385884.94,615908.85,0
1,113234.3,386902.17,273667.87,143993.73,257228.03,0
1,169513.39,0.0,0.0,792599.47,962112.86,0
1,135438.55,101967.0,0.0,324267.42,459705.97,0
1,55898.81,242191.0,186292.19,1981376.17,2037274.98,0
1,128746.38,0.0,0.0,1992188.83,2120935.22,0
1,49730.2,0.0,0.0,513543.77,563273.98,0
1,55487.88,31691.44,0.0,1395503.09,1450990.98,0
0,12532.14,0.0,0.0,1532957.86,1545490.0,0
1,389697.74,99552.0,0.0,252161.75,641859.49,0
0,2162307.89,50681.0,0.0,9365.15,2171673.04,0
1,332320.68,37544.0,0.0,1135686.29,1468006.97,0
1,132372.14,50304.0,0.0,979241.97,1111614.11,0
1,50810.02,0.0,0.0,1141144.55,1191954.57,0
1,297513.56,157673.0,0.0,0.0,391358.32,0
1,23066.16,200863.0,177796.84,488428.26,511494.42,0
0,210012.99,160042.0,0.0,292752.13,502765.12,0
1,85403.58,0.0,0.0,168861.87,254265.45,0
1,147631.66,0.0,0.0,1321257.55,1468889.21,0
1,568896.13,20860.0,0.0,0.0,568896.13,0
1,223982.71,0.0,0.0,364844.65,1007652.98,0
1,37764.83,0.0,0.0,178463.11,216227.94,0
1,167761.15,302014.0,134252.85,921116.61,1088877.76,0
1,125073.13,1298.0,0.0,0.0,125073.13,0
1,13500.24,0.0,0.0,174492.23,187992.47,0
1,137255.35,309267.0,172011.65,838362.28,975617.64,0
1,39516.61,0.0,0.0,998842.74,1038359.36,0
0,358337.99,11524.23,0.0,1080474.31,1438812.3,0
0,203175.41,0.0,0.0,641086.73,844262.14,0
1,359611.52,0.0,0.0,3913.23,363524.74,0
1,112451.88,14876.0,0.0,1130686.16,1243138.04,0
0,737806.49,25077.0,0.0,0.0,737806.49,0
1,200204.84,131504.0,0.0,22725.71,51930.03,0
1,260426.19,21410.0,0.0,5222439.29,6354012.3,0
0,80585.81,0.0,0.0,129211.56,209797.37,0
0,367870.18,0.0,0.0,6167499.02,6845836.66,0
1,153333.49,0.0,0.0,1038962.37,1192295.86,0
1,368365.91,0.0,0.0,1060396.68,1428762.59,0
1,197135.3,0.0,0.0,813211.75,1010347.05,0
1,68968.96,24539.18,0.0,5017357.39,5086326.35,0
1,50363.26,44414.0,0.0,0.0,50363.26,0
1,175057.47,0.0,0.0,1835960.57,2011018.04,0
0,2353567.95,0.0,0.0,16300122.69,18653690.64,0
1,163187.39,0.0,0.0,212931.05,376118.44,0
1,41105.04,0.0,0.0,358959.75,400064.8,0
1,481409.84,11099.0,0.0,9688241.31,10169651.15,0
1,374545.68,0.0,0.0,801893.78,1176439.46,0
0,1387003.53,0.0,0.0,5770872.27,7157875.81,0
1,100263.15,513063.0,412799.85,55553.44,335667.8,0
1,337996.15,27487.0,0.0,48283.67,386279.82,0
1,39600.24,0.0,0.0,1353264.87,1392865.11,0
1,76370.04,0.0,0.0,950168.15,1026538.19,0
1,89468.3,230.0,0.0,120807.32,210275.62,0
0,441054.89,0.0,0.0,3922877.66,4363932.55,0
1,363391.6,10054.0,0.0,295938.21,659329.81,0
1,50707.14,0.0,0.0,1277775.6,1328482.74,0
1,100943.87,40609.0,0.0,1882457.07,1983400.94,0
0,1017052.22,72441.0,0.0,51057.01,1068109.22,0
1,47642.94,0.0,0.0,1221767.46,1269410.4,0
0,1400122.18,0.0,0.0,1708114.61,3108236.8,0
1,95699.52,0.0,0.0,1995030.74,2090730.26,0
1,290752.41,12441.0,0.0,0.0,290752.41,0
1,114627.08,114627.08,0.0,0.0,114627.08,1
1,120999.04,12698.0,0.0,1074741.09,1195740.13,0
1,3028.08,51622.0,48593.92,0.0,3028.08,0
1,393232.36,9964.0,0.0,336481.68,729714.04,0
1,425743.84,41852.68,0.0,7467153.06,7892896.89,0
1,113846.2,202588.0,88741.8,120715.6,234561.8,0
1,120157.37,0.0,0.0,295990.85,416148.21,0
1,116903.74,0.0,0.0,731686.61,848590.36,0
0,399878.29,10119.0,0.0,0.0,399878.29,0
1,10053.28,0.0,0.0,259065.47,269118.74,0
1,357020.17,1080.0,0.0,255234.25,612254.42,0
1,181808.54,903540.0,721731.46,105532.35,287340.89,0
1,302064.96,20720.0,0.0,0.0,302064.96,0
1,390584.42,0.0,0.0,1421460.09,1812044.5,0
1,60656.35,0.0,0.0,321339.32,447693.52,0
1,369306.85,0.0,0.0,408019.0,722298.55,0
1,108452.55,0.0,0.0,262730.43,371182.97,0
0,47215.33,0.0,0.0,58504.72,105720.06,0
1,32315.48,0.0,0.0,368222.67,400538.15,0
1,37913.15,0.0,0.0,6346272.0,6384185.14,0
1,341284.8,0.0,0.0,7408834.03,7750118.82,0
1,301359.08,10010.0,0.0,0.0,301359.08,0
1,160953.11,0.0,0.0,197844.36,358797.48,0
1,170930.25,0.0,0.0,201211.96,372142.21,0
1,149187.25,0.0,0.0,2860569.85,3009757.11,0
1,364057.55,10350.0,0.0,3020.98,367078.53,0
1,158396.57,16651.0,0.0,0.0,158396.57,0
1,180730.72,26792.0,0.0,3417465.03,3598195.75,0
0,87732.96,0.0,0.0,88479.67,176212.63,0
1,99966.15,69380.0,0.0,0.0,99966.15,0
0,305371.89,31229.0,0.0,0.0,305371.89,0
1,35176.06,1007610.45,972434.39,3959954.59,7658176.41,0
1,152624.75,0.0,0.0,560976.69,713601.44,0
1,115324.5,16129.0,0.0,382606.41,497930.91,0
0,102447.26,0.0,0.0,2433905.72,2536352.98,0
0,75.14,10637.0,10561.86,6029790.5,6029865.64,0
0,119664.1,114086.89,0.0,6055774.88,6175438.98,0
1,5219.64,5167.0,0.0,0.0,5219.64,0
0,801419.61,266.0,0.0,0.0,801419.61,0
0,412328.43,21533.0,0.0,8571767.63,9143124.63,0
1,116385.89,16669.0,0.0,0.0,116385.89,0
1,1809.7,0.0,0.0,34854.42,36664.12,0
1,153532.7,0.0,0.0,617442.89,770975.59,0
0,49922.02,19194.0,0.0,4839491.19,4889413.21,0
1,141303.04,295.0,0.0,1084950.2,1226253.24,0
1,173546.7,48807.0,0.0,204416.75,377963.46,0
1,197797.69,0.0,0.0,313434.2,511231.89,0
0,38495.24,33980.0,0.0,0.0,38495.24,0
1,144769.18,4185.0,0.0,189250.68,334019.86,0
1,24102.71,0.0,0.0,1625386.89,1649489.6,0
1,64671.17,11666.0,0.0,5487590.08,5638919.5,0
1,329262.07,90284.0,0.0,583565.71,912827.78,0
1,244643.15,3976.0,0.0,2239185.23,2483828.38,0
1,217434.6,114226.0,0.0,22637.0,240071.6,0
1,89915.6,11890.0,0.0,7702968.4,7792884.0,0
1,160063.75,10508.0,0.0,74935.0,265757.44,0
1,164549.43,11046.0,0.0,3272244.34,3436793.77,0
1,204824.39,0.0,0.0,2305340.92,2510165.31,0
1,173525.69,0.0,0.0,1873043.93,2046569.62,0
0,2416333.9,497317.0,0.0,0.0,2416333.9,0
1,87329.47,0.0,0.0,246719.49,334048.96,0
1,512494.05,11331.0,0.0,71238.69,583732.74,0
0,10000000.0,0.0,0.0,10147366.85,28344822.82,0
1,166592.59,0.0,0.0,180206.52,346799.11,0
1,150462.52,0.0,0.0,679228.38,829690.9,0
1,52043.86,2347.0,0.0,25205.04,77248.89,0
1,70624.81,377659.79,307034.98,209486.24,280111.05,0
0,1010999.5,1003608.62,0.0,6175206.74,7312045.07,0
1,49875.57,255948.73,206073.15,171968.56,73912.23,0
1,267701.52,0.0,0.0,1499012.87,1766714.39,0
1,220265.2,24723.0,0.0,0.0,220265.2,0
1,335685.66,5530.0,0.0,2164419.14,2500104.8,0
1,150807.77,0.0,0.0,1770980.94,1921788.7,0
0,1666669.86,2327.0,0.0,0.0,1666669.86,0
0,656495.02,0.0,0.0,995046.35,1651541.37,0
1,114538.24,0.0,0.0,140414.38,254952.61,0
1,237775.52,605.0,0.0,937565.86,711031.49,0
1,420830.13,20897.0,0.0,119291.83,540121.96,0
1,23327.26,172593.68,149266.42,218267.12,241594.38,0
1,74453.28,14625.76,0.0,1334751.56,1409204.84,0
1,30281.75,0.0,0.0,160307.85,190589.6,0
1,464719.43,71700.0,0.0,5519409.06,5984128.49,0
1,247574.8,41493.0,0.0,89835.85,337410.64,0
1,155230.82,9465.0,0.0,0.0,155230.82,0
1,301134.01,3007.0,0.0,48796.51,349930.52,0
1,277615.96,11700.0,0.0,2974795.13,5364879.74,0
1,15339.11,40416.0,25076.89,3677059.42,3692398.53,0
1,32874.27,323433.0,290558.73,751232.02,784106.29,0
1,397462.04,0.0,0.0,922839.3,1456633.2,0
1,175385.9,0.0,0.0,803256.77,978642.67,0
1,99791.28,0.0,0.0,2094032.33,2193823.61,0
1,2339.9,0.0,0.0,16020932.86,16023272.76,0
1,64157.69,3005.14,0.0,172542.36,236700.04,0
1,188584.01,0.0,0.0,341663.45,530247.46,0
0,734079.5,10604.0,0.0,0.0,734079.5,0
0,140771.33,9950.0,0.0,8836868.93,8977640.26,0
1,56946.31,18396.0,0.0,870513.25,927459.56,0
1,30362.78,0.0,0.0,508037.81,538400.6,0
1,62434.88,0.0,0.0,1579130.35,1641565.22,0
1,108037.43,11633.0,0.0,30322.52,138359.95,0
1,146420.62,0.0,0.0,891018.14,1037438.76,0
0,3553.89,0.0,0.0,161299.09,164852.98,0
0,1311236.54,0.0,0.0,2642099.83,3953336.37,0
1,239232.44,46758.31,0.0,2894172.01,3133404.45,0
1,273898.79,0.0,0.0,342963.68,616862.46,0
1,113864.57,255215.0,141350.43,1781232.68,1895097.25,0
1,311724.9,14548.0,0.0,4372097.07,4683821.97,0
1,37679.29,0.0,0.0,933732.71,971412.01,0
1,437181.85,4761.0,0.0,0.0,437181.85,0
0,330829.71,0.0,0.0,3400403.16,3731232.87,0
1,358071.94,71627.0,0.0,286193.7,644265.65,0
0,1925812.9,0.0,0.0,3178927.45,5104740.36,0
1,195738.73,30067.0,0.0,0.0,195738.73,0
0,789289.16,252.0,0.0,71722.42,861011.58,0
0,985.4,21269.0,20283.6,0.0,985.4,0
1,39900.94,0.0,0.0,3957324.03,4011359.99,0
1,64263.28,0.0,0.0,238111.57,302374.85,0
1,80411.87,0.0,0.0,599692.36,680104.22,0
1,406046.77,14726.0,0.0,751451.15,1157497.92,0
1,78074.01,303830.0,225755.99,0.0,78074.01,0
0,1712347.44,0.0,0.0,9039751.94,11273090.85,0
1,77105.56,0.0,0.0,5348112.79,5425218.35,0
1,79511.26,335.0,0.0,245689.12,325200.38,0
1,268908.17,296.0,0.0,4255148.35,4524056.52,0
1,48867.7,51646.0,2778.3,159952.0,0.0,0
1,82458.56,0.0,0.0,2390188.67,2472647.23,0
1,274884.17,20788.0,0.0,31638.55,306522.72,0
1,53776.79,1433.0,0.0,374384.72,428161.5,0
1,484988.35,0.0,0.0,854687.7,1339676.05,0
1,198434.97,1318.0,0.0,115778.26,314213.23,0
0,162287.74,567.0,0.0,2124539.97,2286827.71,0
1,28530.72,546488.58,517957.86,304939.82,333470.55,0
1,258718.83,0.0,0.0,1180988.06,1439706.89,0
1,113904.36,5523.0,0.0,2767495.23,3485989.96,0
0,1654942.06,0.0,0.0,3977769.15,5632711.21,0
1,81613.39,0.0,0.0,2020593.76,2102207.16,0
1,199105.93,0.0,0.0,1212162.37,1695041.78,0
0,411364.78,222272.21,0.0,513032.36,924397.15,0
1,82237.0,0.0,0.0,1392910.79,1475147.79,0
1,11505.71,79432.0,67926.29,0.0,11505.71,0
0,4185958.89,20196.0,0.0,0.0,4185958.89,0
0,72132.1,52032.0,0.0,0.0,72132.1,0
1,13892.56,381.0,0.0,3483642.91,3497535.47,0
1,162302.8,0.0,0.0,1699659.05,1861961.85,0
0,262464.0,102142.0,0.0,0.0,262464.0,0
1,285848.84,0.0,0.0,3489583.0,3775431.84,0
1,287879.79,1835.0,0.0,283892.18,571771.97,0
1,56953.64,0.0,0.0,99310.04,156263.68,0
1,6731.28,20327.0,13595.72,2461032.47,2467763.75,0
1,171244.1,53747.0,0.0,0.0,171244.1,0
1,36275.17,102266.0,65990.83,1360594.42,1396869.59,0
1,426024.8,104716.0,0.0,469424.59,895449.4,0
0,1124903.74,51799.0,0.0,103765.38,1228669.12,0
0,202951.45,0.0,0.0,244596.48,447547.93,0
0,420460.93,0.0,0.0,478137.24,898598.17,0
1,229950.9,0.0,0.0,4435873.39,4665824.29,0
1,83384.23,0.0,0.0,116772.9,200157.14,0
1,79067.32,0.0,0.0,5761487.11,5840554.43,0
1,1876.95,0.0,0.0,31190.0,33066.95,0
1,265876.28,0.0,0.0,1476230.72,1742107.0,0
1,10705.47,0.0,0.0,607153.61,617859.08,0
1,48134.24,0.0,0.0,62743.66,110877.9,0
1,186282.93,10030.3,0.0,472649.1,931908.07,0
0,2015947.04,0.0,0.0,5781477.75,7797424.79,0
1,78248.14,51791.0,0.0,0.0,78248.14,0
1,340233.63,60106.0,0.0,40290.88,380524.51,0
0,424795.46,0.0,0.0,1729324.49,2154119.96,0
1,54649.68,0.0,0.0,81810.65,136460.33,0
1,268408.31,0.0,0.0,1144247.23,1412655.55,0
1,98156.42,697.0,0.0,349780.06,447936.48,0
0,387205.65,2927.0,0.0,0.0,387205.65,0
1,536212.31,0.0,0.0,1790796.06,2327008.37,0
1,108865.6,0.0,0.0,2095181.52,2204047.12,0
1,291047.87,287736.44,0.0,456758.62,747806.49,0
1,6399.89,16814.0,10414.11,0.0,6399.89,0
1,9889.96,20163.0,10273.04,310315.07,320205.03,0
0,3759556.44,156.0,0.0,264666.21,4024222.65,0
1,4811.43,0.0,0.0,56718.54,61529.98,0
0,1042798.16,2758.0,0.0,0.0,1042798.16,0
1,26725.57,0.0,0.0,667106.02,693831.59,0
1,93620.83,0.0,0.0,806407.48,900028.31,0
1,114473.5,20467.0,0.0,803133.86,917607.35,0
0,825739.96,0.0,0.0,3181813.22,4007553.18,0
1,310511.57,10493.0,0.0,635364.94,945876.51,0
1,253755.73,0.0,0.0,309015.57,562771.3,0
1,211443.04,0.0,0.0,4249749.15,4461192.19,0
0,109249.83,0.0,0.0,727373.14,836622.97,0
0,168739.06,184531.41,15792.35,3063.0,6867500.98,0
1,125676.1,5598.0,0.0,68800.48,194476.58,0
1,856601.17,0.0,0.0,4129369.78,4985970.95,0
0,228097.78,879.0,0.0,4123672.19,4305971.34,0
1,39322.37,17296.0,0.0,1115708.27,1155030.63,0
1,161176.03,0.0,0.0,604823.24,765999.27,0
1,182664.22,0.0,0.0,795168.65,977832.87,0
1,220605.2,0.0,0.0,550798.71,771403.91,0
0,507518.5,0.0,0.0,6096020.09,6603538.59,0
1,8503.17,11694.0,3190.83,9895954.91,9904458.08,0
1,52697.0,62533.0,9836.0,40871.47,93568.48,0
1,10868.67,0.0,0.0,1855894.94,1866763.61,0
1,401414.28,9044.0,0.0,0.0,401414.28,0
1,9698.22,0.0,0.0,117350.85,127049.06,0
1,1786.23,0.0,0.0,3529052.4,3530838.63,0
0,359187.34,0.0,0.0,625347.83,984535.17,0
0,875411.88,300991.33,0.0,1521589.21,2397001.08,0
1,76558.55,184.0,0.0,36291.68,112850.23,0
1,198593.49,37715.0,0.0,210411.72,409005.21,0
1,283737.23,0.0,0.0,928535.52,1212272.75,0
0,1930816.97,0.0,0.0,2102271.98,4033088.95,0
1,356784.54,0.0,0.0,22367235.45,22724019.99,0
1,90202.78,0.0,0.0,987670.15,1077872.93,0
1,123059.82,0.0,0.0,3708133.67,3831193.5,0
1,360409.84,741245.17,380835.34,492602.33,853012.17,0
1,103637.72,466.0,0.0,441925.25,545562.97,0
1,232549.52,149857.0,0.0,3904149.95,4136699.47,0
0,845426.49,0.0,0.0,927579.92,1773006.41,0
0,328343.63,0.0,0.0,870347.5,1198691.12,0
1,53649.88,0.0,0.0,515597.01,569246.89,0
1,945986.91,0.0,0.0,2575260.89,3521247.8,0
1,40460.15,60151.0,19690.85,264091.99,304552.14,0
0,751175.83,41625.0,0.0,2652467.25,3403643.09,0
1,357232.64,0.0,0.0,593407.25,950639.9,0
1,178424.59,0.0,0.0,490818.37,415615.89,0
1,91897.28,203061.0,111163.72,24675716.32,24767613.6,0
1,95411.97,111323.0,15911.03,1292029.97,1387441.94,0
1,164032.27,33468.0,0.0,1152007.17,1316039.44,0
1,429543.19,4571.87,0.0,1015948.86,1445492.05,0
1,43984.93,30173.0,0.0,0.0,43984.93,0
1,255787.08,60294.0,0.0,453338.85,709125.93,0
1,81415.99,45736.0,0.0,918971.01,1000387.0,0
1,355830.07,0.0,0.0,410735.37,766565.44,0
1,171343.58,0.0,0.0,4716572.18,4887915.76,0
0,534641.49,21495.0,0.0,24607.04,559248.54,0
1,131444.96,18.0,0.0,0.0,131444.96,0
0,1085026.52,22114.0,0.0,82355.99,1523852.82,0
1,86119.71,0.0,0.0,986360.43,1072480.14,0
0,1556391.85,16765.63,0.0,5588267.38,7144659.23,0
1,272616.77,30561.0,0.0,866481.51,1139098.28,0
1,275116.08,0.0,0.0,4318813.92,4593930.0,0
1,346219.06,1018.0,0.0,0.0,346219.06,0
1,230013.45,14824.0,0.0,168074.64,398088.09,0
0,1161029.76,24237.0,0.0,275994.76,1688289.33,0
1,304117.29,8294.0,0.0,0.0,304117.29,0
0,83948.05,0.0,0.0,254080.3,338028.35,0
1,62637.2,16543.0,0.0,0.0,62637.2,0
1,86224.54,159822.0,73597.46,475853.22,562077.75,0
1,95943.84,0.0,0.0,337752.18,433696.02,0
1,388685.22,14911.0,0.0,421217.46,809902.68,0
1,133005.88,52607.0,0.0,1072984.58,1205990.46,0
1,62451.35,0.0,0.0,1759720.61,1822171.96,0
1,317857.6,0.0,0.0,847449.9,1165307.5,0
1,30070.53,0.0,0.0,1201152.01,1231222.53,0
0,795485.36,136747.0,0.0,3097126.86,3892612.22,0
0,3439440.88,8833.0,0.0,137401.72,3576842.61,0
0,294901.88,0.0,0.0,2973507.41,3268409.29,0
1,232443.22,11251.0,0.0,0.0,232443.22,0
1,181239.16,0.0,0.0,560550.45,1189316.26,0
1,196329.68,39743.0,0.0,0.0,196329.68,0
1,157089.66,0.0,0.0,857473.92,1014563.58,0
1,34666.65,226873.86,192207.22,96532.15,131198.8,0
1,444166.59,119941.0,0.0,411241.93,476162.03,0
1,32463.01,133383.0,100919.99,102315.69,134778.7,0
1,59344.22,0.0,0.0,256031.99,315376.21,0
1,56679.98,0.0,0.0,5737484.12,5794164.1,0
1,174902.96,0.0,0.0,639808.54,814711.5,0
0,753328.07,31226.0,0.0,173839.65,927167.72,0
0,146003.31,0.0,0.0,821485.9,967489.21,0
1,16706.64,0.0,0.0,708727.17,725433.81,0
1,31842.69,4109.0,0.0,1657110.87,1579099.55,0
0,839675.12,0.0,0.0,1130932.63,1970607.76,0
1,355919.45,23208.0,0.0,0.0,355919.45,0
1,263102.63,0.0,0.0,9883075.92,10146178.56,0
1,80419.58,305727.0,225307.42,5652237.31,5732656.89,0
1,239339.63,10445.0,0.0,0.0,239339.63,0
1,42869.41,30895.0,0.0,0.0,42869.41,0
1,184902.89,0.0,0.0,1523414.78,1708317.67,0
1,181792.31,30316.0,0.0,1226775.25,1408567.55,0
1,12525.14,256899.21,244374.08,33496.46,46021.6,0
0,337390.99,0.0,0.0,1015524.87,1352915.86,0
1,535284.08,0.0,0.0,1451528.73,1986812.8,0
1,126660.57,840.0,0.0,0.0,126660.57,0
1,195515.89,11581.0,0.0,0.0,195515.89,0
1,419681.49,96704.03,0.0,456106.31,875787.8,0
1,359083.92,0.0,0.0,6635904.07,6994987.99,0
1,192079.93,21077.0,0.0,0.0,192079.93,0
1,557136.97,11267.0,0.0,2610990.91,3168127.87,0
1,85725.11,0.0,0.0,1260679.31,1346404.42,0
1,69750.27,0.0,0.0,2098767.19,2168517.46,0
1,7850.27,0.0,0.0,317968.02,325818.3,0
0,690045.58,0.0,0.0,3705955.34,4396000.92,0
1,36100.56,303555.0,267454.44,85954.43,122054.99,0
1,228644.12,20647.0,0.0,982749.44,1211393.56,0
1,72808.65,539686.0,466877.35,816251.52,695378.9,0
1,135624.57,0.0,0.0,1178966.03,1314590.6,0
1,210223.38,20836.0,0.0,2448649.57,2774733.11,0
1,151351.92,0.0,0.0,6633449.66,6784801.58,0
1,45200.2,0.0,0.0,429471.99,474672.19,0
1,55674.95,0.0,0.0,204481.21,260156.15,0
1,19792.77,0.0,0.0,472957.1,492749.88,0
0,1045464.58,276753.0,0.0,109636.0,1155100.58,0
1,132087.93,60503.0,0.0,332606.18,464694.11,0
0,59125.41,0.0,0.0,952353.76,1011479.17,0
1,77045.73,0.0,0.0,16796643.43,16873689.16,0
1,5466.75,0.0,0.0,366911.55,372378.3,0
1,125711.34,165.0,0.0,2957797.9,3354880.27,0
1,103074.99,11.0,0.0,162373.14,265448.13,0
0,389549.15,158096.0,0.0,0.0,389549.15,0
0,731726.35,0.0,0.0,1706166.99,2437893.34,0
1,201279.37,187254.76,0.0,1650581.64,1851861.01,0
1,13024.19,0.0,0.0,2055810.53,2396239.2,0
1,190611.26,0.0,0.0,1461562.97,1652174.23,0
1,219992.61,0.0,0.0,1803020.56,2023013.17,0
1,40160.17,10869.0,0.0,1323.0,370076.06,0
0,108097.04,0.0,0.0,1278893.77,1512429.58,0
1,288851.16,0.0,0.0,1585652.76,1874503.92,0
1,66440.68,0.0,0.0,1539987.29,1606427.97,0
1,477769.35,0.0,0.0,2155149.71,2632919.06,0
0,213328.28,1097.0,0.0,0.0,213328.28,0
0,125884.66,38783.31,0.0,333044.47,458929.13,0
0,1247830.76,24406.0,0.0,620228.12,1868058.88,0
1,446851.37,0.0,0.0,584365.95,1031217.31,0
0,161433.95,0.0,0.0,625150.16,786584.11,0
1,71899.93,0.0,0.0,3413046.55,3484946.49,0
0,384156.61,0.0,0.0,456256.76,840413.38,0
1,137346.33,95595.02,0.0,1703143.81,1840490.14,0
1,41187.71,0.0,0.0,1034300.97,1075488.68,0
1,18869.89,0.0,0.0,310493.55,329363.45,0
1,117179.05,0.0,0.0,175184.91,292363.96,0
1,604222.61,0.0,0.0,1287464.47,1891687.08,0
1,14349.16,18183.0,3833.84,6026916.41,6041265.57,0
1,103126.43,11268.0,0.0,0.0,103126.43,0
1,32494.78,31742.0,0.0,0.0,32494.78,0
0,1666671.47,0.0,0.0,3456192.95,5122864.42,0
1,303488.93,57626.37,0.0,2989246.49,3292735.42,0
1,237235.98,422.0,0.0,241036.08,478272.06,0
1,45794.62,0.0,0.0,142712.79,188507.41,0
1,217871.33,629011.69,411140.36,472792.3,690663.63,0
1,7609.13,0.0,0.0,3315497.15,3323106.28,0
1,102931.49,0.0,0.0,689548.17,792479.67,0
1,15874.14,0.0,0.0,380417.38,396291.52,0
1,18198.61,0.0,0.0,514037.02,532235.63,0
1,138091.99,5466.75,0.0,726049.12,864141.11,0
1,61699.69,0.0,0.0,149739.14,211438.83,0
1,209252.22,0.0,0.0,8603852.99,8813105.21,0
1,133889.02,0.0,0.0,4044113.77,4178002.79,0
1,203458.48,10546.0,0.0,85536.15,556919.99,0
1,69371.03,119292.0,49920.97,557145.17,626516.2,0
1,70981.03,9982.0,0.0,123014.27,193995.3,0
1,396178.54,0.0,0.0,592784.72,988963.26,0
0,1035725.98,700.0,0.0,1041934.52,2077660.5,0
1,175518.91,0.0,0.0,331253.53,506772.44,0
1,252248.3,10185.0,0.0,1643452.19,1895700.49,0
0,210041.25,128860.0,0.0,47558.07,257599.33,0
1,70950.93,0.0,0.0,1404496.48,1475447.41,0
1,320995.24,0.0,0.0,362691.45,0.0,0
1,202718.02,10189.0,0.0,0.0,202718.02,0
1,430640.42,49804.0,0.0,0.0,430640.42,0
0,105694.13,33909.0,0.0,29204.52,134898.65,0
1,137323.65,0.0,0.0,525967.68,663291.33,0
1,98249.6,10125.0,0.0,652003.41,796705.59,0
1,201055.98,0.0,0.0,255862.9,456918.88,0
0,825177.56,42151.0,0.0,7904.62,833082.17,0
1,43466.77,0.0,0.0,983389.55,1026856.32,0
1,27227.35,75134.0,47906.65,63606.16,90833.51,0
0,3236392.3,0.0,0.0,4916026.84,8152419.14,0
1,50939.58,193440.0,142500.42,0.0,50939.58,0
0,696467.5,0.0,0.0,1771177.39,2467644.89,0
1,63359.18,101614.0,38254.82,3031759.56,3095118.75,0
1,57561.94,71653.0,14091.06,3332363.04,3389924.98,0
1,139778.84,319692.03,179913.2,1252995.69,1392774.53,0
1,188900.62,0.0,0.0,1193945.36,1382845.98,0
0,1331022.44,0.0,0.0,3402535.72,4733558.17,0
1,142772.34,14580.0,0.0,136450.34,279222.67,0
1,413983.16,37567.0,0.0,0.0,413983.16,0
1,456550.94,784.0,0.0,0.0,456550.94,0
1,124868.39,0.0,0.0,289879.98,414748.37,0
1,130629.22,0.0,0.0,182649.22,313278.44,0
1,177431.92,0.0,0.0,208177.33,385609.25,0
1,187152.57,221582.85,34430.28,1165029.79,1352182.36,0
1,209746.43,103999.0,0.0,0.0,209746.43,0
1,160992.02,137.0,0.0,22483566.96,22644558.98,0
0,47201.54,0.0,0.0,1130876.01,1178077.56,0
1,178949.27,0.0,0.0,470651.22,649600.49,0
1,88288.99,32314.0,0.0,0.0,88288.99,0
1,74230.55,0.0,0.0,1917123.03,1991353.58,0
1,258978.44,0.0,0.0,1277698.53,1536676.97,0
0,15899.31,0.0,0.0,21176.69,37076.0,0
1,212121.01,22068.0,0.0,100264.56,312385.57,0
1,72044.91,254802.83,182757.92,3745773.04,3817817.95,0
1,112992.04,0.0,0.0,1635257.11,2118071.09,0
1,50562.36,0.0,0.0,742361.24,792923.6,0
1,190408.14,31168.0,0.0,380706.68,571114.83,0
0,93522.28,54412.0,0.0,558493.43,652015.72,0
1,119235.39,0.0,0.0,211792.14,331027.53,0
1,14601.32,296.0,0.0,231892.62,246493.93,0
1,69764.69,27548.0,0.0,205769.31,275534.0,0
1,173824.5,0.0,0.0,533498.38,707322.88,0
1,125629.81,0.0,0.0,165639.87,291269.68,0
1,89313.28,0.0,0.0,95313.1,184626.37,0
1,350909.73,0.0,0.0,1299580.0,1650489.74,0
1,277125.48,0.0,0.0,1260717.32,1537842.8,0
1,36774.18,0.0,0.0,85868.31,122642.49,0
1,340237.22,20352.0,0.0,613514.2,1181838.68,0
1,312796.35,79234.7,0.0,916435.06,1229231.41,0
1,85144.44,49885.0,0.0,0.0,85144.44,0
1,146849.48,16499.0,0.0,392364.68,539214.16,0
1,81348.14,0.0,0.0,10465648.39,10546996.53,0
1,239065.95,50271.0,0.0,319814.9,558880.85,0
1,52819.46,0.0,0.0,569685.65,622505.1,0
1,257733.02,697203.0,439469.98,0.0,257733.02,0
1,40532.15,19888.0,0.0,109217.42,149749.57,0
1,321481.15,0.0,0.0,655979.78,977460.93,0
0,76612.56,0.0,0.0,443815.73,520428.29,0
1,122528.61,0.0,0.0,996072.32,1118600.93,0
1,62117.06,73059.0,10941.94,8872608.46,8934725.52,0
1,14856.67,0.0,0.0,17735.12,32591.78,0
1,194531.46,0.0,0.0,5870239.74,6064771.21,0
1,38565.01,0.0,0.0,662427.8,778800.01,0
1,69718.68,73802.92,4084.25,372663.64,442382.32,0
1,60397.25,78412.0,18014.75,1972.78,62370.03,0
1,15490.2,0.0,0.0,112961.55,128451.74,0
1,15123.68,14586.0,0.0,0.0,15123.68,0
1,164867.17,176318.0,11450.83,0.0,164867.17,0
0,335186.13,17012.12,0.0,787175.58,1122361.71,0
1,337262.02,0.0,0.0,7600855.89,7938117.91,0
1,116694.05,152944.85,36250.81,860846.23,977540.28,0
1,71737.94,0.0,0.0,179006.84,250744.79,0
1,14533.05,0.0,0.0,535371.2,163005.78,0
0,253201.11,0.0,0.0,29213951.78,29467152.88,0
1,90479.54,0.0,0.0,1417188.59,1507668.13,0
0,809982.75,0.0,0.0,7203074.6,8013057.35,0
1,288030.33,111261.0,0.0,6658815.74,6946846.07,0
1,24297.97,6059.0,0.0,550487.29,574785.26,0
1,101744.1,0.0,0.0,1128904.73,1230648.82,0
1,195093.07,11558.0,0.0,0.0,195093.07,0
0,591510.71,173455.22,0.0,9693176.27,10507386.73,0
1,96762.73,6040.0,0.0,605672.05,702434.77,0
1,136936.02,100747.0,0.0,527407.38,664343.4,0
1,28900.25,119573.0,90672.75,230798.11,259698.36,0
0,2688528.57,0.0,0.0,3104815.28,5793343.84,0
1,652013.26,21917.0,0.0,483985.05,1135998.3,0
0,349951.52,18214.0,0.0,1934915.28,2284866.8,0
1,217261.67,1048.0,0.0,0.0,217261.67,0
1,23378.94,0.0,0.0,379052.75,402431.69,0
1,55661.85,103201.0,47539.15,505786.14,561447.99,0
1,80345.15,0.0,0.0,97236.46,177581.61,0
1,201621.95,20652.0,0.0,0.0,201621.95,0
1,14509.34,0.0,0.0,1507231.84,1521741.18,0
1,9242.3,185419.16,176176.86,17727.21,26969.51,0
1,17507.96,0.0,0.0,2556824.47,2574332.43,0
1,44254.2,11004.0,0.0,22232.0,40626.24,0
1,113922.26,0.0,0.0,155879.14,269801.4,0
1,398957.08,0.0,0.0,33151362.06,33550319.14,0
1,45389.78,0.0,0.0,641352.96,686742.73,0
1,237463.39,0.0,0.0,282081.77,519545.16,0
1,133980.84,0.0,0.0,204405.0,12.82,0
1,267565.22,0.0,0.0,1611423.69,1878988.91,0
1,97761.04,13901.0,0.0,5475.99,103237.03,0
1,246909.57,0.0,0.0,912491.74,1159401.31,0
1,57191.51,50922.0,0.0,210549.27,267740.78,0
1,258803.87,22421.0,0.0,516602.78,775406.65,0
1,9931.47,5056.0,0.0,10473.22,20404.69,0
1,57245.9,0.0,0.0,234009.88,356782.74,0
1,410702.05,0.0,0.0,725794.63,1136496.68,0
1,7968.65,50701.0,42732.35,92266.42,100235.08,0
0,173857.11,0.0,0.0,241362.57,277772.81,0
1,12979.98,105033.0,92053.02,11677.31,24657.29,0
1,31382.06,0.0,0.0,269910.32,301292.38,0
1,49380.57,0.0,0.0,520780.57,570161.14,0
0,260556.98,0.0,0.0,2300210.44,2560767.42,0
1,210200.23,48440.99,0.0,1738662.36,1948862.59,0
1,165815.32,19269.0,0.0,1050869.86,1375693.36,0
1,104571.08,145765.0,41193.92,3479795.38,3584366.46,0
1,276837.75,0.0,0.0,1145057.65,1421895.4,0
1,195080.17,0.0,0.0,965090.44,1160170.62,0
1,319541.19,99902.0,0.0,205861.4,525402.59,0
1,443602.27,155.0,0.0,159117.74,369310.01,0
1,298833.31,298372.0,0.0,435471.22,734304.53,0
1,204325.81,202869.0,0.0,125206.93,329532.74,0
1,3604.74,0.0,0.0,8396.31,12001.05,0
1,68730.65,0.0,0.0,1238053.35,1306784.01,0
1,253943.54,0.0,0.0,351318.66,605262.2,0
1,15188.08,5528.0,0.0,0.0,15188.08,0
0,734059.52,30694.0,0.0,20706.59,754766.11,0
0,566130.05,39871.0,0.0,0.0,566130.05,0
0,96965.37,0.0,0.0,354467.98,451433.35,0
0,1035412.77,219008.0,0.0,601519.29,1636932.06,0
1,235182.76,112432.0,0.0,822523.55,1057706.32,0
1,138332.87,0.0,0.0,1060857.14,1199190.01,0
1,193541.63,0.0,0.0,7480994.28,7674535.91,0
1,180886.86,0.0,0.0,206839.21,387726.07,0
0,325045.56,104672.0,0.0,212956.1,538001.66,0
1,158563.56,51791.0,0.0,0.0,158563.56,0
1,11896.33,0.0,0.0,943326.93,955223.27,0
1,102998.25,14887.0,0.0,0.0,102998.25,0
1,170014.36,676.0,0.0,18293.65,188308.01,0
1,238622.83,0.0,0.0,909961.06,1148583.88,0
1,40914.84,0.0,0.0,211660.57,252575.41,0
0,208868.91,0.0,0.0,463848.0,672716.91,0
0,87393.36,16387.85,0.0,849626.52,937019.88,0
1,230939.1,0.0,0.0,2573971.54,2804910.64,0
0,957896.54,26311.0,0.0,398926.47,1356823.01,0
1,330590.15,36657.04,0.0,3730464.49,4061054.64,0
1,430797.56,0.0,0.0,518048.96,948846.51,0
1,254597.59,30182.0,0.0,387980.1,642577.69,0
0,446302.75,0.0,0.0,3028393.59,3474696.34,0
1,43137.93,0.0,0.0,52249.0,138211.52,0
1,294331.02,0.0,0.0,374692.28,669023.3,0
0,512334.1,0.0,0.0,611809.7,1124143.8,0
1,113734.23,0.0,0.0,4452924.17,4566658.4,0
0,19915.29,0.0,0.0,199512.01,219427.3,0
0,1038487.75,0.0,0.0,2779478.85,3817966.59,0
1,582433.97,0.0,0.0,4480361.27,5062795.24,0
1,114914.43,129937.0,15022.57,0.0,114914.43,0
1,226895.8,0.0,0.0,2540860.11,2767755.91,0
1,51808.0,0.0,0.0,83843.67,135651.67,0
1,12881.06,0.0,0.0,1173641.99,1186523.05,0
0,487162.1,1935.0,0.0,1460917.23,1948079.33,0
0,183361.16,91.0,0.0,0.0,183361.16,0
1,414514.76,30974.0,0.0,334068.08,748582.84,0
1,97859.92,0.0,0.0,154605.23,252465.15,0
1,437371.73,518702.0,81330.27,1727766.17,2165137.9,0
1,79099.57,3816.0,0.0,3614722.46,3693822.03,0
1,61325.74,0.0,0.0,2331167.21,2392492.95,0
0,1336830.93,0.0,0.0,4263571.59,5600402.52,0
1,38037.25,29806.0,0.0,280850.89,569793.13,0
1,204609.01,0.0,0.0,1677481.96,2368123.18,0
1,159417.37,0.0,0.0,1332798.37,1432862.54,0
1,45228.58,0.0,0.0,65253.69,110482.27,0
1,285901.54,247727.0,0.0,284229.24,570130.77,0
1,131466.99,0.0,0.0,13448727.78,13580194.77,0
0,584181.9,0.0,0.0,1337138.52,1921320.42,0
0,33024.25,96188.0,63163.75,0.0,33024.25,0
1,102620.44,10118.0,0.0,0.0,102620.44,0
1,142882.44,0.0,0.0,12924737.33,13067619.77,0
1,240717.79,549885.37,309167.58,7398714.05,7639431.84,0
1,210829.9,0.0,0.0,983847.48,1194677.37,0
1,89026.16,0.0,0.0,7500004.01,7589030.17,0
1,73628.01,120.0,0.0,0.0,73628.01,0
1,48016.39,0.0,0.0,71438.47,119454.86,0
1,97161.41,0.0,0.0,1017326.23,1114487.64,0
1,93853.15,124616.0,30762.85,181085.39,274938.54,0
1,133877.81,0.0,0.0,232973.12,366850.93,0
1,81503.85,0.0,0.0,9725157.4,10780288.51,0
1,449141.07,7026.0,0.0,13109240.63,13558381.7,0
1,355373.25,0.0,0.0,1628978.12,1767077.77,0
1,248242.2,0.0,0.0,1240470.16,1488712.36,0
1,24752.71,8403.0,0.0,73447.75,98200.46,0
1,374660.13,18959.0,0.0,0.0,374660.13,0
1,30173.12,31370.0,1196.88,147771.68,177944.8,0
1,467357.58,106925.0,0.0,91762.88,415045.69,0
0,218093.66,1035.0,0.0,0.0,218093.66,0
1,297529.36,13030.0,0.0,2223326.04,2520855.39,0
0,436745.2,204564.0,0.0,122453.37,559198.57,0
1,191137.67,106440.0,0.0,244003.96,435141.63,0
1,178747.24,0.0,0.0,2282823.02,2461570.26,0
1,530912.61,0.0,0.0,952704.46,1483617.08,0
1,88619.64,0.0,0.0,4755625.95,4844245.59,0
1,555603.58,299770.0,0.0,41489.93,597093.51,0
1,183556.06,0.0,0.0,1298230.73,1481786.79,0
1,141803.21,0.0,0.0,3613173.84,3713402.42,0
1,153967.46,0.0,0.0,1184064.36,1338031.82,0
0,594316.68,0.0,0.0,8074757.56,8669074.24,0
1,205130.43,3810.0,0.0,0.0,205130.43,0
1,102674.3,0.0,0.0,2772783.24,2875457.54,0
0,1154227.84,38296.0,0.0,775417.94,1929645.78,0
1,307334.89,0.0,0.0,1190384.69,1497719.57,0
1,281926.77,10408.0,0.0,72037.0,353963.77,0
1,324536.38,51489.0,0.0,0.0,324536.38,0
1,293503.5,40863.0,0.0,0.0,293503.5,0
1,612263.01,0.0,0.0,1276879.93,1889142.94,0
1,244933.95,100147.0,0.0,0.0,244933.95,0
0,112324.14,0.0,0.0,687135.11,799459.25,0
1,124127.02,0.0,0.0,381070.63,505197.65,0
1,110174.79,13110.0,0.0,28905.58,139080.37,0
1,45973.15,16692.0,0.0,256241.38,302214.52,0
1,358434.03,0.0,0.0,370307.92,728741.95,0
1,218821.32,41694.14,0.0,525769.12,744590.44,0
0,428935.25,0.0,0.0,1338192.31,1767127.57,0
0,130256.13,203783.0,73526.87,0.0,130256.13,0
0,668451.67,32287.39,0.0,935787.18,1604238.86,0
1,94488.13,15315.0,0.0,7715951.62,7810439.75,0
1,88986.77,0.0,0.0,1731787.69,1820774.47,0
1,111833.18,0.0,0.0,873414.85,985248.03,0
1,98368.98,0.0,0.0,102922.2,201291.17,0
1,29224.01,0.0,0.0,371795.29,257504.61,0
1,139296.64,0.0,0.0,2162865.92,2302162.56,0
1,251809.18,0.0,0.0,3632781.09,3884590.26,0
1,97810.72,395988.32,298177.6,419786.23,517596.95,0
1,93591.38,24729.0,0.0,3417411.56,3511002.94,0
1,90410.68,0.0,0.0,266636.13,357046.82,0
1,331182.81,122618.0,0.0,0.0,331182.81,0
0,154811.33,0.0,0.0,605866.8,760678.13,0
1,248882.9,0.0,0.0,6347499.1,6596382.01,0
1,193574.39,0.0,0.0,1813625.14,2007199.54,0
1,98877.33,440.0,0.0,0.0,98877.33,0
0,5475806.74,0.0,0.0,5731270.18,11207076.92,0
1,160100.07,197020.0,36919.93,766257.91,926357.98,0
1,12540.06,0.0,0.0,459247.97,471788.03,0
1,116391.57,166690.47,50298.9,200588.74,316980.31,0
0,534564.26,0.0,0.0,1237251.11,1771815.36,0
1,242664.06,0.0,0.0,798442.44,1041106.5,0
1,373116.44,62159.0,0.0,0.0,373116.44,0
1,111045.21,921150.48,810105.28,1176456.9,1287502.11,0
1,171453.35,69831.0,0.0,273567.62,445020.97,0
1,95392.81,825716.0,730323.19,0.0,95392.81,0
1,280067.44,0.0,0.0,659813.59,939881.02,0
0,64195.45,0.0,0.0,4685507.96,4533134.1,0
1,107715.12,0.0,0.0,227393.98,335109.1,0
1,318635.48,137703.96,0.0,3047321.69,3365957.17,0
1,448207.37,0.0,0.0,778157.69,1226365.05,0
1,196917.5,0.0,0.0,455593.88,652511.37,0
1,224054.64,10039.0,0.0,0.0,224054.64,0
1,448820.98,1159.0,0.0,34512.0,483332.98,0
1,217109.5,0.0,0.0,2584987.42,2802096.93,0
1,241268.64,6681.0,0.0,2890762.93,3132031.57,0
1,509265.42,0.0,0.0,548202.62,1057468.03,0
0,307042.03,0.0,0.0,413912.55,720954.58,0
0,1219460.57,11517.0,0.0,0.0,1219460.57,0
0,629484.83,1314.0,0.0,204506.2,833991.03,0
1,125749.56,19948.0,0.0,0.0,125749.56,0
1,71849.23,103834.0,31984.77,372890.31,444739.54,0
1,51150.19,0.0,0.0,198512.64,249662.82,0
1,184105.5,0.0,0.0,743089.65,1119290.55,0
1,246719.54,483981.0,237261.46,966599.78,1213319.32,0
1,235455.29,10471.0,0.0,636458.76,871914.05,0
1,221605.63,16850.0,0.0,67975.09,289580.72,0
1,237603.78,50025.0,0.0,1581779.73,1819383.5,0
1,21113.96,5631.0,0.0,7534701.7,7555815.66,0
1,200744.83,16078.0,0.0,0.0,200744.83,0
0,60952.84,51815.0,0.0,67901.92,128854.76,0
0,1748755.13,0.0,0.0,2051984.67,3974762.24,0
0,695948.22,0.0,0.0,1893255.57,2589203.79,0
1,36265.07,69036.0,32770.93,880275.39,916540.46,0
1,64649.6,0.0,0.0,325807.67,390457.27,0
0,142788.5,1047.0,0.0,0.0,142788.5,0
1,10450.72,790.0,0.0,0.0,10450.72,0
1,101371.32,29932.0,0.0,126116.59,227487.91,0
0,754507.85,0.0,0.0,3511306.03,4265813.87,0
1,9477.1,0.0,0.0,599008.22,608485.31,0
1,75126.05,0.0,0.0,540728.96,615855.0,0
1,257974.6,2276.0,0.0,1447658.36,1705632.97,0
1,310772.21,0.0,0.0,1954822.79,3155698.78,0
1,136647.0,0.0,0.0,1967823.5,2104470.5,0
1,86923.59,11247.0,0.0,70453.39,157376.98,0
0,1455556.32,275.0,0.0,0.0,1455556.32,0
0,1213213.19,78956.0,0.0,1200399.1,2413612.29,0
0,606730.63,0.0,0.0,716527.94,1323258.57,0
1,67041.63,0.0,0.0,261640.9,328682.53,0
1,124714.61,0.0,0.0,6976559.08,7101273.68,0
1,69645.59,14869.0,0.0,0.0,69645.59,0
1,218123.57,0.0,0.0,12522812.93,12740936.5,0
1,180694.8,0.0,0.0,580764.5,761459.29,0
0,2466361.31,180574.0,0.0,177449.67,2643810.99,0
1,260157.02,0.0,0.0,319641.28,579798.3,0
1,195020.29,5574.0,0.0,0.0,195020.29,0
1,211085.37,0.0,0.0,1253254.41,1464339.78,0
1,130063.01,302038.0,171974.99,278182.33,408245.34,0
1,63833.78,22162.0,0.0,198332.03,262165.81,0
1,57990.24,0.0,0.0,1300586.35,1358576.59,0
1,129092.24,62591.0,0.0,111153.75,240245.99,0
1,17123.47,0.0,0.0,23338.66,40462.12,0
1,467436.49,0.0,0.0,997972.25,1465408.74,0
1,110218.34,0.0,0.0,1864809.64,1975027.99,0
1,125782.99,265.0,0.0,0.0,125782.99,0
0,253684.27,0.0,0.0,1359795.75,1613480.03,0
1,212789.18,37785.0,0.0,0.0,212789.18,0
1,151968.81,0.0,0.0,2283385.48,2435354.29,0
1,200127.91,36147.0,0.0,249016.53,449144.43,0
1,59850.2,0.0,0.0,249221.5,309071.7,0
1,65705.46,51734.0,0.0,113665.98,179371.44,0
1,211460.49,49372.0,0.0,667420.54,851081.92,0
1,32835.76,2008.0,0.0,374691.23,407526.99,0
1,133874.13,0.0,0.0,227331.23,361205.36,0
0,1533576.29,0.0,0.0,18365648.24,19899224.53,0
1,124005.09,51060.0,0.0,601100.78,725105.87,0
1,142917.62,9177.0,0.0,309505.93,452423.56,0
1,100215.28,0.0,0.0,1873287.25,1973502.54,0
1,40940.74,388241.12,347300.38,2104728.13,2145668.87,0
1,389276.99,0.0,0.0,2084626.19,2473903.18,0
0,592326.26,1195.0,0.0,102182.44,694508.71,0
1,216058.79,0.0,0.0,2775249.41,2991308.2,0
1,281769.56,126904.0,0.0,13383.03,295152.6,0
1,268090.67,0.0,0.0,372298.87,640389.54,0
1,187099.71,4355.0,0.0,37914.13,225013.84,0
1,82805.87,0.0,0.0,231414.14,314220.0,0
1,251813.95,152.0,0.0,0.0,251813.95,0
0,298283.7,0.0,0.0,451581.61,749865.31,0
1,26744.99,0.0,0.0,99568.53,126313.53,0
0,7027815.68,10331.0,0.0,0.0,7027815.68,0
1,54999.5,49987.0,0.0,0.0,54999.5,0
1,56877.34,21086.0,0.0,0.0,56877.34,0
1,114185.52,0.0,0.0,555372.58,669558.09,0
1,121588.12,346238.0,224649.88,1031319.73,1152907.85,0
1,205728.62,0.0,0.0,567834.0,1190381.16,0
0,108978.84,155193.17,46214.33,2268426.4,2382900.38,0
1,1409.93,34802.0,33392.07,5693686.42,6570076.86,0
1,391360.83,0.0,0.0,1216989.53,1608350.35,0
1,170224.56,0.0,0.0,4744906.1,4915130.66,0
1,111829.84,0.0,0.0,236614.74,348444.59,0
0,935977.04,5957.58,0.0,11559025.67,12495002.72,0
1,174006.25,0.0,0.0,223429.48,397435.73,0
1,268750.45,23412.0,0.0,1192399.95,1461150.41,0
1,35897.49,31463.0,0.0,941831.94,977729.43,0
0,683711.54,121408.0,0.0,756527.45,1440238.99,0
1,129594.28,0.0,0.0,209768.07,339362.35,0
1,19126.49,692.0,0.0,0.0,19126.49,0
1,82093.5,0.0,0.0,4330399.01,4412492.51,0
1,37034.15,0.0,0.0,10590883.02,10627917.17,0
1,395718.79,0.0,0.0,722563.01,1118281.8,0
0,430609.55,0.0,0.0,1826234.37,2256843.91,0
1,61237.13,3185.0,0.0,0.0,61237.13,0
1,147247.96,0.0,0.0,282077.26,429325.22,0
0,3399287.62,40317.0,0.0,0.0,3399287.62,0
1,164516.34,9512.0,0.0,36116.17,200632.51,0
0,591193.16,25856.0,0.0,38283.36,629476.53,0
0,331123.18,0.0,0.0,387974.31,719097.48,0
1,99514.6,20617.0,0.0,990275.08,1089789.68,0
1,176186.52,51910.0,0.0,2712958.37,2889144.9,0
1,182801.74,0.0,0.0,3666191.16,3848992.9,0
0,548057.38,0.0,0.0,1126613.24,1674670.62,0
1,149076.09,19482.0,0.0,677132.85,826208.94,0
1,174985.59,0.0,0.0,578130.1,753115.69,0
1,137996.28,0.0,0.0,880685.81,2541785.35,0
1,46985.71,20080.0,0.0,2875589.05,2972279.61,0
1,163054.92,65436.0,0.0,319781.51,482836.44,0
1,4260.55,0.0,0.0,427960.65,432221.2,0
0,164034.73,42493.0,0.0,2210235.1,2374269.83,0
1,171589.08,189001.3,17412.23,180451.27,352040.35,0
0,1024589.15,0.0,0.0,8030919.24,8938973.57,0
1,78798.88,75916.61,0.0,99518.69,235832.11,0
1,182757.14,0.0,0.0,9085194.24,9267951.38,0
1,12656.65,0.0,0.0,187407.33,203783.34,0
1,273985.33,29658.0,0.0,0.0,273985.33,0
1,50018.29,0.0,0.0,137423.9,187442.19,0
0,4994799.03,31718.0,0.0,635907.11,5630706.13,0
1,44870.71,5029.0,0.0,6632.0,0.0,0
1,227914.76,0.0,0.0,729709.31,957624.07,0
1,65303.26,3070.0,0.0,202954.26,268257.52,0
1,303658.77,282963.0,0.0,923591.45,1216595.87,0
1,87291.58,11244.0,0.0,1402465.99,1489757.57,0
1,50259.89,1682.0,0.0,251648.77,301908.66,0
1,35373.99,0.0,0.0,478640.8,514014.78,0
0,1371627.67,19.0,0.0,27410.96,1399038.63,0
0,709982.4,0.0,0.0,2624195.14,3334177.53,0
1,295718.13,275123.0,0.0,22964889.04,23260607.16,0
1,9448.19,39633.0,30184.81,5576.59,15024.78,0
1,176652.22,0.0,0.0,214870.73,391522.95,0
1,604721.79,20340.0,0.0,0.0,604721.79,0
1,142605.28,0.0,0.0,981911.16,1124516.44,0
1,299066.51,39125.0,0.0,4059331.45,4358397.95,0
1,236411.75,24767.0,0.0,1262413.55,1498825.31,0
0,159802.01,18936.0,0.0,84900.58,244702.59,0
1,35002.07,100565.0,65562.93,266671.04,301673.11,0
1,324542.49,0.0,0.0,1209326.56,1533869.04,0
1,37177.09,688496.0,651318.91,98011.59,135188.68,0
1,40102.18,571.0,0.0,0.0,40102.18,0
1,121083.32,35996.0,0.0,1757843.8,1878927.12,0
1,47665.27,27029.0,0.0,11138.9,58804.17,0
0,547026.73,0.0,0.0,1888434.79,2435461.52,0
1,155077.37,105745.0,0.0,680275.43,835352.8,0
1,337815.13,0.0,0.0,877680.83,1215495.95,0
0,367798.71,12067.05,0.0,521963.16,889761.88,0
1,329734.64,6324.0,0.0,0.0,329734.64,0
1,145862.92,9914.0,0.0,1845748.16,1991611.08,0
1,220656.47,450764.0,230107.53,0.0,518498.27,0
1,324538.46,1267.0,0.0,749913.38,1074451.84,0
1,148207.3,0.0,0.0,182254.72,330462.02,0
1,47285.41,0.0,0.0,63839.5,111124.9,0
1,202997.87,0.0,0.0,967035.9,1170033.77,0
0,666706.29,0.0,0.0,9177761.03,9844467.32,0
1,227462.89,0.0,0.0,352403.83,579866.72,0
1,10431.92,0.0,0.0,6690803.1,6701235.03,0
1,213825.0,0.0,0.0,497666.61,711491.61,0
1,388442.79,0.0,0.0,466400.78,915532.41,0
1,141208.99,0.0,0.0,656690.99,797899.99,0
1,132388.77,0.0,0.0,4132008.82,4264397.59,0
1,190954.88,0.0,0.0,428968.83,619923.71,0
0,289817.26,0.0,0.0,382257.44,672074.7,0
1,161925.71,153490.8,0.0,1245569.06,1407494.77,0
1,348092.51,701424.0,353331.49,467129.53,815222.04,0
1,32613.83,0.0,0.0,2897689.61,2930303.44,0
1,128822.31,0.0,0.0,4428770.88,4557593.19,0
1,425181.17,0.0,0.0,5520749.14,6191510.52,0
1,138503.37,311.0,0.0,312031.55,450534.91,0
1,65619.81,0.0,0.0,84362.06,61127.87,0
1,143329.54,0.0,0.0,500086.97,643416.51,0
1,192474.92,1026.0,0.0,0.0,0.0,0
1,362402.82,0.0,0.0,6990371.16,7352773.98,0
1,381405.94,9594.0,0.0,14654.92,396060.86,0
0,4298350.51,11435.0,0.0,352250.06,4650600.57,0
0,358286.91,28689.71,0.0,451754.37,810041.28,0
0,85492.61,0.0,0.0,2948538.96,3267305.61,0
1,108505.45,20942.0,0.0,1552.18,110057.63,0
1,25259.5,12933.0,0.0,0.0,25259.5,0
1,152178.05,0.0,0.0,459333.47,611511.52,0
0,73962.77,0.0,0.0,217038.61,291001.38,0
0,472650.96,0.0,0.0,2608142.84,3080793.8,0
1,46057.47,24447.0,0.0,0.0,46057.47,0
1,224225.06,207013.36,0.0,4140495.68,4364720.74,0
1,173851.26,0.0,0.0,353644.4,182394.83,0
1,172458.03,0.0,0.0,224339.88,396797.91,0
1,187324.66,0.0,0.0,3061766.35,3249091.01,0
1,29379.75,23956.74,0.0,1098310.55,1127690.3,0
0,153459.52,0.0,0.0,5268747.2,5422206.73,0
1,6680.73,0.0,0.0,241259.11,62879.03,0
1,66814.07,77.0,0.0,6978360.19,7045174.26,0
1,234438.9,51403.0,0.0,18978.9,253417.8,0
1,250825.78,0.0,0.0,533103.97,783929.75,0
1,288187.35,712613.0,424425.65,2269763.8,2712192.47,0
1,110568.78,0.0,0.0,205264.24,315833.02,0
1,408098.9,1116.0,0.0,0.0,408098.9,0
1,339667.39,30119.0,0.0,5382.4,345049.78,0
1,75483.74,7344.45,0.0,216076.61,291560.35,0
1,77854.19,27131.0,0.0,98238.89,176093.08,0
1,206211.79,288379.0,82167.21,99325.27,305537.06,0
0,373277.63,103217.0,0.0,61854.83,435132.46,0
1,148881.87,23073.0,0.0,1289.88,150171.74,0
1,177068.87,72912.0,0.0,99345.86,276414.73,0
1,143251.21,30383.0,0.0,0.0,143251.21,0
1,147937.62,0.0,0.0,1794748.55,1942686.17,0
1,88074.62,57692.0,0.0,3849738.27,3937812.89,0
1,205327.27,0.0,0.0,329473.52,534800.79,0
1,119466.47,0.0,0.0,904010.83,0.0,0
1,97819.31,103607.0,5787.69,0.0,97819.31,0
1,144663.98,0.0,0.0,949847.34,1094511.32,0
0,51719.13,882.0,0.0,59670.0,15375.37,0
1,190756.73,0.0,0.0,366476.63,557233.36,0
1,345885.65,43.0,0.0,1324298.28,1670183.93,0
0,325778.54,0.0,0.0,726761.04,1052539.58,0
1,187972.29,305641.0,117668.71,894273.52,1082245.81,0
0,962879.14,1.0,0.0,283084.62,1245963.76,0
1,22189.84,0.0,0.0,2262395.43,4740825.47,0
1,27709.38,257495.13,229785.75,188888.08,35630.33,0
0,473369.48,10859.0,0.0,0.0,473369.48,0
0,508289.99,0.0,0.0,911045.43,1419335.43,0
1,29140.58,0.0,0.0,3119354.73,3148495.31,0
0,201255.93,0.0,0.0,1185421.13,1386677.07,0
0,636303.03,0.0,0.0,1161385.11,1797688.14,0
1,84573.34,252906.0,168332.66,65193.78,149767.12,0
1,121435.06,107473.87,0.0,2162432.38,2512292.52,0
1,10432.4,94.0,0.0,306336.54,316768.94,0
1,91190.71,201.0,0.0,0.0,91190.71,0
1,141829.29,27331.0,0.0,256404.49,661168.87,0
1,273341.61,7605.0,0.0,0.0,273341.61,0
1,328876.13,0.0,0.0,1344907.12,1673783.24,0
0,307018.56,0.0,0.0,2154269.47,2461288.03,0
1,105610.24,24840.0,0.0,1548594.86,1654205.1,0
1,146194.42,83888.0,0.0,0.0,146194.42,0
1,631222.89,216.0,0.0,552069.51,1183292.4,0
1,455222.55,4628.0,0.0,162384.22,516125.57,0
0,714643.29,78274.0,0.0,0.0,714643.29,0
1,115730.7,114944.0,0.0,77184614.93,77605319.46,0
0,3538361.71,0.0,0.0,9409567.63,12947929.33,0
1,182746.54,349449.04,166702.5,442571.48,394289.45,0
1,268794.21,0.0,0.0,279444.04,548238.25,0
1,17562.49,14507.0,0.0,0.0,17562.49,0
0,44110.94,110240.07,66129.13,1187084.24,1231195.18,0
1,32035.77,17037.0,0.0,29729.51,61765.27,0
1,190278.57,0.0,0.0,602391.9,792670.47,0
1,76144.19,0.0,0.0,412314.94,488459.14,0
1,217614.92,15939.0,0.0,1492636.0,1710250.93,0
1,316401.89,0.0,0.0,9247056.9,9563458.79,0
1,456159.53,80026.0,0.0,3120495.84,3576655.38,0
1,294810.52,261363.33,0.0,3230259.12,3525069.64,0
1,207535.63,10711.0,0.0,101785.63,309321.26,0
0,557128.56,180256.8,0.0,822272.14,1379400.7,0
1,172977.32,0.0,0.0,3247837.89,3420815.21,0
1,208782.07,15944.0,0.0,18552.88,227334.95,0
1,90790.95,0.0,0.0,154582.0,245372.95,0
1,336665.57,10866.0,0.0,260508.48,597174.04,0
1,214524.79,0.0,0.0,455559.0,878270.03,0
1,74145.73,21031.0,0.0,268092.47,342238.2,0
1,192274.74,166.0,0.0,3267.88,195542.62,0
0,1004121.55,61860.0,0.0,0.0,1205355.84,0
1,310343.45,0.0,0.0,335893.69,646237.14,0
1,325751.36,0.0,0.0,21595265.27,21921016.62,0
1,95717.06,20127.0,0.0,0.0,318306.48,0
1,133826.06,123548.58,0.0,442172.11,575998.17,0
1,105751.92,794322.0,688570.08,0.0,105751.92,0
0,137350.13,0.0,0.0,5223872.36,5361222.49,0
1,102223.55,13204.0,0.0,5081581.54,5183805.1,0
0,515458.11,1397.0,0.0,1678027.17,2193485.27,0
1,195258.1,11138.0,0.0,20690.5,215948.6,0
1,43437.67,49309.0,5871.33,727557.33,770995.01,0
0,850288.0,0.0,0.0,898682.82,1748970.83,0
1,38513.08,0.0,0.0,824217.64,862730.72,0
1,754708.13,0.0,0.0,2919108.39,3673816.52,0
1,307573.89,749.0,0.0,486213.92,793787.82,0
1,134496.48,0.0,0.0,165047.78,299544.25,0
1,411111.02,318.0,0.0,0.0,411111.02,0
0,528420.92,0.0,0.0,636162.4,1164583.32,0
1,69443.45,0.0,0.0,4213848.74,4283292.18,0
0,485051.46,60851.0,0.0,800581.71,1285633.17,0
1,174768.58,329950.0,155181.42,229340.41,404108.99,0
0,167238.85,10840.0,0.0,0.0,167238.85,0
0,724166.33,131659.53,0.0,858494.09,1582660.42,0
0,286843.81,132.0,0.0,0.0,286843.81,0
1,131782.19,0.0,0.0,336316.17,468098.36,0
1,111531.91,567.0,0.0,17142.51,128674.43,0
0,321897.92,232146.0,0.0,39833.48,361731.4,0
0,155440.16,21208.0,0.0,1192935.05,1348375.21,0
1,137836.12,45810.0,0.0,242554.3,500478.64,0
1,131941.49,0.0,0.0,1015737.52,1147679.01,0
1,338858.33,48634.0,0.0,243070.94,581929.27,0
1,318039.39,30208.0,0.0,995029.86,987402.69,0
1,62587.19,0.0,0.0,371174.53,433761.72,0
0,115401.4,0.0,0.0,220492.57,335893.97,0
1,114090.51,285.0,0.0,14660.28,128750.79,0
1,140616.96,0.0,0.0,289231.01,429847.97,0
1,85671.62,475620.28,389948.66,1544923.53,1630595.15,0
1,186624.63,117483.0,0.0,0.0,186624.63,0
0,1039718.48,142088.0,0.0,0.0,1039718.48,0
0,463957.64,0.0,0.0,17778791.65,18284480.75,0
0,191339.22,0.0,0.0,1345138.81,1536478.03,0
1,99924.47,0.0,0.0,979150.18,1079074.65,0
1,1599.93,0.0,0.0,740425.34,742025.27,0
1,225859.0,244581.0,18722.0,271780.49,619217.51,0
1,290269.73,0.0,0.0,835627.3,1125897.02,0
1,179293.32,10071.0,0.0,1099860.95,1466156.36,0
1,277599.73,0.0,0.0,9738855.19,10016454.92,0
1,286875.24,43244.0,0.0,2583457.6,2870332.85,0
1,255235.4,102719.0,0.0,3772245.33,4027480.73,0
0,457231.71,0.0,0.0,3338630.52,3795862.23,0
1,361474.18,33287.0,0.0,0.0,361474.18,0
1,416816.22,9063.0,0.0,585.1,417401.31,0
1,170682.16,679932.0,509249.84,155211.53,325893.69,0
1,30937.55,0.0,0.0,318724.71,349662.26,0
1,60213.8,1089.0,0.0,0.0,60213.8,0
1,303904.27,861.0,0.0,415.68,304319.95,0
1,248397.86,0.0,0.0,1332818.81,1581216.67,0
1,78676.9,19610.0,0.0,662153.74,740830.64,0
0,574951.73,7222.0,0.0,0.0,574951.73,0
1,6988.5,15573.0,8584.5,0.0,6988.5,0
1,95077.34,0.0,0.0,1941165.81,2036243.14,0
1,241935.33,25224.15,0.0,2764521.97,3006457.3,0
1,278531.04,0.0,0.0,526656.16,805187.2,0
1,186401.57,23058.0,0.0,0.0,186401.57,0
1,75192.28,0.0,0.0,256328.7,331520.98,0
1,219077.48,0.0,0.0,1730441.68,2725686.76,0
1,52033.98,0.0,0.0,258118.38,310152.36,0
0,836060.38,10234.0,0.0,110584.04,946644.42,0
1,381098.75,24.0,0.0,5266.87,672203.46,0
1,68915.27,0.0,0.0,140376.17,209291.43,0
1,573825.78,0.0,0.0,1150753.87,1724579.65,0
1,216144.44,0.0,0.0,1135682.97,1351827.42,0
1,196341.38,160564.85,0.0,241018.74,437360.11,0
1,195854.85,10315.0,0.0,0.0,195854.85,0
1,26619.3,144402.13,117782.83,1849380.63,1938627.06,0
1,82320.12,0.0,0.0,1582452.58,1664772.69,0
1,162203.62,0.0,0.0,3036307.2,3198510.83,0
1,335490.91,55494.0,0.0,0.0,335490.91,0
1,132324.19,0.0,0.0,5412867.41,5545191.6,0
0,328168.16,0.0,0.0,1004791.3,1332959.46,0
0,322466.02,0.0,0.0,884390.09,1206856.12,0
1,360631.94,203765.0,0.0,2398537.79,2759169.74,0
1,13022.45,0.0,0.0,161972.9,174995.35,0
1,418605.95,45611.0,0.0,0.0,437011.55,0
1,425093.74,0.0,0.0,2609917.66,3035011.4,0
0,677795.92,522300.13,0.0,1466613.2,2144409.12,0
1,180673.83,0.0,0.0,247174.3,427848.12,0
1,108985.98,275.0,0.0,1623617.22,1313586.97,0
1,30895.04,0.0,0.0,2429462.89,2460357.93,0
1,165646.0,0.0,0.0,300744.71,466390.71,0
0,236757.08,9273.0,0.0,0.0,236757.08,0
0,923925.85,0.0,0.0,1153163.42,2077089.27,0
1,137649.88,72443.0,0.0,0.0,137649.88,0
1,69089.72,14450.0,0.0,0.0,0.0,0
1,171430.17,414250.09,242819.92,5100693.49,5272123.66,0
1,281654.24,0.0,0.0,2417435.98,2746975.56,0
1,121696.0,0.0,0.0,480008.58,601704.58,0
1,225306.55,51723.0,0.0,234250.59,459557.14,0
1,50296.08,20647.0,0.0,4547160.18,4597456.26,0
1,420951.12,102.0,0.0,5181.73,426132.85,0
1,455542.49,3883.0,0.0,309429.97,764972.46,0
0,263393.28,0.0,0.0,8448325.38,8711718.66,0
1,75727.49,497.0,0.0,352285.2,428012.69,0
1,17297.0,16274.0,0.0,0.0,17297.0,0
1,117003.05,0.0,0.0,1250731.86,1367734.9,0
0,217940.96,50397.47,0.0,711156.51,929097.47,0
1,44041.76,0.0,0.0,2992975.79,3037017.55,0
1,218143.42,0.0,0.0,3274661.74,3492805.16,0
1,162791.73,51436.0,0.0,16932.51,179724.24,0
1,370677.65,174684.0,0.0,0.0,370677.65,0
1,13083.28,0.0,0.0,5426457.16,5439540.44,0
0,491533.11,0.0,0.0,5484626.77,5976159.88,0
1,213980.51,271054.0,57073.49,0.0,213980.51,0
1,561830.32,0.0,0.0,3559708.15,4121538.48,0
1,348779.08,50726.0,0.0,567616.36,916395.44,0
1,271590.91,0.0,0.0,1390199.52,1661790.43,0
1,66251.79,27816.0,0.0,1576950.93,1863259.89,0
1,84447.71,0.0,0.0,1258315.05,1342762.75,0
1,162559.03,0.0,0.0,747375.2,909934.23,0
1,1644.86,0.0,0.0,2437047.79,2438692.65,0
1,128250.62,0.0,0.0,532222.01,660472.63,0
0,1281618.19,0.0,0.0,4001081.16,5282699.35,0
1,98987.1,0.0,0.0,1716323.46,1815310.55,0
1,214153.49,0.0,0.0,10851561.66,11065715.15,0
1,246893.18,51230.0,0.0,2449432.0,2696325.18,0
0,393588.49,95594.17,0.0,4601645.41,5317001.96,0
0,617979.25,0.0,0.0,1611829.16,2229808.41,0
1,378164.16,104745.0,0.0,1403208.49,1781372.65,0
0,146387.11,0.0,0.0,574403.6,720790.71,0
0,589567.32,0.0,0.0,2241389.63,2830956.95,0
1,268179.81,59944.0,0.0,277810.45,340124.79,0
0,163962.06,735.0,0.0,5012.0,0.0,0
1,3636.4,0.0,0.0,1462761.99,1466398.39,0
1,212581.95,0.0,0.0,829363.67,1041945.62,0
1,176695.39,0.0,0.0,202611.78,379307.17,0
1,224708.17,30887.0,0.0,182161.58,406869.74,0
0,1536909.26,13978.0,0.0,145661.9,1682571.16,0
1,276277.43,0.0,0.0,1031414.99,1307692.42,0
1,46661.95,811050.0,764388.05,137188.18,183850.13,0
1,199347.68,22364.0,0.0,1121991.44,1321339.11,0
1,175308.93,12168.0,0.0,1016066.25,1191375.18,0
1,162922.35,0.0,0.0,318723.22,481645.57,0
1,162423.31,22258.43,0.0,726765.56,889188.87,0
0,221092.45,103581.0,0.0,70213.53,291305.98,0
1,69321.56,230.0,0.0,111319.54,180641.1,0
1,3118.17,0.0,0.0,6826.87,9945.03,0
1,389959.75,0.0,0.0,2168101.28,2558061.04,0
1,166881.66,90417.0,0.0,0.0,166881.66,0
1,457611.17,261.0,0.0,1993115.02,2450726.19,0
1,189173.45,0.0,0.0,14674408.35,14863581.8,0
1,2681.01,0.0,0.0,416855.66,419536.67,0
1,68976.97,568.0,0.0,613106.44,682083.41,0
1,366.81,0.0,0.0,260313.46,260680.28,0
1,137609.77,0.0,0.0,2226755.44,2364365.21,0
1,51617.28,49868.0,0.0,12064.51,63681.78,0
1,8181.57,0.0,0.0,380740.15,388921.71,0
1,222267.11,0.0,0.0,1044633.73,1376756.08,0
1,251454.58,5583.0,0.0,5345.36,256799.94,0
1,70055.95,289371.28,219315.33,566612.57,2017372.82,0
1,162740.16,0.0,0.0,4500352.91,4663093.06,0
1,22759.59,90625.0,67865.41,322252.39,345011.98,0
1,61271.37,0.0,0.0,571322.06,632593.44,0
1,342250.63,100556.0,0.0,0.0,342250.63,0
1,150544.06,0.0,0.0,562605.74,713149.8,0
1,243745.81,22935.17,0.0,445398.76,689144.56,0
1,45672.1,0.0,0.0,283723.85,329389.98,0
1,176738.75,53229.0,0.0,0.0,274908.02,0
1,11166.57,0.0,0.0,623394.67,634561.25,0
1,47581.21,38679.0,0.0,840768.5,888349.71,0
1,46485.73,0.0,0.0,475619.98,558083.31,0
1,150053.46,62526.0,0.0,0.0,150053.46,0
1,79063.79,1435.0,0.0,0.0,79063.79,0
1,196687.5,0.0,0.0,654761.02,851448.52,0
1,356609.72,41246.0,0.0,511374.7,867984.42,0
1,92988.12,0.0,0.0,145537.15,238525.27,0
1,227121.34,50372.0,0.0,1334.22,228455.56,0
1,178600.85,0.0,0.0,450980.7,629581.55,0
1,149846.04,36108.0,0.0,0.0,149846.04,0
0,903821.36,0.0,0.0,945418.82,1849240.18,0
1,125457.06,19480.93,0.0,730642.2,976160.95,0
1,49017.32,0.0,0.0,1026545.0,1075562.32,0
1,41995.59,21088.0,0.0,2085722.95,2127718.54,0
1,56418.65,0.0,0.0,5739189.62,5795608.27,0
1,353451.15,51972.0,0.0,0.0,353451.15,0
1,114414.94,22693.0,0.0,3908167.4,4022582.34,0
1,126288.72,0.0,0.0,517441.31,643730.03,0
1,166211.35,113438.0,0.0,713808.66,880020.01,0
1,98348.15,4563.0,0.0,302403.89,400752.04,0
1,8492.34,0.0,0.0,13406.45,21898.8,0
1,54587.15,509854.0,455266.85,68182.0,0.0,0
1,190901.11,21470.0,0.0,1478191.2,1502441.13,0
1,187216.21,207194.0,19977.79,0.0,187216.21,0
1,1270.12,20295.0,19024.88,1068732.46,1070002.57,0
1,46707.67,53422.0,6714.33,235491.26,282198.94,0
0,163046.06,10757.0,0.0,288977.05,452023.12,0
1,234785.24,103664.0,0.0,1355254.0,1590039.24,0
1,173624.14,0.0,0.0,413209.27,586833.41,0
1,76248.15,614915.0,538666.85,0.0,76248.15,0
1,145977.11,0.0,0.0,948955.82,1094932.93,0
0,503294.26,0.0,0.0,4699743.42,5203037.68,0
1,86726.49,0.0,0.0,3936115.32,4022841.81,0
1,103809.22,10888.0,0.0,0.0,103809.22,0
1,111987.69,107611.0,0.0,48469.08,160456.77,0
1,47778.07,54897.0,7118.93,2130165.18,2177943.25,0
1,430710.17,50586.0,0.0,257802.09,688512.27,0
1,41774.46,0.0,0.0,287538.1,329312.55,0
1,205632.67,704.0,0.0,537915.89,743548.56,0
1,89744.0,14422.0,0.0,0.0,89744.0,0
1,30155.85,0.0,0.0,435914.78,466070.63,0
1,22829.79,21174.0,0.0,1376434.93,1554795.0,0
1,71205.18,100710.0,29504.82,0.0,71205.18,0
0,455864.18,10850.0,0.0,0.0,455864.18,0
1,149194.47,0.0,0.0,12136297.33,12285491.8,0
1,120847.42,21328.0,0.0,0.0,120847.42,0
1,131300.5,0.0,0.0,346542.45,477842.95,0
1,177162.76,20085.0,0.0,56925.14,234087.89,0
1,122112.92,30960.0,0.0,193327.03,315439.95,0
1,107200.29,0.0,0.0,1240388.43,1347588.72,0
1,43711.14,0.0,0.0,1204102.97,1247814.1,0
1,90296.7,0.0,0.0,905179.23,995475.94,0
1,27570.83,260683.0,233112.17,63934.59,91505.42,0
0,999163.51,10703.0,0.0,0.0,999163.51,0
1,188991.62,146013.4,0.0,2961615.31,3250759.13,0
1,340908.83,1045.0,0.0,723383.63,1064292.46,0
1,66639.48,6160.0,0.0,0.0,66639.48,0
1,50358.56,0.0,0.0,1405690.91,1456049.47,0
1,265574.65,18369.0,0.0,1545197.61,1810772.25,0
1,50022.94,199544.0,149521.06,51283.25,101306.19,0
1,49795.13,0.0,0.0,264925.58,314720.71,0
1,19117.62,25526.06,6408.44,839776.47,858894.09,0
1,71387.74,34891.0,0.0,919346.77,990734.51,0
1,264209.34,0.0,0.0,2121428.05,2385637.39,0
1,381817.9,1181.0,0.0,4721984.29,5297386.83,0
1,80040.34,3695.0,0.0,306769.28,386809.62,0
1,53843.15,80940.0,27096.85,746024.71,799867.87,0
1,236045.44,14587.0,0.0,862644.98,1098690.42,0
1,27019.65,0.0,0.0,288726.73,315746.38,0
1,5939.48,0.0,0.0,11193.89,16602.57,0
0,913525.12,0.0,0.0,1457319.37,2926154.72,0
1,243371.71,0.0,0.0,3833866.89,4077238.59,0
1,435906.9,21467.0,0.0,105525.1,541432.0,0
0,50998.96,9069.0,0.0,14325.97,65324.93,0
1,144797.61,46.0,0.0,0.0,144797.61,0
1,284527.06,0.0,0.0,644264.27,928791.32,0
1,20671.47,0.0,0.0,1667571.22,1688242.69,0
1,185597.33,50823.0,0.0,0.0,185597.33,0
0,5429187.53,0.0,0.0,8199504.91,13628692.44,0
1,118475.12,14961.0,0.0,697353.88,815829.0,0
1,181341.85,258.0,0.0,2035156.97,2216498.83,0
1,154636.36,0.0,0.0,348475.62,503111.98,0
1,202881.86,0.0,0.0,3002744.26,3205626.12,0
1,69234.71,10469.0,0.0,1173356.7,1242591.4,0
1,32499.44,241340.82,208841.38,128225.39,160724.83,0
1,242132.51,12432.0,0.0,90532.39,332664.9,0
1,22866.97,2087.0,0.0,292876.34,315743.31,0
1,133863.16,0.0,0.0,1291909.39,1425772.55,0
1,101787.9,11523.0,0.0,2229868.89,2331656.79,0
1,437476.52,50483.0,0.0,115664.48,553140.99,0
1,127186.64,87672.31,0.0,321655.05,369126.8,0
1,177367.63,20078.0,0.0,0.0,177367.63,0
1,89147.3,74821.0,0.0,259684.2,348831.5,0
1,277472.42,40067.0,0.0,0.0,277472.42,0
1,64220.36,0.0,0.0,219530.77,334503.93,0
0,543515.07,59693.0,0.0,0.0,543515.07,0
1,88853.46,0.0,0.0,94959.56,183813.02,0
0,430488.5,0.0,0.0,4491216.56,4921705.05,0
1,10674.13,165162.0,154487.87,0.0,10674.13,0
0,127749.28,0.0,0.0,280571.66,408320.94,0
1,217223.32,0.0,0.0,1010501.53,1227724.84,0
1,238315.0,0.0,0.0,8989119.61,9227434.6,0
1,72684.26,183341.38,110657.12,1081428.95,1154113.21,0
0,1106559.14,0.0,0.0,1264755.52,2371314.66,0
1,439978.12,0.0,0.0,548626.36,917442.41,0
1,148029.49,0.0,0.0,214464.37,362493.86,0
1,538783.75,0.0,0.0,1556008.87,2753775.66,0
1,279926.41,50155.0,0.0,770990.1,1050916.51,0
0,738098.74,829.17,0.0,2244785.97,2982884.71,0
1,94715.13,15400.0,0.0,1472638.88,1567354.01,0
0,237919.46,0.0,0.0,2754557.24,3768217.77,0
1,124510.32,7736.0,0.0,659176.68,783687.0,0
1,393338.49,503.0,0.0,184740.09,578078.58,0
1,231728.67,0.0,0.0,1213049.2,1444777.86,0
1,98477.01,0.0,0.0,390340.03,560565.27,0
1,68117.41,0.0,0.0,555589.75,623707.15,0
1,102712.99,0.0,0.0,171239.72,273952.71,0
1,343582.99,481.0,0.0,6688132.6,8210261.36,0
1,15804.84,152905.0,137100.16,4386608.52,4623545.43,0
1,54064.62,0.0,0.0,711890.32,765954.94,0
1,192004.24,0.0,0.0,1189851.92,1381856.17,0
1,10866.64,50435.0,39568.36,1803041.7,1813908.33,0
0,282060.58,0.0,0.0,498438.73,780499.31,0
1,398714.36,0.0,0.0,831353.21,1230067.57,0
0,44482.45,0.0,0.0,122727.1,167209.55,0
1,42965.89,0.0,0.0,1295515.69,1338481.58,0
1,96408.01,133712.0,37303.99,4256041.75,4352449.76,0
1,58407.15,106128.0,47720.85,0.0,58407.15,0
1,202380.29,0.0,0.0,1990102.09,2192482.38,0
0,1523998.0,0.0,0.0,2208230.38,3875177.0,0
1,9756.5,0.0,0.0,3554687.83,3564444.33,0
1,83341.5,0.0,0.0,393152.51,476494.01,0
1,176630.93,0.0,0.0,1227670.44,1134038.3,0
1,43942.48,0.0,0.0,1103496.47,1147438.96,0
1,201639.82,0.0,0.0,686634.95,888274.77,0
1,243831.59,0.0,0.0,939793.83,1183625.42,0
1,160412.19,12281.0,0.0,0.0,160412.19,0
1,19393.6,29969.0,10575.4,17423.75,36817.35,0
1,267942.92,0.0,0.0,560605.97,828548.89,0
1,182727.18,14329.0,0.0,247668.96,430396.14,0
1,62986.49,0.0,0.0,2681739.63,2744726.12,0
1,321421.39,750.0,0.0,1127654.79,1449076.18,0
1,237374.58,0.0,0.0,450921.23,688295.81,0
1,161228.48,21287.0,0.0,794623.38,955851.86,0
1,129427.45,0.0,0.0,2338554.11,2601765.55,0
1,35967.62,0.0,0.0,525417.73,605044.79,0
0,30442.04,10121.0,0.0,109008.7,139450.74,0
1,56786.72,0.0,0.0,544120.82,600907.54,0
1,472757.69,688.0,0.0,269751.46,742509.15,0
1,93235.6,126079.0,32843.4,0.0,93235.6,0
1,102224.79,393491.0,291266.21,0.0,102224.79,0
1,125173.51,0.0,0.0,125486.56,250660.07,0
1,122296.37,71600.0,0.0,63108.91,185405.28,0
1,398793.55,86582.0,0.0,0.0,398793.55,0
1,34243.3,0.0,0.0,997820.8,1032064.11,0
1,224863.93,0.0,0.0,710979.68,935843.61,0
1,331357.33,0.0,0.0,581338.46,912695.79,0
1,151898.25,179.0,0.0,4683.58,156581.83,0
1,156142.93,0.0,0.0,202768.38,358911.31,0
1,152223.01,0.0,0.0,1524491.38,1676714.39,0
0,78768.18,0.0,0.0,138383.09,217151.27,0
1,24269.05,0.0,0.0,176045.65,200314.71,0
0,192563.96,0.0,0.0,564817.58,757381.55,0
1,97937.01,0.0,0.0,909974.02,1007911.03,0
0,5913351.06,0.0,0.0,12506687.16,18420038.23,0
1,143316.43,57865.32,0.0,558997.89,702314.33,0
0,557362.04,0.0,0.0,640898.0,883259.14,0
1,174643.65,0.0,0.0,3175276.34,3349919.99,0
1,331103.2,796493.0,465389.8,465281.61,796384.81,0
1,96276.94,180.0,0.0,0.0,96276.94,0
1,228027.0,645.0,0.0,12144.04,240171.04,0
1,68456.12,73658.0,5201.88,951020.04,629588.99,0
1,111370.12,0.0,0.0,1611199.39,1722569.51,0
1,162812.04,11936.0,0.0,2406499.34,2569311.38,0
1,234047.88,32442.0,0.0,307261.4,541309.28,0
1,290657.86,34208.0,0.0,322361.96,209693.62,0
1,8620.72,0.0,0.0,476661.96,485282.69,0
1,96367.12,0.0,0.0,226833.25,323200.37,0
1,68265.17,0.0,0.0,298119.0,331397.14,0
1,75505.26,28411.0,0.0,154992.04,230497.3,0
0,8898071.69,9973.0,0.0,188600.89,9086672.58,0
1,225035.23,10496.0,0.0,0.0,225035.23,0
1,330509.65,0.0,0.0,509865.38,840375.03,0
0,826294.52,20342.0,0.0,561611.47,2341614.13,0
1,218125.23,36601.0,0.0,2688123.42,2906248.66,0
1,188366.23,0.0,0.0,475963.49,664329.72,0
1,6587.34,148127.0,141539.66,0.0,6587.34,0
1,194913.07,0.0,0.0,316681.99,511595.06,0
1,197282.16,24482.0,0.0,1730881.54,2005284.23,0
1,149799.24,164.0,0.0,0.0,149799.24,0
1,181298.34,0.0,0.0,3356868.64,3538166.98,0
1,10644.87,0.0,0.0,836226.0,846870.87,0
1,102017.3,8551.63,0.0,420726.11,522743.41,0
1,351244.47,20129.0,0.0,0.0,351244.47,0
1,144297.76,0.0,0.0,1878556.82,2022854.58,0
1,42441.19,16033.0,0.0,2832557.88,2874999.07,0
1,244186.27,0.0,0.0,2509962.14,2754148.41,0
1,314805.95,0.0,0.0,1735644.11,2050450.06,0
1,6611.43,22297.0,15685.57,496845.94,503457.37,0
1,57620.94,1254.0,0.0,365853.23,423474.16,0
1,60197.77,11288.0,0.0,66514.29,126712.05,0
1,188282.45,84742.0,0.0,731711.13,919993.57,0
0,254942.52,0.0,0.0,624618.2,879560.72,0
1,34529.95,0.0,0.0,8230780.39,8265310.34,0
1,69605.19,0.0,0.0,240778.23,312067.68,0
1,82518.63,20774.0,0.0,783374.05,865892.68,0
1,130676.58,588.0,0.0,10404867.73,10535544.3,0
0,177695.26,0.0,0.0,1392592.84,1570288.09,0
1,337544.73,14836.0,0.0,92941.56,430486.29,0
1,59165.47,91121.0,31955.53,2546764.84,2605930.31,0
1,231995.15,134225.68,0.0,613245.9,845241.05,0
1,20646.93,79.0,0.0,0.0,20646.93,0
1,110505.52,302723.0,192217.48,0.0,110505.52,0
1,756.55,0.0,0.0,259572.94,260329.48,0
1,394762.44,66885.0,0.0,344292.14,739054.57,0
0,566463.68,20778.0,0.0,0.0,566463.68,0
0,131497.66,0.0,0.0,154391.61,285889.27,0
0,58685.66,298.0,0.0,35042.93,93728.59,0
1,411642.32,0.0,0.0,2696672.06,3309177.18,0
1,11616.44,20797.0,9180.56,0.0,11616.44,0
1,69196.21,650.0,0.0,0.0,69196.21,0
1,45685.99,6259.0,0.0,0.0,45685.99,0
0,448997.43,11236.0,0.0,6602.65,455600.09,0
0,6888.53,0.0,0.0,394612.74,401501.27,0
1,38310.5,0.0,0.0,904579.93,942890.42,0
1,90694.33,0.0,0.0,273030.86,363725.19,0
1,365619.83,347142.0,0.0,785034.64,1150654.47,0
1,424872.18,0.0,0.0,3008252.63,3433124.81,0
1,338861.91,7602.81,0.0,7657886.48,7996748.39,0
1,227754.33,101598.0,0.0,0.0,227754.33,0
1,141323.26,247918.0,106594.74,259012.31,400335.57,0
0,368008.32,388.0,0.0,306827.84,674836.16,0
1,144024.24,0.0,0.0,163875.26,307899.5,0
1,147366.53,0.0,0.0,184384.74,331751.27,0
1,150741.38,107201.0,0.0,0.0,150741.38,0
1,228298.77,98798.0,0.0,190881.98,419180.74,0
1,392915.23,105.0,0.0,293342.6,686257.84,0
0,713647.4,38952.0,0.0,242486.04,956133.43,0
0,599400.8,0.0,0.0,862339.3,1461740.1,0
1,145115.19,0.0,0.0,369795.32,514910.51,0
1,77786.29,0.0,0.0,221114.92,298901.21,0
1,123623.63,0.0,0.0,309177.35,432800.98,0
1,599302.45,24655.0,0.0,2207341.87,2806644.32,0
1,95890.67,0.0,0.0,306019.98,401910.65,0
1,104946.14,0.0,0.0,111081.6,216027.74,0
1,10130.52,103454.0,93323.48,1359989.63,1370120.15,0
1,76243.92,0.0,0.0,700199.99,776443.91,0
1,123928.73,0.0,0.0,383606.44,507535.17,0
1,162320.93,0.0,0.0,1684476.33,1846797.26,0
1,116975.9,0.0,0.0,1790937.34,1907913.23,0
1,99610.75,449.0,0.0,327483.25,427094.0,0
0,10000000.0,51703.0,0.0,1610767.22,18302536.21,0
1,141106.56,0.0,0.0,2749963.56,2891070.12,0
1,419827.57,0.0,0.0,1846166.41,1858467.08,0
1,310408.3,0.0,0.0,677005.15,987413.44,0
1,269128.89,0.0,0.0,3370178.73,3639307.62,0
1,129474.04,0.0,0.0,576852.46,706326.49,0
0,83077.99,0.0,0.0,2069546.18,2152624.17,0
1,196362.67,0.0,0.0,724292.25,920654.92,0
1,40380.67,790947.0,750566.33,356050.76,396431.42,0
0,412054.14,252.0,0.0,3273455.12,5447496.28,0
1,255849.34,11656.0,0.0,0.0,255849.34,0
1,262269.56,11673.0,0.0,31778.0,216820.27,0
1,333975.42,120080.0,0.0,2295012.68,2628988.11,0
1,48818.4,0.0,0.0,4450703.68,4499522.08,0
1,255502.15,0.0,0.0,14473843.21,14729345.36,0
0,342100.33,168868.0,0.0,4688.1,346788.43,0
1,318116.55,0.0,0.0,1513489.29,1705376.04,0
1,323193.21,34337.0,0.0,10094.04,333287.25,0
1,72763.21,0.0,0.0,4158424.38,4231187.6,0
1,311721.87,20952.0,0.0,1979011.06,2290732.92,0
1,68593.01,0.0,0.0,462810.38,531403.39,0
1,226001.89,90763.0,0.0,0.0,413555.5,0
1,51260.85,27730.0,0.0,0.0,51260.85,0
1,46925.27,0.0,0.0,834948.24,881873.51,0
1,520344.52,36105.0,0.0,0.0,520344.52,0
1,24106.04,9867.0,0.0,0.0,24106.04,0
1,179850.72,20430.0,0.0,6656060.27,6835910.99,0
1,155382.54,0.0,0.0,2628989.02,2784371.56,0
1,159699.06,0.0,0.0,3901356.04,4061055.1,0
1,316326.48,0.0,0.0,389401.57,705728.05,0
1,22931.0,0.0,0.0,2848393.56,2871324.56,0
1,221010.9,100411.0,0.0,2816947.24,3037958.14,0
1,185894.03,2512.0,0.0,0.0,355719.84,0
1,53015.29,0.0,0.0,1411554.08,1464569.38,0
1,132980.26,1742.0,0.0,0.0,263591.45,0
1,190182.29,0.0,0.0,3269260.76,3459443.05,0
1,232280.31,0.0,0.0,242610.62,474890.93,0
1,71752.63,10090.0,0.0,30567.74,102320.37,0
1,214109.09,232078.05,17968.96,8537951.43,8752060.52,0
0,689095.57,0.0,0.0,3513776.92,4202872.5,0
0,321183.47,0.0,0.0,3495053.49,3816236.96,0
1,176851.54,0.0,0.0,3457119.87,3633971.42,0
1,283714.57,309247.0,25532.43,11592805.22,11876519.79,0
1,65341.49,0.0,0.0,79940.89,145282.37,0
1,32459.78,79887.0,47427.22,2055450.89,2087910.67,0
1,313560.17,11690.0,0.0,1146145.26,1459705.44,0
1,112189.98,0.0,0.0,2078021.3,2190211.28,0
1,316060.83,0.0,0.0,1742568.67,2058629.49,0
1,209673.79,0.0,0.0,490301.8,699975.59,0
1,143014.92,107062.0,0.0,65120.41,208135.34,0
1,461822.04,0.0,0.0,644403.3,1106225.34,0
1,64925.05,0.0,0.0,432644.18,497569.23,0
1,124761.01,0.0,0.0,7645001.33,7769762.33,0
1,122505.78,0.0,0.0,2555453.73,2677959.51,0
1,227270.33,435.0,0.0,5509645.76,5736916.09,0
1,65573.51,0.0,0.0,124380.3,189953.81,0
1,11367.78,33108.5,21740.72,29907.71,41275.48,0
1,38850.83,0.0,0.0,486998.32,525849.15,0
1,18343.1,0.0,0.0,674984.89,693327.99,0
1,194133.72,0.0,0.0,4259075.01,4453208.73,0
1,27196.09,0.0,0.0,420556.03,447752.12,0
1,134780.38,14352.0,0.0,741791.13,876571.51,0
1,228036.2,42188.0,0.0,109002.01,337038.21,0
0,230414.14,0.0,0.0,326130.47,556544.62,0
1,228299.88,0.0,0.0,1632658.72,2072817.94,0
1,322641.46,201146.0,0.0,5971.0,303660.74,0
0,615998.89,0.0,0.0,9705780.8,10321779.69,0
1,149116.84,45159.0,0.0,0.0,149116.84,0
0,186520.23,33880.2,0.0,1056371.59,1242891.82,0
1,220742.83,0.0,0.0,458590.45,679333.29,0
1,125469.7,0.0,0.0,265237.39,390707.09,0
1,96290.34,8127.0,0.0,24232.31,120522.66,0
1,161779.54,12473.0,0.0,0.0,144633.42,0
1,88368.21,0.0,0.0,680483.36,768851.56,0
1,35308.38,0.0,0.0,186586.24,221894.62,0
1,19580.05,15037.0,0.0,4927152.99,4946733.04,0
1,141378.0,51949.0,0.0,1058771.02,1200149.03,0
1,33346.27,0.0,0.0,155209.0,179994.72,0
0,463073.79,20680.0,0.0,1120321.18,1583394.98,0
1,162283.9,381633.34,219349.44,2596650.6,2758934.5,0
1,227346.04,9196.0,0.0,1130469.22,1357815.26,0
1,214168.14,40672.0,0.0,283570.05,497738.2,0
0,321699.28,0.0,0.0,1724226.24,2045925.53,0
0,2021499.35,0.0,0.0,3952013.55,5973512.9,0
1,22470.42,338.0,0.0,0.0,22470.42,0
0,93488.87,0.0,0.0,863241.44,956730.31,0
1,154890.24,0.0,0.0,2958889.14,3113779.38,0
1,32859.88,1862.0,0.0,2103652.1,2136511.98,0
1,242078.65,6491.04,0.0,511917.18,753995.84,0
1,63997.39,0.0,0.0,571896.64,635894.04,0
1,105587.63,0.0,0.0,1433586.64,1539174.28,0
1,205621.37,0.0,0.0,2822636.71,3028258.08,0
0,122949.97,0.0,0.0,1732821.91,1855771.88,0
1,11333.46,0.0,0.0,6590534.19,6601867.65,0
1,201894.74,8191.0,0.0,1371209.72,1682812.74,0
1,262341.49,21674.0,0.0,401656.74,663998.22,0
1,391811.34,27374.0,0.0,0.0,168705.77,0
1,73862.3,10856.0,0.0,0.0,73862.3,0
1,25262.36,0.0,0.0,1074514.9,1099777.26,0
1,77509.83,53.0,0.0,621687.68,699197.52,0
1,136943.73,175025.0,38081.27,0.0,136943.73,0
1,5627.39,0.0,0.0,885927.39,891554.78,0
1,306155.72,64496.0,0.0,213340.82,519496.54,0
1,6612.63,9575.0,2962.37,0.0,6612.63,0
1,113164.3,0.0,0.0,166006.2,279170.5,0
1,171405.21,20667.0,0.0,0.0,171405.21,0
1,26169.62,0.0,0.0,74341.19,100510.81,0
1,217330.58,0.0,0.0,9527712.08,9745042.66,0
1,90461.86,5728.08,0.0,191699.77,282161.63,0
1,92849.56,0.0,0.0,708608.29,801457.85,0
1,193668.67,0.0,0.0,726567.83,920236.5,0
1,186308.09,2145.0,0.0,0.0,186308.09,0
1,303084.87,770.0,0.0,0.0,303084.87,0
1,64802.24,0.0,0.0,102020.0,166822.23,0
1,110339.04,70813.0,0.0,1322649.1,1432988.14,0
0,945375.49,0.0,0.0,2957586.01,3902961.49,0
1,312311.73,0.0,0.0,360862.5,673174.23,0
1,275764.45,240.0,0.0,0.0,275764.45,0
1,274536.79,191.0,0.0,6649334.75,6923871.54,0
1,22600.34,0.0,0.0,3411118.63,3540338.8,0
1,166713.52,0.0,0.0,1498636.69,1665350.2,0
1,53674.5,0.0,0.0,6382693.88,6436368.37,0
1,350140.87,22029.0,0.0,12056006.72,12406147.59,0
1,151628.75,147482.58,0.0,185442.62,337071.36,0
1,161654.72,0.0,0.0,331975.62,493630.34,0
1,106877.73,30456.0,0.0,260608.75,367486.49,0
0,110604.64,11220.0,0.0,672683.3,783287.94,0
1,93012.28,0.0,0.0,2074691.28,2167703.56,0
0,171001.57,11484.0,0.0,705420.57,876422.14,0
1,60979.31,0.0,0.0,5508540.77,5569520.08,0
1,230797.67,51.0,0.0,133382.1,364179.77,0
1,44799.63,118282.0,73482.37,0.0,44799.63,0
1,136858.49,0.0,0.0,3334493.11,3471351.6,0
1,215309.55,0.0,0.0,737504.04,952813.59,0
1,81605.31,13324.0,0.0,191525.01,273130.32,0
0,47944.57,0.0,0.0,110025.04,157969.61,0
1,106949.07,0.0,0.0,5651740.82,8118536.09,0
1,88949.93,0.0,0.0,392815.08,481765.01,0
1,74669.25,10384.0,0.0,1222616.61,1297285.85,0
1,70747.69,0.0,0.0,80592.44,151340.13,0
1,17482.76,0.0,0.0,517077.7,534560.46,0
0,331264.26,17750.0,0.0,240809.63,572073.89,0
1,171359.08,101612.0,0.0,0.0,171359.08,0
1,149797.29,15414.0,0.0,19286.5,169083.79,0
0,119615.21,99266.0,0.0,33717.35,153332.56,0
1,203298.5,0.0,0.0,3061653.89,3264952.39,0
0,906659.23,0.0,0.0,5505587.37,6412246.6,0
1,140238.18,0.0,0.0,192986.48,333224.66,0
1,188871.51,144009.0,0.0,117698.16,306569.67,0
1,437267.67,21502.0,0.0,1157489.35,1584776.9,0
1,165901.89,11261.0,0.0,0.0,165901.89,0
1,324332.31,0.0,0.0,756757.35,1081089.65,0
1,472255.7,152.0,0.0,0.0,472255.7,0
1,212859.95,100127.0,0.0,1195124.95,1499161.27,0
1,88709.8,9123.0,0.0,401763.5,490473.31,0
0,153351.94,0.0,0.0,410140.84,563492.78,0
1,383941.34,0.0,0.0,547381.48,1081844.86,0
1,128375.37,0.0,0.0,10750228.59,10878603.96,0
1,153960.41,157899.0,3938.59,0.0,153960.41,0
0,286309.67,0.0,0.0,4794869.6,5081179.27,0
1,165197.99,0.0,0.0,1730145.44,1895343.43,0
1,206118.1,327193.05,121074.95,1538212.66,1744330.76,0
1,72323.77,22170.0,0.0,0.0,72323.77,0
1,11760.51,0.0,0.0,269018.28,280778.8,0
1,344313.22,0.0,0.0,1160604.95,1504918.17,0
0,740272.02,14559.0,0.0,0.0,740272.02,0
1,438319.2,0.0,0.0,1937695.64,2376014.84,0
1,105383.88,127.0,0.0,0.0,105383.88,0
1,248623.39,0.0,0.0,253052.24,501675.63,0
1,51748.44,1055.0,0.0,209959.27,261707.71,0
1,218938.78,0.0,0.0,1518815.88,1737754.67,0
1,58449.97,11861.0,0.0,0.0,58449.97,0
1,55558.61,0.0,0.0,1259592.12,1315150.73,0
0,514783.57,0.0,0.0,2281705.5,2796489.08,0
1,34148.09,4653.97,0.0,103797.03,137945.12,0
1,5685.9,3914.0,0.0,1123835.78,1129521.67,0
1,473064.47,0.0,0.0,530961.52,1004025.99,0
1,49102.49,45951.0,0.0,0.0,49102.49,0
1,72062.98,619.0,0.0,5693371.78,5765434.76,0
1,207551.17,5564.0,0.0,0.0,207551.17,0
1,189390.35,0.0,0.0,6444744.36,6634134.71,0
1,267862.75,10758.0,0.0,81036.21,155656.57,0
1,176976.1,10758.0,0.0,46233.33,223209.43,0
1,71885.02,1520.0,0.0,0.0,71885.02,0
1,347999.65,0.0,0.0,7858262.73,8206262.39,0
1,297652.5,0.0,0.0,2452074.89,2749727.39,0
1,346811.28,0.0,0.0,1924267.56,2271078.84,0
1,26010.75,51435.0,25424.25,19212.83,45223.59,0
1,343134.58,0.0,0.0,496811.1,839945.68,0
1,139436.53,0.0,0.0,464166.82,603603.35,0
1,288042.27,21414.0,0.0,91155.46,379197.73,0
0,511865.56,0.0,0.0,3130845.53,3642711.1,0
1,298796.15,151869.0,0.0,290050.46,588846.62,0
0,567787.43,195507.61,0.0,653075.73,1220863.16,0
1,251345.05,29869.0,0.0,1578722.87,1830067.92,0
1,336456.23,0.0,0.0,675006.08,1011462.31,0
1,173434.17,0.0,0.0,3527638.12,3701072.28,0
1,59145.19,0.0,0.0,290862.71,350007.9,0
1,76330.47,0.0,0.0,2959187.72,3035518.19,0
1,353698.69,202459.0,0.0,2881518.13,3235216.83,0
1,340314.6,69123.0,0.0,624750.55,965065.15,0
1,241124.19,0.0,0.0,540212.32,781336.51,0
1,198039.71,151825.0,0.0,0.0,198039.71,0
0,1758367.75,0.0,0.0,3560071.43,5318439.18,0
1,173903.69,26072.0,0.0,0.0,173903.69,0
1,20003.71,0.0,0.0,2426285.93,2446289.63,0
1,110798.43,18111.0,0.0,415055.31,525853.74,0
0,214351.74,0.0,0.0,537688.81,752040.55,0
0,1999107.5,19893.0,0.0,0.0,1999107.5,0
1,74257.93,0.0,0.0,498536.48,572794.41,0
1,345618.37,0.0,0.0,933018.21,1278636.58,0
1,195950.89,10411.0,0.0,123167.02,319117.91,0
1,58987.18,0.0,0.0,683983.2,742970.38,0
1,8432.27,49609.0,41176.73,208156.37,216588.64,0
1,168615.21,743117.0,574501.79,184624.61,795342.21,0
1,137865.79,0.0,0.0,584745.52,722611.31,0
1,22981.61,0.0,0.0,77290.64,100272.25,0
0,247880.59,0.0,0.0,879845.01,1127725.59,0
0,1217043.14,0.0,0.0,4857763.62,6074806.76,0
1,475207.03,38654.03,0.0,666772.1,1141979.13,0
1,105133.33,0.0,0.0,374844.1,479977.43,0
1,322988.99,0.0,0.0,5492920.84,5815909.83,0
1,111934.77,0.0,0.0,2010546.16,2122480.93,0
1,138145.69,83210.0,0.0,208739.65,346885.34,0
0,32045.45,0.0,0.0,173523.33,361569.32,0
1,75676.3,0.0,0.0,149814.83,225491.13,0
1,241621.08,0.0,0.0,355662.55,597283.62,0
1,80323.3,176.0,0.0,41288.36,121611.66,0
0,251395.26,0.0,0.0,771891.75,1023287.01,0
1,89808.67,169049.58,79240.92,8011161.42,8100970.09,0
1,201861.1,0.0,0.0,1457595.12,1659456.22,0
1,54846.25,0.0,0.0,2960387.01,3015233.26,0
1,189237.16,15310.64,0.0,934173.7,1123410.86,0
1,300348.15,77818.0,0.0,1059200.6,1359548.75,0
1,211116.21,21313.0,0.0,832331.29,1043447.5,0
1,49279.0,21796.0,0.0,648847.93,698126.94,0
1,268371.11,0.0,0.0,914706.64,1183077.75,0
1,143112.43,11919.0,0.0,21412.43,164524.86,0
0,320379.96,0.0,0.0,4249901.75,4570281.71,0
1,416818.12,602.0,0.0,0.0,416818.12,0
1,113757.64,30627.0,0.0,939578.64,1053336.28,0
1,82867.22,20345.0,0.0,420467.9,614716.63,0
1,394236.89,320589.0,0.0,0.0,394236.89,0
1,50085.74,0.0,0.0,421612.25,471697.99,0
0,1400886.59,33473.0,0.0,300720.77,1701607.36,0
0,216311.2,0.0,0.0,878412.94,1094724.14,0
1,29470.47,0.0,0.0,4381298.65,4410769.12,0
1,100286.57,173615.61,73329.03,2342588.08,2442874.66,0
1,70077.86,32888.0,0.0,0.0,70077.86,0
1,77152.73,50763.0,0.0,259221.63,336374.36,0
1,517272.35,69708.0,0.0,3147931.45,3665203.8,0
1,95049.77,0.0,0.0,8955890.39,9050940.16,0
1,145375.73,0.0,0.0,3992724.8,4138100.54,0
1,232318.46,0.0,0.0,3884197.84,4116516.3,0
1,269026.13,22360.0,0.0,147081.11,416107.24,0
1,1059.19,344234.0,343174.81,2124527.61,2125586.8,0
1,245671.77,0.0,0.0,345616.73,591288.51,0
0,1336162.28,0.0,0.0,2635317.91,3971480.19,0
1,360493.33,168203.0,0.0,669485.75,1029979.08,0
0,391676.96,10030.0,0.0,78609.54,470286.5,0
1,156434.68,0.0,0.0,583582.97,740017.65,0
1,161434.26,2236968.9,2075534.63,221438.15,382872.42,0
0,156609.64,8224.0,0.0,117206.36,273815.99,0
1,144358.67,0.0,0.0,558250.3,702608.97,0
0,1157155.49,10595.0,0.0,2541252.32,3639186.23,0
0,26643.04,0.0,0.0,4970934.66,4997577.7,0
1,109716.57,31388.0,0.0,323263.51,432980.09,0
1,29782.36,0.0,0.0,495243.57,525025.93,0
1,323772.27,0.0,0.0,3725250.11,4049022.37,0
0,196573.47,0.0,0.0,10694016.66,10890590.13,0
1,34690.87,36136.0,1445.13,1300957.18,1335648.05,0
1,22992.95,50124.0,27131.05,69583.05,92576.0,0
1,228344.05,21310.0,0.0,0.0,228344.05,0
0,24568.85,0.0,0.0,101743.87,126312.72,0
1,19730.17,0.0,0.0,1071917.51,1091647.69,0
1,23957.48,0.0,0.0,142761.15,166718.63,0
1,122136.64,564.0,0.0,88744.87,210881.5,0
1,396495.98,0.0,0.0,1125354.94,1521850.92,0
1,64587.39,0.0,0.0,800963.18,865550.57,0
1,303660.84,0.0,0.0,649135.0,952795.84,0
1,14159.92,120.0,0.0,64611.28,78771.2,0
1,87863.77,10509.0,0.0,562021.94,649885.71,0
1,104970.7,25595.0,0.0,50032.12,155002.81,0
1,171583.23,177469.14,5885.91,735649.75,907232.98,0
0,615619.87,5959.0,0.0,0.0,615619.87,0
1,6418.45,206247.0,199828.55,296366.98,302785.42,0
1,42101.61,462.0,0.0,0.0,42101.61,0
1,89546.12,0.0,0.0,150229.83,239775.94,0
1,79071.93,130468.0,51396.07,824495.97,903567.89,0
1,134365.96,21559.0,0.0,213974.51,348340.47,0
1,308090.86,149039.52,0.0,370948.56,679039.42,0
1,181796.01,708.0,0.0,0.0,181796.01,0
1,211233.71,934620.77,723387.06,136737.0,441934.34,0
0,77686.63,0.0,0.0,3758896.75,3836583.37,0
0,245340.03,53332.0,0.0,0.0,245340.03,0
1,53725.62,0.0,0.0,658834.72,712560.35,0
1,149989.56,30353.0,0.0,22647.22,172636.79,0
1,324067.32,50660.0,0.0,0.0,183576.11,0
1,185522.19,0.0,0.0,431623.31,617145.49,0
1,73424.43,6053.0,0.0,326571.74,399996.17,0
1,214857.01,0.0,0.0,617269.66,832126.67,0
1,291302.58,0.0,0.0,637059.33,928361.91,0
1,59253.25,19699.0,0.0,6636138.63,6695391.89,0
0,738730.86,0.0,0.0,1410467.23,2149198.1,0
1,203343.88,60944.0,0.0,36051.77,239395.66,0
0,864854.53,0.0,0.0,3540014.43,4404868.96,0
1,174863.73,0.0,0.0,893612.94,1068476.67,0
1,204723.18,338.0,0.0,300647.5,505370.67,0
0,778245.59,506608.18,0.0,10409842.42,11188088.01,0
1,2874.45,0.0,0.0,32476.72,302197.92,0
1,185641.42,85408.0,0.0,1535914.4,1664667.55,0
1,50159.1,0.0,0.0,326071.38,376230.47,0
1,204419.4,43766.0,0.0,244032.48,448451.88,0
1,194158.08,0.0,0.0,5218903.05,5413061.13,0
0,36057.11,0.0,0.0,597136.35,633193.46,0
1,170203.39,30600.42,0.0,1684504.28,1854707.66,0
1,500254.86,551874.0,51619.14,0.0,500254.86,0
1,251604.98,5663.0,0.0,292160.05,543765.02,0
1,260459.4,33286.0,0.0,163964.07,424423.46,0
1,125619.75,1274.0,0.0,179677.88,305297.63,0
1,436035.29,436035.29,0.0,0.0,436035.29,1
1,371449.1,0.0,0.0,1968013.88,2636830.78,0
1,168594.13,0.0,0.0,465755.43,634349.56,0
0,488301.59,0.0,0.0,9639508.85,10127810.44,0
1,76372.79,80067.0,3694.21,56758.75,133131.54,0
1,266583.49,0.0,0.0,668604.43,935187.92,0
1,73818.13,1556.0,0.0,0.0,73818.13,0
1,191405.65,0.0,0.0,481866.68,673272.33,0
1,216365.31,0.0,0.0,318119.59,802357.51,0
1,329369.95,405.0,0.0,1460781.71,1790151.65,0
1,34481.08,1277.0,0.0,0.0,34481.08,0
1,137038.83,225790.0,88751.17,206280.65,343319.48,0
0,572552.01,0.0,0.0,3232573.19,3805125.2,0
1,236038.22,143925.0,0.0,1126743.23,1362781.46,0
1,32194.31,143941.0,111746.69,39005.18,71199.5,0
1,26413.89,271315.05,244901.16,40212.76,66626.65,0
1,67670.79,0.0,0.0,4370963.28,4438634.07,0
1,187995.23,173.0,0.0,11536.0,170023.46,0
1,234541.13,234606.0,64.87,721391.23,840744.83,0
1,204755.51,0.0,0.0,4477344.71,4682100.23,0
0,495037.51,0.0,0.0,2989850.87,3484888.38,0
0,50484.67,150592.0,100107.33,288129.85,338614.52,0
1,128870.14,0.0,0.0,416999.22,267053.18,0
1,168313.4,184098.75,15785.35,701467.46,869780.86,0
0,147186.94,147186.94,0.0,0.0,0.0,1
1,60394.16,0.0,0.0,510314.24,570708.41,0
1,188957.49,148217.0,0.0,5091.0,108935.38,0
1,91807.45,0.0,0.0,4476743.09,4568550.54,0
1,30222.92,343907.91,313684.99,3332569.39,3362792.3,0
1,450530.59,0.0,0.0,1367901.6,1818432.19,0
0,727093.45,15040.0,0.0,23755.62,750849.07,0
1,127603.15,1009180.54,881577.39,315529.55,1485715.95,0
1,109346.49,0.0,0.0,231368.58,340715.07,0
1,539307.04,261162.0,0.0,0.0,539307.04,0
1,151541.63,0.0,0.0,16182320.21,16333861.84,0
1,123350.73,0.0,0.0,155811.39,354919.13,0
1,148506.92,0.0,0.0,657366.0,805872.92,0
1,106538.01,0.0,0.0,157702.46,264240.47,0
1,168779.81,0.0,0.0,790076.04,958855.85,0
1,149422.81,17191.0,0.0,648.0,87503.32,0
1,248514.59,0.0,0.0,3529284.1,3777798.69,0
1,96384.97,0.0,0.0,857330.52,953715.48,0
1,394881.16,11008.0,0.0,300905.96,695787.12,0
1,82973.61,31022.0,0.0,0.0,82973.61,0
1,310489.92,104492.0,0.0,0.0,310489.92,0
1,172615.51,0.0,0.0,580459.47,753074.98,0
1,41973.26,33645.0,0.0,1775092.45,1817065.71,0
0,206346.67,10041.0,0.0,415666.85,622013.52,0
1,283155.85,0.0,0.0,1926618.38,2209774.23,0
1,185415.32,20904.0,0.0,88762.0,472774.34,0
0,175044.92,0.0,0.0,1969187.17,2144232.1,0
1,418064.71,196274.0,0.0,0.0,418064.71,0
1,67552.97,12003.32,0.0,150019.15,217572.12,0
1,581045.86,0.0,0.0,1142386.48,1723432.34,0
1,223106.75,16253.0,0.0,0.0,223106.75,0
1,388887.81,0.0,0.0,1019667.33,1408555.14,0
1,132620.83,0.0,0.0,1831744.12,1964364.95,0
1,234312.09,33574.91,0.0,776183.88,1010495.98,0
1,129807.67,0.0,0.0,234415.13,364222.81,0
0,4345832.52,276180.64,0.0,5837737.26,10183569.78,0
1,452680.23,10940.0,0.0,19951.08,472631.31,0
1,191062.86,0.0,0.0,2048005.63,2239068.49,0
1,138944.43,41240.0,0.0,0.0,138944.43,0
0,61935.72,0.0,0.0,178688.96,240624.67,0
1,36310.23,72633.22,36322.99,1519041.51,1555351.73,0
1,324839.51,818.0,0.0,118424.8,443264.31,0
1,281719.02,23388.0,0.0,1161322.89,1443041.91,0
1,683678.2,0.0,0.0,1581138.55,2953524.76,0
1,131892.23,35.0,0.0,0.0,131892.23,0
1,256293.61,30959.0,0.0,4303275.2,4559568.81,0
1,303277.49,0.0,0.0,1154737.15,1458014.64,0
1,431275.32,1068.0,0.0,1513573.26,1944848.58,0
1,120461.22,62778.0,0.0,3478674.07,3599135.29,0
0,234556.68,30079.0,0.0,0.0,234556.68,0
1,179888.25,0.0,0.0,1667408.66,1847296.91,0
1,283718.62,0.0,0.0,5639016.9,5922735.52,0
1,82694.61,0.0,0.0,117078.62,199773.23,0
1,61634.29,25702.0,0.0,0.0,61634.29,0
1,47779.46,761.0,0.0,0.0,47779.46,0
1,149435.77,0.0,0.0,595945.12,745380.89,0
1,39556.23,119.0,0.0,1491803.36,1531359.59,0
1,109015.58,0.0,0.0,211087.72,320103.3,0
0,372814.13,0.0,0.0,2394129.52,2766943.65,0
1,254954.19,74889.0,0.0,353369.07,608323.26,0
1,130847.58,199589.0,68741.42,43938.51,174786.09,0
1,261698.32,21285.0,0.0,0.0,261698.32,0
1,116396.29,11122.0,0.0,40081.57,156477.86,0
0,274366.53,0.0,0.0,299351.56,573718.08,0
1,459824.84,0.0,0.0,575271.43,1035096.27,0
0,857094.2,0.0,0.0,1123359.32,1980453.52,0
1,98387.87,6571.58,0.0,218011.24,316399.11,0
0,175193.62,0.0,0.0,6366206.48,6541400.1,0
0,607343.18,0.0,0.0,994794.82,1602138.01,0
1,339643.5,0.0,0.0,3516779.78,3856423.28,0
1,141214.29,53967.0,0.0,228769.52,369983.81,0
1,263900.53,11571.0,0.0,0.0,263900.53,0
1,318099.34,1341.0,0.0,1476776.54,1794875.88,0
1,237156.69,690978.12,453821.43,528056.75,481384.57,0
1,8534.18,132362.6,123828.42,47097.27,55631.45,0
1,165416.94,0.0,0.0,820601.21,986018.15,0
1,123967.98,32649.0,0.0,0.0,123967.98,0
1,72224.32,22310.0,0.0,0.0,72224.32,0
1,368303.96,51391.0,0.0,0.0,0.0,0
0,699312.94,60865.88,0.0,1046661.09,1745974.02,0
1,58167.48,0.0,0.0,1305418.82,1363586.3,0
1,179688.91,21930.0,0.0,0.0,179688.91,0
1,87286.53,601.0,0.0,1050186.09,1137472.61,0
1,159478.44,101180.0,0.0,919048.69,1078527.13,0
1,210174.87,0.0,0.0,532711.4,742886.28,0
0,173449.03,0.0,0.0,555527.32,728976.35,0
1,29100.75,0.0,0.0,727661.43,756762.18,0
1,54100.06,0.0,0.0,1033854.18,1087954.24,0
1,440036.57,0.0,0.0,3268370.21,3708406.78,0
1,182431.31,2240.0,0.0,2114733.65,2297164.97,0
1,27050.0,0.0,0.0,113657.56,140707.55,0
1,382276.27,0.0,0.0,1379584.75,1761861.02,0
1,227586.04,23758.0,0.0,0.0,227586.04,0
1,266228.01,109448.0,0.0,267732.17,533960.18,0
1,106284.63,0.0,0.0,1761018.14,1867302.77,0
1,19413.23,0.0,0.0,3623214.22,3642627.46,0
1,200987.86,0.0,0.0,3538800.7,3739788.57,0
0,90465.88,102.0,0.0,0.0,90465.88,0
0,1294425.14,0.0,0.0,3736820.25,5031245.39,0
1,124499.22,0.0,0.0,195097.92,319597.14,0
1,229704.38,11086.0,0.0,0.0,229704.38,0
1,178693.92,0.0,0.0,437859.44,616553.36,0
1,110853.8,16200.0,0.0,223172.72,334026.52,0
1,110445.52,0.0,0.0,2345014.84,2455460.36,0
1,283400.2,0.0,0.0,653100.32,936500.51,0
0,139658.78,20453.0,0.0,0.0,139658.78,0
1,273320.37,0.0,0.0,2290852.17,2564172.54,0
1,456887.01,90.0,0.0,0.0,456887.01,0
1,187179.9,11595.0,0.0,450257.0,637436.91,0
1,225604.23,11584.0,0.0,0.0,225604.23,0
1,335075.86,0.0,0.0,2623581.2,2958657.06,0
0,391854.95,3078.0,0.0,0.0,391854.95,0
1,122832.41,23958.0,0.0,11507.0,0.0,0
1,129829.38,0.0,0.0,256025.18,385854.56,0
0,1140388.23,48323.34,0.0,1852725.95,2993114.18,0
1,320627.09,0.0,0.0,1279839.9,1358690.39,0
1,309971.29,3555.0,0.0,1031212.22,1341183.51,0
1,233887.05,0.0,0.0,565685.35,799572.4,0
1,114860.67,10654.0,0.0,17184.55,132045.21,0
1,177054.06,0.0,0.0,7278117.67,7455171.73,0
1,344399.66,2328.0,0.0,149499.97,493899.62,0
1,95946.71,0.0,0.0,343020.87,438967.58,0
1,502495.17,10831.0,0.0,443249.9,945745.06,0
0,944729.95,256.0,0.0,1816315.92,2761045.87,0
0,238982.92,0.0,0.0,287288.91,526271.83,0
1,17263.69,15217.0,0.0,4083418.0,4100681.69,0
1,113196.91,0.0,0.0,1393712.18,1506909.1,0
1,233786.99,1008.0,0.0,0.0,233786.99,0
1,205129.12,205129.12,0.0,480559.02,685688.15,1
1,361428.5,809589.0,448160.5,0.0,361428.5,0
1,105739.96,42266.0,0.0,0.0,105739.96,0
1,100182.7,14804.0,0.0,19003.37,119186.07,0
1,308418.2,5380.0,0.0,0.0,308418.2,0
1,236499.87,0.0,0.0,337696.11,759711.37,0
1,1552664.33,1552664.33,0.0,3804336.89,5357001.22,1
1,16540.62,0.0,0.0,250868.35,267408.98,0
0,668710.04,0.0,0.0,865673.11,1534383.15,0
1,26626.36,0.0,0.0,43223.57,69849.93,0
1,17123.02,0.0,0.0,674432.59,691555.62,0
0,364769.62,0.0,0.0,3078305.26,3443074.88,0
1,220857.57,0.0,0.0,1314944.97,1535802.54,0
0,1902514.56,10214.0,0.0,0.0,2103441.32,0
1,113823.94,0.0,0.0,2578487.76,2692311.71,0
0,2403553.74,335473.0,0.0,238.0,2403791.74,0
1,182533.04,0.0,0.0,421393.74,603926.78,0
1,320412.89,0.0,0.0,882977.84,1203390.73,0
1,58521.27,0.0,0.0,1380841.64,1439362.91,0
1,410978.73,0.0,0.0,572673.16,983651.89,0
0,54162.77,79852.0,25689.23,556660.78,610823.55,0
0,183795.32,31917.0,0.0,0.0,183795.32,0
1,147162.98,0.0,0.0,3041894.58,3189057.56,0
1,53631.83,0.0,0.0,83244.0,0.0,0
1,9794.41,0.0,0.0,2659447.69,2669242.11,0
1,121261.02,11460.0,0.0,163944.19,285205.22,0
1,217164.47,2588.0,0.0,498523.97,715688.44,0
1,337865.48,10088.0,0.0,9886292.34,10723135.4,0
1,57996.39,0.0,0.0,228103.61,286100.0,0
1,149572.12,130259.0,0.0,0.0,149572.12,0
1,156386.16,30807.0,0.0,126260.65,282646.81,0
0,500021.68,20295.0,0.0,0.0,500021.68,0
1,127383.74,0.0,0.0,352557.29,479941.03,0
1,70575.42,0.0,0.0,186525.68,257101.1,0
1,154078.1,0.0,0.0,201065.33,355143.43,0
1,133698.46,0.0,0.0,577240.66,710939.12,0
1,234091.92,0.0,0.0,313936.51,548028.43,0
1,117453.9,0.0,0.0,1446726.65,1564180.56,0
1,39243.65,99370.0,60126.35,1502405.61,1541649.26,0
1,500811.64,0.0,0.0,589653.01,1090464.66,0
1,54727.82,19308.0,0.0,0.0,54727.82,0
1,5030.35,0.0,0.0,217960.8,222991.15,0
1,68250.47,0.0,0.0,180998.58,249249.05,0
1,2439.35,0.0,0.0,1169076.18,1171515.52,0
1,71443.95,0.0,0.0,268001.6,339445.55,0
1,19711.99,0.0,0.0,501276.71,520988.71,0
1,84499.47,0.0,0.0,207178.39,291677.86,0
1,118753.39,0.0,0.0,535938.39,654691.78,0
0,32793.67,0.0,0.0,6292089.74,6324883.41,0
1,168167.17,15796.0,0.0,388124.43,556291.6,0
1,175451.38,622.0,0.0,307760.4,483211.79,0
1,35022.45,20793.0,0.0,0.0,35022.45,0
1,295043.39,0.0,0.0,102062200.08,102357243.47,0
1,12775.85,0.0,0.0,98218.22,110994.08,0
1,115423.94,0.0,0.0,190326.1,305750.04,0
0,308811.1,0.0,0.0,610618.37,919429.48,0
1,384887.37,0.0,0.0,1923313.88,2308201.25,0
1,2093.56,13531.0,11437.44,0.0,2093.56,0
1,223387.77,0.0,0.0,3592353.15,3815740.91,0
1,392639.09,90055.0,0.0,10931169.5,11658466.2,0
1,257735.43,49710.0,0.0,0.0,189873.13,0
1,205995.23,0.0,0.0,4151821.62,4357816.84,0
1,270628.5,52231.0,0.0,157354.82,427983.32,0
1,312993.5,169616.89,0.0,1241379.44,1554372.94,0
1,3523.17,20488.0,16964.83,241599.72,245122.89,0
1,159621.79,15224.03,0.0,908290.28,1067912.07,0
1,41549.64,87180.0,45630.36,117115.89,158665.53,0
1,493410.68,1413.0,0.0,650924.82,1144335.5,0
1,454109.37,358009.79,0.0,7554112.65,8008222.02,0
1,279252.13,0.0,0.0,1519117.35,1798369.48,0
1,207635.54,10370.0,0.0,0.0,207635.54,0
1,336012.48,21639.0,0.0,808571.82,1144584.3,0
1,280996.26,0.0,0.0,464216.76,745213.02,0
0,469801.14,0.0,0.0,3575945.39,4045746.52,0
1,60650.47,0.0,0.0,4110116.1,4095217.6,0
1,304952.97,53312.0,0.0,47315.89,352268.86,0
1,277443.3,144491.0,0.0,0.0,277443.3,0
1,176019.82,10.0,0.0,636676.66,812696.48,0
0,53524.79,0.0,0.0,455773.07,509297.86,0
1,297815.35,57869.0,0.0,1300296.51,1598111.86,0
1,225799.38,9251.0,0.0,1021798.49,1247597.87,0
0,150887.97,0.0,0.0,295586.51,446474.48,0
1,194865.84,7058.0,0.0,1350117.64,1544983.48,0
0,153794.73,0.0,0.0,190703.05,344497.78,0
1,66051.09,45419.0,0.0,127020.18,193071.27,0
1,244552.6,0.0,0.0,494871.02,739423.61,0
0,709979.28,0.0,0.0,764477.9,1474457.17,0
1,161092.26,4121.35,0.0,8073130.3,8234222.56,0
1,25811.19,160983.0,135171.81,1256391.01,1352343.37,0
1,88053.42,0.0,0.0,524371.76,612425.18,0
1,26888.07,0.0,0.0,395317.59,422205.66,0
1,312661.1,0.0,0.0,2373845.46,2686506.55,0
1,278258.69,0.0,0.0,1504365.32,1782624.01,0
1,329444.47,530715.0,201270.53,135069.17,464513.64,0
1,508820.81,603.0,0.0,258326.94,767147.75,0
1,279340.23,13312.0,0.0,0.0,279340.23,0
1,576163.16,30738.0,0.0,0.0,576163.16,0
1,299219.38,6298.0,0.0,203876.84,503096.22,0
1,364588.67,45051.0,0.0,19399.14,383987.81,0
1,327505.78,64355.0,0.0,0.0,327505.78,0
0,520705.08,0.0,0.0,1433353.15,1954058.23,0
0,110623.68,0.0,0.0,8334868.63,8445492.31,0
1,1014.25,0.0,0.0,188822.62,189836.87,0
1,17043.8,23608.26,6564.46,1942568.08,1959611.88,0
1,164328.94,77363.0,0.0,192322.84,356651.78,0
1,76644.53,0.0,0.0,4281087.49,3770312.6,0
0,239906.28,14591.0,0.0,0.0,343443.13,0
1,273780.11,0.0,0.0,651557.49,925337.6,0
1,5724.89,107744.0,102019.11,0.0,5724.89,0
1,248463.33,0.0,0.0,4268477.96,4516941.29,0
0,3042324.07,0.0,0.0,6087044.88,9129368.95,0
1,234801.61,19607.0,0.0,147026.16,381827.76,0
1,3086.58,65126.0,62039.42,551370.48,554457.05,0
1,12038.25,68410.0,56371.75,1179351.58,1191389.83,0
1,149079.72,0.0,0.0,6391352.02,6540431.73,0
1,162101.31,0.0,0.0,1499740.16,1661841.47,0
1,239668.68,0.0,0.0,253156.18,492824.86,0
1,39724.13,54902.0,15177.87,4025306.63,4065030.77,0
1,229779.12,0.0,0.0,8590817.98,8820597.1,0
1,166179.76,675.0,0.0,0.0,166179.76,0
1,4480.62,10568.0,6087.38,0.0,4480.62,0
1,65790.13,142079.0,76288.87,856935.82,922725.96,0
1,12358.31,0.0,0.0,11041069.5,11053427.81,0
1,249049.74,129311.68,0.0,264034.39,513084.13,0
1,278794.35,50707.0,0.0,35496.41,314290.76,0
1,121303.67,0.0,0.0,1396921.95,1518225.62,0
1,382206.2,286793.0,0.0,4807590.39,5189796.59,0
1,464761.98,42289.0,0.0,0.0,464761.98,0
1,32956.44,39680.0,6723.56,0.0,32956.44,0
1,229953.51,0.0,0.0,687112.28,917065.78,0
1,287277.18,0.0,0.0,369375.62,656652.8,0
1,156501.85,0.0,0.0,2170802.64,2327304.49,0
0,419338.32,0.0,0.0,807492.67,1226830.99,0
1,557694.49,0.0,0.0,602499.59,1160194.08,0
1,341021.34,0.0,0.0,1402675.91,1743697.25,0
0,838374.0,0.0,0.0,838588.41,1676962.41,0
0,2496052.5,61272.0,0.0,98137.46,2594189.96,0
0,10000000.0,304569.0,0.0,3343612.05,38371975.0,0
1,15716.39,0.0,0.0,354799.42,370515.81,0
1,241189.24,0.0,0.0,474353.42,715542.65,0
1,262442.38,191.0,0.0,3210888.69,3473331.06,0
1,26706.96,0.0,0.0,355969.14,382676.1,0
1,35216.85,59951.0,24734.15,0.0,35216.85,0
1,60521.57,16889.0,0.0,1599774.2,1660295.77,0
1,87784.53,61406.0,0.0,14253.0,102037.53,0
0,327544.91,113.0,0.0,0.0,327637.52,0
1,367397.08,610.0,0.0,4543569.02,4910966.1,0
1,34623.11,31015.0,0.0,1143098.17,1177721.28,0
1,276337.34,12597.0,0.0,2690305.5,2966642.85,0
0,372577.86,0.0,0.0,10624787.12,10997364.98,0
1,16613.49,177.0,0.0,787053.13,803666.62,0
1,35973.27,0.0,0.0,62956.61,98929.89,0
0,2057774.99,0.0,0.0,4370738.94,6428513.93,0
1,271267.75,0.0,0.0,2118960.26,2390228.01,0
1,141737.86,0.0,0.0,7932041.48,8073779.34,0
1,137287.66,4736.0,0.0,4605920.85,4743208.51,0
0,2544834.82,184.0,0.0,186409.95,2731244.76,0
1,189908.81,21460.0,0.0,35232.61,225141.42,0
0,295170.32,0.0,0.0,393121.42,688291.74,0
1,44378.8,214859.0,170480.2,727742.85,772121.65,0
1,107394.62,0.0,0.0,230247.47,337642.09,0
1,32853.95,0.0,0.0,853696.46,886550.41,0
1,80234.52,15489.0,0.0,500199.11,580433.64,0
1,49455.13,7331.54,0.0,2488375.69,2537830.82,0
1,325683.96,81673.0,0.0,2656733.46,2982417.42,0
1,193653.82,0.0,0.0,196078.03,425199.81,0
1,247566.27,0.0,0.0,5186337.42,5433903.69,0
1,60651.19,0.0,0.0,330314.58,390965.78,0
1,179376.61,85310.29,0.0,299179.59,478556.2,0
1,228315.18,0.0,0.0,662114.93,890430.12,0
1,23466.18,0.0,0.0,167522.19,190988.37,0
1,256764.47,5189.0,0.0,879983.93,1136748.39,0
1,246521.86,34120.0,0.0,2479035.54,2725557.41,0
1,75948.26,0.0,0.0,6850413.94,6926362.2,0
1,76427.74,0.0,0.0,274844.8,351272.54,0
1,470650.35,0.0,0.0,4989733.98,5460384.32,0
1,394039.37,124853.0,0.0,1314386.84,1708426.21,0
1,392471.9,0.0,0.0,564404.88,956876.78,0
0,205022.4,374059.98,169037.58,3821912.08,4026934.48,0
1,194085.0,0.0,0.0,861669.07,1055754.07,0
1,39684.6,583108.82,543424.22,45575.43,85260.03,0
0,46129.47,0.0,0.0,924973.38,971102.85,0
1,61977.98,0.0,0.0,241466.55,303444.53,0
1,64809.64,55603.84,0.0,265247.23,330056.87,0
1,198904.79,151500.0,0.0,0.0,198904.79,0
1,46190.16,97317.0,51126.84,417325.4,463515.56,0
1,44740.59,0.0,0.0,53702.45,98443.03,0
1,557489.61,24.0,0.0,455657.33,1013146.94,0
0,227776.91,232.0,0.0,1021202.69,1248979.59,0
0,205806.1,0.0,0.0,6493627.78,6699433.88,0
1,171889.18,65560.94,0.0,2743197.63,2915086.81,0
1,320963.44,99520.0,0.0,0.0,320963.44,0
1,119677.86,459.0,0.0,1823975.93,2007799.92,0
1,22197.9,10142.0,0.0,0.0,22197.9,0
1,45903.33,21020.0,0.0,0.0,45903.33,0
1,16167.87,36486.42,20318.55,24251.01,40418.88,0
1,392232.82,174924.0,0.0,0.0,390032.82,0
1,165519.61,19975.0,0.0,370810.91,536330.53,0
1,139909.97,158900.0,18990.03,174247.04,314157.01,0
1,478216.49,9702.08,0.0,562064.72,1040281.2,0
1,76189.19,538.0,0.0,4645588.12,4721777.31,0
1,210574.71,0.0,0.0,790576.09,1001150.8,0
1,445617.91,0.0,0.0,857271.11,1302889.02,0
1,26382.31,0.0,0.0,147674.55,174056.86,0
1,138012.6,0.0,0.0,2862468.37,3000480.97,0
1,102771.46,0.0,0.0,358464.51,461235.97,0
1,36188.37,0.0,0.0,219602.47,255790.85,0
1,137386.84,1303.0,0.0,0.0,137386.84,0
1,61181.3,0.0,0.0,8926925.08,8988106.38,0
1,97435.93,0.0,0.0,267394.95,364830.88,0
1,315852.19,295.0,0.0,0.0,315852.19,0
1,56086.55,257.0,0.0,145334.31,378815.81,0
1,10704.27,412827.22,402122.95,1913139.52,1923843.79,0
1,168730.76,0.0,0.0,3226552.81,3395283.57,0
1,231559.06,0.0,0.0,671888.58,903447.64,0
0,884943.92,20662.0,0.0,0.0,884943.92,0
0,1214577.77,19980.0,0.0,1219345.14,2433922.92,0
1,38169.36,20658.0,0.0,827620.72,865790.08,0
1,157486.15,0.0,0.0,1684189.53,1841675.68,0
1,317382.89,7766.0,0.0,0.0,317382.89,0
1,71964.26,3474.0,0.0,0.0,71964.26,0
0,343210.45,288287.36,0.0,1332143.44,1972116.87,0
1,247581.76,185.0,0.0,5103268.64,5350850.4,0
1,61139.35,0.0,0.0,392976.57,0.0,0
1,123246.7,53186.0,0.0,970282.53,1093529.23,0
0,106736.65,10159.0,0.0,122727.52,229464.17,0
0,1686931.54,0.0,0.0,121708.09,1808639.63,0
1,365979.32,19154.0,0.0,136300.26,749179.37,0
1,233741.45,21178.0,0.0,109984.51,343725.96,0
1,160592.99,0.0,0.0,5505947.56,5666540.55,0
1,416849.9,0.0,0.0,1156558.11,1573408.01,0
1,31110.58,63319.0,32208.42,0.0,114986.95,0
1,268795.84,144423.0,0.0,2772251.85,3041047.69,0
1,151458.85,0.0,0.0,607620.0,759078.85,0
0,336943.05,0.0,0.0,609867.87,946810.92,0
1,159687.36,1154.0,0.0,61860.82,221548.18,0
1,71880.19,0.0,0.0,898928.34,970808.52,0
1,69822.73,0.0,0.0,1074159.07,1418623.71,0
1,5534.28,0.0,0.0,228885.23,234419.51,0
1,267796.37,0.0,0.0,13359163.58,13626959.95,0
1,266132.53,1504.0,0.0,0.0,266132.53,0
1,278093.97,0.0,0.0,293751.3,360645.15,0
1,48628.52,19892.0,0.0,0.0,48628.52,0
1,68741.41,362259.0,293517.59,81417.95,150159.35,0
1,18992.01,10785.0,0.0,2705905.51,2724897.52,0
1,79382.06,839.0,0.0,175099.86,254481.92,0
0,764395.79,0.0,0.0,1083491.23,1847887.02,0
1,114639.48,0.0,0.0,4191402.62,4358019.4,0
1,213133.32,29783.0,0.0,177306.57,390439.89,0
0,149850.12,52345.0,0.0,55146.72,204996.85,0
1,138491.24,218134.16,79642.92,148978.04,287469.28,0
0,451541.42,438295.83,0.0,981349.21,1432890.64,0
1,18111.28,0.0,0.0,2638575.52,2656686.8,0
0,135665.6,0.0,0.0,2194771.15,2330436.76,0
1,179453.58,650.0,0.0,1205859.12,1385312.7,0
1,34499.0,130444.0,95945.0,6761937.49,6796436.49,0
1,289809.16,0.0,0.0,323078.38,612887.54,0
1,32647.69,0.0,0.0,11665776.01,11698423.7,0
1,97016.08,0.0,0.0,169223.1,266239.18,0
1,58710.4,17770.47,0.0,4048114.49,4106824.89,0
1,366262.34,1908.0,0.0,2082774.67,2688789.76,0
1,575353.41,0.0,0.0,998283.62,1573637.04,0
1,12926.31,12148.0,0.0,9562353.65,9575279.96,0
1,16216.1,11915.0,0.0,5600.0,21816.1,0
1,68565.56,0.0,0.0,534171.58,602737.13,0
1,243457.59,95171.0,0.0,175650.51,419108.09,0
0,9588.09,0.0,0.0,178619.91,188208.01,0
1,354762.1,12163.0,0.0,162222.22,790694.31,0
1,38464.77,43217.0,4752.23,2880.97,41345.74,0
1,201535.65,49035.0,0.0,187119.44,388655.09,0
1,201106.45,0.0,0.0,1098331.78,1299438.22,0
1,24295.6,0.0,0.0,75298.37,99593.97,0
1,224257.5,14706.0,0.0,0.0,91663.71,0
1,422764.95,10684.0,0.0,5723956.63,6146721.58,0
1,208908.41,220.0,0.0,0.0,208908.41,0
1,13173.25,0.0,0.0,249533.23,262706.48,0
1,39924.31,0.0,0.0,1562249.69,1602174.0,0
1,10201.27,0.0,0.0,320936.29,331137.56,0
1,473402.85,0.0,0.0,7925309.31,8398712.16,0
0,473685.04,0.0,0.0,2457845.94,2931530.98,0
0,244944.85,0.0,0.0,345959.98,1011722.97,0
0,319678.23,874.0,0.0,0.0,319678.23,0
0,1361148.02,0.0,0.0,1620131.19,2981279.21,0
1,400577.74,0.0,0.0,918515.42,1319093.16,0
0,600869.49,0.0,0.0,1276671.02,1877540.51,0
0,506100.96,24799.48,0.0,2349726.37,2855827.32,0
1,219462.47,0.0,0.0,670972.64,890435.1,0
1,150034.01,0.0,0.0,3112520.35,3262554.36,0
1,445229.48,152846.0,0.0,1197621.2,1642850.68,0
1,255506.4,100751.0,0.0,0.0,474658.18,0
1,68220.65,51719.0,0.0,329966.47,398187.13,0
1,352928.6,0.0,0.0,425363.6,778292.2,0
1,239594.32,0.0,0.0,246969.54,486563.85,0
1,104881.1,0.0,0.0,502212.08,607093.18,0
1,79048.9,0.0,0.0,93326.44,172375.34,0
1,396512.48,0.0,0.0,832935.24,3040941.4,0
1,344344.69,1193.39,0.0,2939066.62,3283411.31,0
0,732614.12,1387.0,0.0,0.0,732614.12,0
1,76962.47,16030.0,0.0,599737.71,676700.19,0
1,76948.53,0.0,0.0,326035.89,402984.42,0
1,161915.29,0.0,0.0,183575.43,345490.72,0
1,82756.41,0.0,0.0,3075647.1,3158403.51,0
1,155670.33,0.0,0.0,988898.31,1144568.64,0
1,230441.96,0.0,0.0,1598593.54,1829035.5,0
0,1394481.61,0.0,0.0,8675319.58,10069801.18,0
0,827253.5,27201.0,0.0,39084.94,866338.44,0
1,4691.57,0.0,0.0,105774.66,110466.23,0
1,437557.72,0.0,0.0,2681409.42,3118967.14,0
1,62876.66,0.0,0.0,824669.08,887545.74,0
1,62981.56,223962.0,160980.44,0.0,62981.56,0
1,20826.66,0.0,0.0,14470840.73,14491667.38,0
1,231906.8,216.0,0.0,147932.4,483463.57,0
1,74600.75,8771.7,0.0,423589.22,498189.96,0
1,96145.82,0.0,0.0,7850508.13,7946653.95,0
0,518697.03,0.0,0.0,722978.72,1241675.75,0
1,260978.96,80453.0,0.0,212578.6,473557.56,0
1,72802.73,0.0,0.0,2991662.7,3064465.43,0
1,120453.27,0.0,0.0,4019417.88,4139871.15,0
1,59737.28,8493.0,0.0,0.0,59737.28,0
1,129931.55,0.0,0.0,4239454.06,4369385.61,0
1,237555.48,254547.0,16991.52,5824163.44,6061718.92,0
0,270893.04,0.0,0.0,583083.71,853976.76,0
1,57956.52,30239.0,0.0,0.0,57956.52,0
1,183025.79,0.0,0.0,981587.87,1164613.65,0
1,89314.06,8457.0,0.0,2806981.42,2896295.48,0
0,941979.28,0.0,0.0,2089907.48,3031886.76,0
0,16903.4,641.0,0.0,1369739.48,1386642.89,0
0,1147625.68,0.0,0.0,4254811.03,5402436.71,0
1,92632.36,0.0,0.0,1077050.89,1169683.25,0
1,76449.91,31048.0,0.0,0.0,76449.91,0
1,122330.72,11282.0,0.0,143577.42,265908.15,0
1,160737.79,198222.0,37484.21,55246.5,215984.29,0
1,78982.0,5075.0,0.0,3038204.34,3117186.33,0
1,330310.85,0.0,0.0,554519.74,884830.59,0
1,23395.29,13877.0,0.0,0.0,23395.29,0
1,156474.57,20.0,0.0,235551.39,392025.97,0
0,2475855.22,0.0,0.0,6773872.78,9249728.0,0
1,119469.63,6227.0,0.0,8004664.98,8124134.6,0
0,33433.97,0.0,0.0,512143.32,545577.28,0
1,337482.95,0.0,0.0,3332584.08,3670067.03,0
1,290431.18,0.0,0.0,1564309.76,1854740.95,0
1,122469.68,21104.0,0.0,1898144.59,1733915.86,0
1,122557.95,984.0,0.0,0.0,122557.95,0
1,130479.91,202497.0,72017.09,6288.62,136768.53,0
1,441570.62,30417.0,0.0,2356547.98,2798118.6,0
0,336455.84,7051.64,0.0,1242668.82,1579124.66,0
1,337984.04,158568.0,0.0,0.0,337984.04,0
1,171405.57,0.0,0.0,1211194.04,1382599.61,0
1,135719.58,20082.0,0.0,563550.34,699269.92,0
1,227333.42,107873.0,0.0,283721.94,511055.36,0
1,392482.12,115324.0,0.0,0.0,392482.12,0
1,100033.01,186826.67,86793.66,196049.7,296082.71,0
1,40738.58,30365.0,0.0,64518.13,105256.72,0
1,88669.32,5142.0,0.0,5966137.5,6054806.82,0
1,167597.34,0.0,0.0,3952302.94,3930071.21,0
1,256306.3,0.0,0.0,4518134.36,4774440.66,0
1,30906.06,10841.0,0.0,390079.78,420985.84,0
1,90200.34,7277.09,0.0,106565.78,196766.12,0
1,315728.69,0.0,0.0,436191.58,751920.27,0
1,262929.26,0.0,0.0,274922.57,537851.83,0
1,482369.11,0.0,0.0,1607766.62,2090135.73,0
1,96849.3,0.0,0.0,3786427.78,3883277.08,0
1,169198.04,0.0,0.0,203561.99,372760.03,0
1,65202.37,10385.0,0.0,513261.39,578463.76,0
1,170491.18,0.0,0.0,6097444.03,6267935.21,0
1,39662.59,21277.16,0.0,1370022.23,1409684.82,0
1,23763.08,49829.0,26065.92,242144.44,265907.52,0
1,285718.63,10309.0,0.0,36136.55,321855.19,0
1,97560.93,0.0,0.0,345120.24,442681.18,0
1,290528.69,0.0,0.0,345069.81,1655161.56,0
1,62643.76,502170.0,439526.24,2162.79,17618.85,0
0,256440.51,495061.32,238620.81,1833300.53,2089741.04,0
1,76336.88,128714.0,52377.12,0.0,76336.88,0
1,165152.11,0.0,0.0,1499795.66,1664947.77,0
1,282298.6,0.0,0.0,1466831.37,1749129.97,0
1,52747.45,2216.0,0.0,1570555.71,1623303.16,0
1,5147.47,306.0,0.0,671183.23,676330.7,0
0,185927.61,0.0,0.0,2040374.97,2226302.59,0
1,21598.15,0.0,0.0,1242702.47,1264300.61,0
1,107828.13,0.0,0.0,451911.92,559740.05,0
0,110435.54,416.0,0.0,467922.98,578358.53,0
1,225366.97,0.0,0.0,273345.42,498712.39,0
1,54356.71,926073.0,871716.29,1032020.19,1086376.9,0
1,9890.08,0.0,0.0,2134572.46,2144462.54,0
1,189886.39,4048.0,0.0,246284.85,436171.24,0
1,44827.98,0.0,0.0,208582.6,253410.59,0
0,856774.13,0.0,0.0,2633062.98,3489837.11,0
1,496230.31,155702.0,0.0,0.0,496230.31,0
1,147281.57,0.0,0.0,842388.76,989670.33,0
0,3194079.47,80896.0,0.0,0.0,3194079.47,0
1,282673.39,50962.0,0.0,115635.87,398309.26,0
1,396602.18,135003.0,0.0,1098133.65,1494735.83,0
1,414030.06,230132.0,0.0,568626.08,982656.14,0
0,311799.57,26197.0,0.0,0.0,311799.57,0
1,10936.72,0.0,0.0,139284.38,150221.1,0
1,54704.79,0.0,0.0,801971.27,856676.05,0
1,155401.78,315961.0,160559.22,951241.76,1106643.54,0
1,18634.29,40515.0,21880.71,717376.61,736010.9,0
1,9530.78,351.0,0.0,187782.78,197313.56,0
1,148949.67,0.0,0.0,1495985.67,1644935.34,0
0,1072143.18,193860.86,0.0,216272.79,1288415.97,0
1,363592.02,0.0,0.0,4259910.44,4648538.27,0
1,244220.98,116154.0,0.0,17267.59,261488.57,0
1,194939.84,203564.0,8624.16,0.0,194939.84,0
1,30293.2,5144.0,0.0,0.0,30293.2,0
1,33350.45,0.0,0.0,9541845.52,9575195.98,0
1,105172.01,113471.0,8298.99,2448937.1,2554109.11,0
1,143839.08,72042.0,0.0,1830910.97,1974750.05,0
1,94833.21,16543.0,0.0,68915.66,163748.86,0
1,219711.58,0.0,0.0,544806.14,764517.71,0
1,72183.91,0.0,0.0,1600803.47,1672987.38,0
0,43619.85,0.0,0.0,348695.94,392315.79,0
0,41083.5,0.0,0.0,14622784.69,14663868.2,0
0,1546419.27,0.0,0.0,5696811.02,7243230.29,0
1,156075.78,0.0,0.0,953645.67,1109721.46,0
1,30764.21,42512.0,11747.79,1432288.31,1463052.53,0
1,140337.71,0.0,0.0,334613.28,474950.99,0
0,97874.55,106179.0,8304.45,910794.51,1008669.06,0
1,99288.41,12521.0,0.0,585598.68,684887.09,0
1,78456.97,0.0,0.0,586384.99,664841.96,0
0,752801.45,0.0,0.0,4953793.02,5706594.47,0
1,442113.95,0.0,0.0,818746.83,1686900.12,0
0,766990.72,848.0,0.0,0.0,1040319.14,0
0,108505.94,29232.0,0.0,0.0,108505.94,0
1,16264.58,0.0,0.0,4145130.19,4161394.77,0
1,202581.75,52823.0,0.0,542387.75,744969.5,0
0,7246962.16,7246962.16,0.0,0.0,0.0,1
1,23385.41,70704.0,47318.59,32829.6,56215.01,0
1,130182.18,0.0,0.0,367531.67,497713.85,0
1,217429.21,0.0,0.0,379646.79,597076.0,0
1,199958.22,438.0,0.0,496173.71,696131.93,0
1,130845.71,0.0,0.0,290787.45,421633.16,0
1,102175.94,6418.0,0.0,3103817.7,3205993.64,0
1,28241.51,141229.0,112987.49,0.0,28241.51,0
1,253310.99,17628.0,0.0,4896305.59,5149616.58,0
0,850760.22,27526.0,0.0,182881.0,1033641.22,0
1,262555.55,22868.03,0.0,1248044.87,1510600.43,0
0,1571495.35,26419.0,0.0,0.0,1571495.35,0
0,677396.77,0.0,0.0,1277474.93,1954871.7,0
0,823814.86,103396.0,0.0,232194.99,1056009.86,0
0,375117.79,5726.0,0.0,197230.54,572348.33,0
1,14030.56,0.0,0.0,1672302.65,1686333.21,0
1,88362.21,0.0,0.0,1021131.68,1109493.89,0
0,74105.58,0.0,0.0,133339.86,207445.44,0
1,174654.03,38023.23,0.0,1226152.22,1400806.25,0
1,47021.61,52150.0,5128.39,0.0,47021.61,0
0,200399.33,0.0,0.0,504419.31,704818.65,0
1,29929.31,27755.02,0.0,47333.77,77263.08,0
1,78109.77,0.0,0.0,341731.33,419841.09,0
0,428268.21,0.0,0.0,919682.8,1347951.01,0
1,200250.86,31758.0,0.0,205693.74,405944.6,0
1,597842.35,10299.01,0.0,7868957.22,8466799.57,0
1,56287.14,18876.85,0.0,88532.35,144819.48,0
1,161795.03,0.0,0.0,284565.3,446360.33,0
1,174669.05,0.0,0.0,253015.73,427684.78,0
1,118902.35,21213.0,0.0,0.0,118902.35,0
1,53852.07,158748.0,104895.93,3027653.61,3081505.68,0
1,176854.8,455923.0,279068.2,2710621.81,2887476.61,0
0,666686.17,21350.0,0.0,450155.58,1116841.75,0
0,308247.95,46164.0,0.0,91180.78,399428.73,0
1,160676.32,21381.0,0.0,136939.24,297615.56,0
1,81030.27,0.0,0.0,116925.04,197955.3,0
1,105599.1,0.0,0.0,256145.06,361744.16,0
0,1040810.2,52379.0,0.0,0.0,1040810.2,0
1,237093.68,10382.0,0.0,0.0,16761.79,0
1,69367.61,0.0,0.0,524365.93,593733.54,0
1,102049.65,141.0,0.0,769677.94,871727.6,0
0,740162.43,27102.0,0.0,506.0,1347353.23,0
1,146207.83,28727.0,0.0,2990141.41,3136349.24,0
1,526530.43,0.0,0.0,3824630.71,4351161.14,0
1,71170.83,0.0,0.0,263114.15,334284.98,0
1,64542.42,100453.0,35910.58,0.0,64542.42,0
1,143964.7,45735.0,0.0,0.0,143964.7,0
0,89493.45,10295.0,0.0,375514.88,465008.33,0
1,222032.87,0.0,0.0,4198588.67,4420621.54,0
1,23307.94,0.0,0.0,2008447.11,2031755.05,0
1,15872.09,0.0,0.0,306062.55,321934.64,0
1,104024.64,0.0,0.0,4077853.86,4181878.5,0
1,184239.16,20717.0,0.0,0.0,184239.16,0
1,138599.69,0.0,0.0,574671.0,713270.69,0
1,66973.57,118309.0,51335.43,0.0,66973.57,0
1,111468.41,0.0,0.0,460050.16,55845.9,0
1,32193.56,0.0,0.0,5729210.03,5761403.58,0
1,106937.54,55720.0,0.0,149282.0,256219.54,0
1,56093.83,0.0,0.0,4871498.49,4927592.32,0
1,96819.57,96428.43,0.0,899528.3,1189014.43,0
1,445850.86,76086.0,0.0,1252768.91,1698619.78,0
1,13255.01,0.0,0.0,15465602.3,15478857.32,0
1,69683.06,11318.0,0.0,0.0,69683.06,0
1,239382.71,0.0,0.0,246045.24,485427.95,0
1,128427.53,0.0,0.0,753034.13,881461.65,0
1,297539.82,866069.0,568529.18,502813.69,800353.52,0
1,211515.5,43377.0,0.0,0.0,211515.5,0
1,207514.66,5053.0,0.0,2382631.43,2590146.09,0
1,124038.63,0.0,0.0,541681.38,665720.01,0
1,196890.68,12031.0,0.0,0.0,196890.68,0
1,28585.18,0.0,0.0,43451.42,72036.6,0
0,103413.87,10594.0,0.0,0.0,103413.87,0
1,85384.78,0.0,0.0,732488.81,817873.59,0
0,355685.26,101181.0,0.0,335447.22,691132.48,0
1,243523.95,0.0,0.0,24831207.25,25074731.2,0
1,193647.59,0.0,0.0,2981278.94,3174926.53,0
1,98017.59,0.0,0.0,155473.74,253491.33,0
1,391489.4,0.0,0.0,1131683.03,1736907.28,0
1,255733.33,94518.0,0.0,12589.0,379135.94,0
1,123394.51,0.0,0.0,223616.49,347011.01,0
1,132653.21,61880.0,0.0,2238878.87,2371532.08,0
0,1301666.98,35575.0,0.0,15933.0,1457134.56,0
1,410094.8,344080.29,0.0,567270.32,977365.12,0
0,136268.12,10885.0,0.0,327393.98,463662.1,0
1,203512.9,0.0,0.0,498336.35,701849.25,0
1,12668.27,30623.0,17954.73,635328.91,860374.56,0
1,62134.33,62134.33,0.0,509204.33,571338.66,1
0,832251.27,0.0,0.0,11004099.26,12678137.0,0
1,159144.23,13788.0,0.0,2706.8,161851.03,0
1,82960.97,0.0,0.0,734278.31,817239.28,0
1,286304.47,158041.89,0.0,1318666.21,1604970.68,0
1,350079.28,0.0,0.0,1265191.35,1615270.63,0
1,66160.0,56207.0,0.0,316489.45,382649.45,0
1,98055.02,0.0,0.0,147765.61,60545.2,0
0,366222.62,0.0,0.0,4713469.22,5079691.84,0
1,131542.69,42445.0,0.0,0.0,131542.69,0
1,139437.44,0.0,0.0,218512.15,714024.35,0
1,403763.55,0.0,0.0,813950.89,1217714.44,0
0,525017.27,0.0,0.0,618155.33,1143172.6,0
1,109510.87,0.0,0.0,285477.61,394988.49,0
1,73105.39,0.0,0.0,206991.04,280096.43,0
0,1092173.39,66970.05,0.0,1508969.25,2601142.64,0
1,124757.35,707805.0,583047.65,0.0,124757.35,0
1,43764.47,152777.0,109012.53,0.0,43764.47,0
0,2732355.89,22149.0,0.0,0.0,2732355.89,0
1,232078.5,45172.0,0.0,0.0,232078.5,0
1,225321.06,0.0,0.0,622220.35,1256059.25,0
1,102187.43,60737.0,0.0,1363332.33,1465519.76,0
1,83912.76,0.0,0.0,998642.32,1082555.09,0
1,448534.88,0.0,0.0,458007.92,906542.8,0
1,264104.91,42669.99,0.0,2082515.85,2346620.76,0
1,98002.93,0.0,0.0,371916.11,469919.04,0
1,211101.65,11401.0,0.0,0.0,211101.65,0
1,466515.75,19951.0,0.0,0.0,466515.75,0
1,49011.68,0.0,0.0,543303.34,592315.02,0
1,74745.5,0.0,0.0,1123918.11,1198663.62,0
1,323319.97,9259.0,0.0,94642.89,417962.86,0
1,196714.78,13665.0,0.0,5082120.09,5278834.87,0
0,1594087.3,7296.72,0.0,5740234.64,7334321.94,0
1,32879.25,344903.0,312023.75,1271958.46,1304837.71,0
1,162575.2,0.0,0.0,288555.93,451131.13,0
1,241632.92,0.0,0.0,434593.83,676226.75,0
0,431672.01,0.0,0.0,2645170.52,3076842.54,0
1,40978.79,21338.0,0.0,0.0,40978.79,0
1,361705.66,32317.0,0.0,21453.0,383158.66,0
0,427101.45,233605.79,0.0,1260009.85,1687111.3,0
1,237210.17,243.0,0.0,0.0,237210.17,0
1,47851.38,9902.0,0.0,73741.65,121593.03,0
0,690553.73,0.0,0.0,6129151.01,6819704.74,0
1,228458.42,0.0,0.0,504229.14,732687.55,0
0,494043.23,8631.11,0.0,755504.48,1249547.72,0
1,5731.19,106755.0,101023.81,2894.4,8625.59,0
1,13867.0,45646.0,31779.0,859465.23,873332.23,0
1,223013.65,0.0,0.0,2636492.74,2859506.39,0
0,1635490.91,0.0,0.0,3454522.51,5090013.41,0
0,190242.71,0.0,0.0,1197991.72,1388234.44,0
1,282602.99,0.0,0.0,976168.78,1258771.77,0
1,160532.49,9078.0,0.0,0.0,160532.49,0
1,204644.99,0.0,0.0,711942.73,1360002.32,0
1,53934.3,0.0,0.0,1158227.91,1212162.21,0
0,231031.83,1162.0,0.0,868360.25,1099392.08,0
0,1864497.42,0.0,0.0,2103739.85,3968237.28,0
0,1366069.93,0.0,0.0,2309530.74,3675600.67,0
1,155208.91,0.0,0.0,790669.8,945878.71,0
1,60336.8,23341.0,0.0,2124158.69,2184495.49,0
0,237610.38,0.0,0.0,569167.47,806777.85,0
1,145733.21,107209.0,0.0,535650.26,681383.47,0
1,501675.77,130604.0,0.0,8756.51,510432.28,0
1,94562.05,39225.89,0.0,450429.15,544991.2,0
1,277215.56,0.0,0.0,285532.74,562748.29,0
1,47607.23,0.0,0.0,221533.22,269140.45,0
1,85932.75,11495.0,0.0,42516.29,128449.04,0
1,5379.23,0.0,0.0,34197.23,39576.46,0
1,217172.83,157586.0,0.0,3713600.81,3930773.64,0
1,258098.08,0.0,0.0,320141.87,1051391.02,0
1,487213.99,14068.0,0.0,0.0,487213.99,0
1,76820.63,0.0,0.0,154269.64,231090.28,0
1,16972.52,0.0,0.0,301832.99,318805.52,0
1,1075.36,62067.0,60991.64,1062100.76,1063176.12,0
1,30876.76,51643.0,20766.24,490050.71,520927.47,0
1,150541.87,0.0,0.0,1155650.79,900048.94,0
1,64711.63,0.0,0.0,374473.96,439185.58,0
0,18070.58,129623.38,111552.8,374782.17,392852.75,0
1,157682.78,30798.0,0.0,489437.8,647120.57,0
1,256487.49,251.0,0.0,746832.59,1003320.08,0
1,289938.67,20419.0,0.0,0.0,289938.67,0
1,355105.47,22368.0,0.0,580050.38,935155.85,0
1,60339.87,0.0,0.0,516686.25,577026.13,0
1,405531.62,69340.0,0.0,0.0,405531.62,0
1,84868.02,55560.0,0.0,411400.37,496268.39,0
1,182847.74,0.0,0.0,297072.94,479920.68,0
1,267.11,278399.91,278132.8,179667.69,179934.8,0
1,204537.18,15906.78,0.0,1289292.61,1493829.78,0
1,263219.41,370730.0,107510.59,317577.27,580796.68,0
0,791175.13,0.0,0.0,1026522.31,1817697.44,0
1,35352.4,0.0,0.0,1311032.42,1346384.82,0
0,382536.96,0.0,0.0,1630537.28,2013074.24,0
1,178219.19,3028.0,0.0,2348604.82,2526824.02,0
1,83906.11,83081.81,0.0,4783044.02,4866950.13,0
0,603615.97,0.0,0.0,2787849.76,3391465.73,0
1,144126.46,0.0,0.0,322706.03,466832.49,0
1,140599.3,6771.0,0.0,364505.86,505105.16,0
1,4315.01,249292.26,244977.25,2075380.97,2079695.98,0
1,554277.42,0.0,0.0,3039263.22,3593540.63,0
1,69171.33,38281.59,0.0,1569387.35,1638558.68,0
1,84664.57,87673.0,3008.43,0.0,84664.57,0
1,173719.35,304297.0,130577.65,1301562.28,1475281.63,0
1,241033.18,6043.0,0.0,0.0,241033.18,0
1,91456.62,84.5,0.0,365715.94,457172.55,0
1,367494.33,21246.0,0.0,918891.96,1286386.3,0
1,26254.21,0.0,0.0,3027285.95,3053540.16,0
1,77428.17,0.0,0.0,258715.33,336143.5,0
1,74924.63,5072.0,0.0,1648545.01,1723469.64,0
0,1428060.87,2553.0,0.0,87002.46,1515063.33,0
0,1053548.0,0.0,0.0,2820888.97,3874436.97,0
1,373802.48,1013.0,0.0,0.0,373802.48,0
0,132438.86,21144.0,0.0,70710.0,203148.86,0
0,1437730.39,0.0,0.0,36087410.81,37525141.2,0
1,100386.49,0.0,0.0,1599257.07,3395498.45,0
0,441137.7,0.0,0.0,724015.67,1165153.36,0
1,253585.94,0.0,0.0,2733251.18,2986837.12,0
1,15098.57,191019.31,175920.74,37026.44,52125.01,0
1,122926.85,0.0,0.0,572396.91,695323.76,0
1,41593.43,21476.0,0.0,0.0,41593.43,0
0,2171354.3,36093.85,0.0,2389398.93,4560753.23,0
1,303165.27,0.0,0.0,3658209.4,3961374.67,0
1,7904.22,29769.0,21864.78,0.0,7904.22,0
0,219009.61,134459.09,0.0,594399.81,813409.42,0
1,93928.7,0.0,0.0,2030587.01,2124515.7,0
1,196032.7,0.0,0.0,1175043.58,1371076.28,0
1,22263.5,85478.56,63215.06,445977.2,468240.71,0
1,71771.66,0.0,0.0,6871979.09,6943750.75,0
1,106647.32,59.0,0.0,0.0,106647.32,0
1,346763.02,0.0,0.0,402594.79,749357.81,0
1,68552.48,0.0,0.0,1331523.13,1400075.61,0
1,143744.8,567.0,0.0,0.0,143744.8,0
0,18679.68,0.0,0.0,513420.26,532099.95,0
1,116769.31,0.0,0.0,4167309.64,4284078.95,0
1,420491.26,20862.0,0.0,0.0,135113.76,0
0,1569714.34,492220.0,0.0,74538.35,1644252.69,0
1,4419.08,51135.0,46715.92,126028.19,130447.28,0
1,90010.69,0.0,0.0,177218.73,267229.42,0
1,97458.54,0.0,0.0,835356.52,932815.07,0
0,6248329.18,0.0,0.0,12388968.94,18637298.12,0
1,337183.7,15987.0,0.0,915532.41,1252716.11,0
1,151938.45,0.0,0.0,1376024.49,1527962.94,0
1,180461.35,3991.0,0.0,2667162.74,2847624.09,0
1,209420.65,0.0,0.0,4116558.35,4325978.99,0
1,18266.23,57195.0,38928.77,0.0,18266.23,0
1,224054.06,10673.0,0.0,5344.0,0.0,0
1,307694.86,0.0,0.0,577752.63,1809597.14,0
1,68837.87,25973.0,0.0,0.0,68837.87,0
0,217090.97,99566.0,0.0,1577678.06,2146510.79,0
1,86143.73,178137.8,91994.07,1112406.11,1198549.84,0
0,1192081.04,225317.12,0.0,4175865.27,5367946.31,0
1,249571.56,288173.55,38601.98,345187.6,594759.16,0
1,89007.12,7966.0,0.0,1523724.85,1612731.97,0
1,65005.12,36698.0,0.0,0.0,65005.12,0
1,94105.11,382.0,0.0,0.0,94105.11,0
1,187573.48,25685.0,0.0,0.0,187573.48,0
1,233332.49,227334.0,0.0,4157152.35,4390484.84,0
0,1276215.41,319829.0,0.0,690770.87,1966986.28,0
1,139265.43,548.0,0.0,910614.33,1049879.76,0
1,72233.51,4709.0,0.0,2357407.34,2429640.85,0
0,274447.27,0.0,0.0,533099.22,807546.5,0
0,393934.56,405811.34,11876.78,955349.2,1349283.76,0
1,167759.3,0.0,0.0,5020353.3,5188112.6,0
1,60440.03,0.0,0.0,1236893.86,1297333.9,0
1,207321.59,131421.0,0.0,1055709.37,1263030.96,0
1,306269.53,0.0,0.0,417183.74,723453.27,0
1,130778.56,3034.0,0.0,0.0,130778.56,0
0,394507.82,20380.0,0.0,0.0,394507.82,0
0,43959.63,0.0,0.0,1354680.42,1398640.05,0
1,133565.9,0.0,0.0,1495970.56,1629536.46,0
1,111149.76,291786.43,180636.67,132624.47,243774.24,0
1,268472.6,123286.61,0.0,5649640.32,5918112.91,0
1,31760.96,0.0,0.0,410532.18,442293.14,0
1,23209.12,0.0,0.0,365071.55,388280.67,0
0,2574733.88,40373.0,0.0,2624529.7,5199263.57,0
1,293915.26,0.0,0.0,5707597.21,6001512.48,0
1,64566.26,31548.0,0.0,4081910.54,4146476.8,0
1,119226.83,0.0,0.0,452666.3,571893.13,0
1,435249.36,0.0,0.0,7181184.96,7616434.32,0
0,1473748.26,0.0,0.0,1787477.44,3261225.69,0
1,280367.27,14672.0,0.0,165251.28,445618.55,0
1,245930.46,3620.0,0.0,141630.2,387560.66,0
1,2277.54,0.0,0.0,4802005.03,4804282.57,0
1,336174.02,1024747.75,688573.73,570702.44,906876.46,0
1,256801.38,24765.0,0.0,73310.47,330111.86,0
1,108812.61,10847.0,0.0,553788.83,662601.44,0
1,104862.63,0.0,0.0,125282.72,230145.35,0
1,180428.73,0.0,0.0,913575.73,1094004.46,0
0,1869499.02,0.0,0.0,21429178.29,23298677.3,0
1,110832.11,11533.0,0.0,0.0,110832.11,0
1,192417.61,92384.0,0.0,313897.41,506315.03,0
0,1604261.03,49678.0,0.0,0.0,1604261.03,0
1,142456.22,0.0,0.0,1459107.76,1601563.98,0
1,111162.77,0.0,0.0,402009.43,513172.2,0
1,188285.6,0.0,0.0,1172663.35,1360948.95,0
0,131437.94,33835.0,0.0,178392.91,309830.86,0
0,987349.79,0.0,0.0,987949.51,1975299.3,0
1,98874.39,0.0,0.0,3538413.1,3637287.5,0
1,36668.35,0.0,0.0,2208814.77,2830840.59,0
1,127339.87,0.0,0.0,3976004.91,4103344.78,0
0,1360846.23,493.0,0.0,517860.13,1878706.36,0
1,272160.79,397502.0,125341.21,1208885.61,1481046.41,0
1,10154.82,0.0,0.0,3096231.44,3106386.26,0
0,442977.47,0.0,0.0,3293758.93,3736736.4,0
1,175070.94,2183.0,0.0,0.0,175070.94,0
1,122763.54,0.0,0.0,2238254.68,2361018.22,0
1,243706.02,0.0,0.0,1042495.61,1359136.18,0
1,377416.79,20769.0,0.0,0.0,377416.79,0
1,66081.56,0.0,0.0,208114.42,274195.98,0
0,50760.29,193979.53,143219.24,4448387.12,4499147.41,0
0,258942.19,180.0,0.0,0.0,258942.19,0
1,27271.54,1067.0,0.0,0.0,27271.54,0
1,196483.1,0.0,0.0,2637367.87,3905331.76,0
1,29067.24,0.0,0.0,404253.34,433320.59,0
1,223961.94,0.0,0.0,274011.62,497973.55,0
0,24306.54,0.0,0.0,239348.13,263654.67,0
0,700583.57,51246.0,0.0,362461.25,1063044.82,0
1,124705.25,10641.0,0.0,0.0,124705.25,0
0,423287.14,25856.0,0.0,30676.23,453963.37,0
1,139413.36,8247.31,0.0,315017.25,454430.61,0
1,48245.0,941.0,0.0,0.0,48245.0,0
1,77237.36,0.0,0.0,187577.37,264814.73,0
1,211381.2,176493.0,0.0,0.0,211381.2,0
1,360514.14,2106.0,0.0,0.0,360514.14,0
1,103662.85,501545.0,397882.15,44329.5,147992.34,0
1,311629.05,103529.0,0.0,970364.3,1281993.34,0
1,402595.65,0.0,0.0,446325.52,848921.17,0
0,140212.99,0.0,0.0,265002.96,405215.95,0
1,27281.55,46226.0,18944.45,2302293.33,2329574.89,0
1,438631.01,0.0,0.0,3355890.47,3794521.48,0
1,456379.98,0.0,0.0,3810814.09,4441951.1,0
1,290450.81,0.0,0.0,364689.16,655139.97,0
1,386575.11,0.0,0.0,1879547.95,2266123.06,0
0,756582.49,0.0,0.0,11305202.62,12061785.12,0
1,27678.07,169485.0,141806.93,76616.45,104294.52,0
0,392691.98,0.0,0.0,14537348.19,14930040.17,0
1,11017.04,55901.0,44883.96,459990.97,471008.01,0
1,226775.4,104300.0,0.0,1330271.47,1557046.87,0
0,2793975.68,0.0,0.0,2917255.35,5711231.03,0
1,538983.86,90652.63,0.0,1219124.57,1758108.42,0
1,129745.71,0.0,0.0,233894.0,246403.67,0
1,404085.8,0.0,0.0,437555.86,986541.61,0
1,82980.27,0.0,0.0,1026362.36,1109342.63,0
0,713858.75,611699.5,0.0,754808.3,1468667.05,0
1,350321.05,195894.0,0.0,1386746.61,1737067.67,0
0,1567181.2,0.0,0.0,36331984.41,37899165.61,0
0,495032.84,677825.0,182792.16,0.0,495032.84,0
1,195354.18,41515.0,0.0,0.0,195354.18,0
0,331646.51,5835.0,0.0,176268.83,767282.18,0
1,76181.43,393782.68,317601.24,765791.0,841972.44,0
0,502441.0,72399.0,0.0,981378.25,1483819.26,0
0,369195.03,0.0,0.0,9831295.25,10200490.27,0
0,587937.71,0.0,0.0,1316067.06,1904004.77,0
0,383366.82,0.0,0.0,2171777.59,2555144.41,0
0,665985.15,0.0,0.0,1546510.71,2212495.86,0
1,274529.49,37405.0,0.0,5561703.11,5836232.6,0
1,261932.39,9853.0,0.0,2268220.45,2530152.84,0
1,311487.14,311487.14,0.0,753508.71,1064995.85,1
1,312865.8,11283.0,0.0,0.0,312865.8,0
1,104268.02,46841.0,0.0,842933.24,947201.25,0
1,167511.44,0.0,0.0,432208.66,235769.58,0
1,200880.49,0.0,0.0,5981131.9,6182012.4,0
1,38026.7,43649.0,5622.3,0.0,38026.7,0
1,308387.76,86961.0,0.0,242363.62,550751.38,0
1,268165.5,0.0,0.0,3668743.91,3936909.41,0
1,111593.3,0.0,0.0,7794666.44,7906259.74,0
1,209913.57,0.0,0.0,416267.48,626181.06,0
1,45754.44,0.0,0.0,449572.65,495327.09,0
1,202908.35,104726.0,0.0,0.0,202908.35,0
1,36020.53,0.0,0.0,42270.49,336777.18,0
1,183003.86,351235.0,168231.14,1237525.95,1420529.81,0
1,158402.75,406096.39,247693.65,185164.1,343566.85,0
1,243380.33,0.0,0.0,355301.73,598682.07,0
1,799.05,0.0,0.0,8980.26,9779.31,0
1,232029.76,0.0,0.0,370742.89,602772.65,0
1,367633.66,30969.0,0.0,483773.34,851407.0,0
0,229515.1,0.0,0.0,694148.77,923663.87,0
0,1154486.03,270.0,0.0,294453.12,1448939.15,0
0,153478.05,0.0,0.0,3627195.19,3780673.24,0
1,16345.6,11422.0,0.0,623900.62,640246.22,0
1,66060.59,178955.88,112895.29,1733089.3,1799149.89,0
1,168845.45,0.0,0.0,3199255.43,3368100.88,0
1,126861.68,1349.0,0.0,192395.14,9026847.12,0
1,333433.03,0.0,0.0,2259126.16,2592559.2,0
1,63433.06,21588.0,0.0,0.0,63433.06,0
1,451397.96,0.0,0.0,891667.58,1343065.55,0
1,102933.82,42079.0,0.0,0.0,102933.82,0
1,537626.57,331360.0,0.0,663897.2,1201523.77,0
1,88440.76,147672.0,59231.24,0.0,88440.76,0
1,120979.21,17583.0,0.0,670830.43,791809.64,0
0,709625.92,202340.0,0.0,0.0,709625.92,0
1,134580.87,25281.67,0.0,382072.67,516653.54,0
1,376246.38,0.0,0.0,1355484.24,1731730.62,0
1,190557.57,0.0,0.0,950395.05,1140952.62,0
1,183792.6,630.0,0.0,145469.51,329262.11,0
1,176577.48,0.0,0.0,651807.15,828384.64,0
1,20966.35,41836.0,20869.65,2767222.68,2788189.03,0
1,308776.21,90016.0,0.0,0.0,308776.21,0
1,25663.5,496885.0,471221.5,0.0,25663.5,0
1,7071.8,39479.0,32407.2,389263.11,396334.91,0
1,72858.32,9968.0,0.0,0.0,72858.32,0
0,3320410.54,0.0,0.0,4382371.25,7702781.79,0
1,319017.76,0.0,0.0,1104832.51,1423850.27,0
1,157618.97,936835.0,779216.03,4133337.64,4290956.61,0
1,10382.21,0.0,0.0,13508.75,23890.96,0
0,688567.22,98903.39,0.0,841546.8,1530114.02,0
1,106794.47,61766.0,0.0,2526012.66,2632807.13,0
1,6054.88,0.0,0.0,935943.84,1481689.58,0
1,57759.65,0.0,0.0,541367.93,599127.59,0
1,6754.08,0.0,0.0,196647.0,203401.08,0
1,208379.91,0.0,0.0,3603058.79,3811438.7,0
1,136558.81,0.0,0.0,849081.55,985640.37,0
1,314976.43,0.0,0.0,1806091.69,2121068.13,0
1,15096.82,556.0,0.0,206041.58,221138.4,0
1,68760.36,100989.0,32228.64,724362.11,793122.47,0
1,161526.04,0.0,0.0,231094.55,392620.59,0
0,178591.92,29965.0,0.0,45833.63,224425.55,0
0,451147.38,0.0,0.0,2559774.04,3010921.41,0
1,176406.72,493.0,0.0,0.0,176406.72,0
1,221456.1,34158.0,0.0,0.0,221456.1,0
1,164223.24,312360.0,148136.76,6058.6,170281.85,0
1,9867.97,20654.0,10786.03,0.0,9867.97,0
1,185810.27,79245.0,0.0,695734.2,881544.47,0
1,382543.35,0.0,0.0,600132.92,982676.27,0
1,234574.26,21444.0,0.0,0.0,234574.26,0
1,30456.91,53398.0,22941.09,2211103.46,2241560.37,0
1,284273.6,0.0,0.0,1065139.78,1349413.38,0
1,413032.47,11047.0,0.0,130779.49,714547.81,0
1,159787.32,119849.0,0.0,4137831.2,4297618.52,0
1,142103.17,11480.0,0.0,2663099.17,2805202.34,0
1,125030.83,0.0,0.0,4968017.92,5093048.75,0
1,200911.61,0.0,0.0,2795493.86,2996405.47,0
1,682230.06,0.0,0.0,1466146.95,2148377.01,0
1,153351.17,0.0,0.0,1685584.1,1838935.28,0
0,46664.97,0.0,0.0,5336604.04,5383269.01,0
1,478586.12,0.0,0.0,2217754.7,2696340.83,0
1,153486.84,0.0,0.0,2015092.05,2485510.43,0
1,358428.25,101333.0,0.0,3879010.25,4237438.5,0
1,34003.78,20668.0,0.0,327633.83,361637.6,0
0,686802.47,19870.0,0.0,52193.95,738996.43,0
1,479864.18,0.0,0.0,1757371.95,2237236.14,0
1,66399.44,0.0,0.0,311757.96,378157.4,0
0,10000000.0,11126.0,0.0,3015565.09,38584180.25,0
1,204539.15,0.0,0.0,778199.61,982738.77,0
0,1408408.69,0.0,0.0,1676871.91,3085280.6,0
0,1129699.99,85246.0,0.0,0.0,1129699.99,0
1,119255.58,0.0,0.0,1537056.35,1656311.93,0
1,146869.8,0.0,0.0,1801291.08,1948160.87,0
1,328074.91,0.0,0.0,843899.08,1171973.99,0
1,66071.54,159620.0,93548.46,685596.32,751667.86,0
1,390556.13,358066.0,0.0,5645257.75,6035813.88,0
1,522004.73,439789.54,0.0,5151199.34,5673204.07,0
1,28634.8,105394.0,76759.2,1251644.21,1280279.01,0
1,61427.99,0.0,0.0,392375.08,453803.08,0
1,187260.01,24294.0,0.0,1529709.12,1716969.13,0
1,80015.48,0.0,0.0,902949.17,982964.65,0
0,169154.66,0.0,0.0,1384554.73,1553709.39,0
1,155501.78,31921.0,0.0,76457.86,231959.64,0
1,334910.56,0.0,0.0,852401.77,1187312.33,0
1,48816.15,0.0,0.0,134467.59,183283.74,0
1,157241.34,0.0,0.0,333370.04,490611.38,0
1,46859.96,0.0,0.0,682619.88,729479.84,0
1,371107.99,0.0,0.0,1469485.65,1840593.64,0
1,42280.95,201.0,0.0,343817.91,386098.86,0
1,173170.54,102093.0,0.0,722714.73,895885.27,0
1,60231.49,1374.0,0.0,0.0,60231.49,0
1,49900.82,25814.0,0.0,0.0,49900.82,0
0,1435888.37,149199.0,0.0,91380.05,1527268.42,0
1,14852.57,21411.0,6558.43,40861.69,55714.26,0
1,455554.14,87064.0,0.0,1110.3,456664.44,0
1,422891.16,25712.0,0.0,2467048.38,2889939.54,0
1,70.1,0.0,0.0,2945700.75,2945770.85,0
0,537440.97,0.0,0.0,2526629.11,3064070.08,0
1,139272.58,10456.0,0.0,0.0,139272.58,0
0,1976514.92,0.0,0.0,36053272.21,38029787.13,0
1,321303.23,3444.86,0.0,2006976.24,2328279.47,0
1,4396.61,25415.0,21018.39,36166.62,40563.23,0
1,179615.5,575985.0,396369.5,11333.2,190948.71,0
1,10846.11,0.0,0.0,55641.24,66487.36,0
1,373618.31,0.0,0.0,3244643.26,3618261.57,0
1,137055.07,9926.0,0.0,7853723.28,7990778.35,0
1,411084.62,0.0,0.0,490758.57,901843.19,0
1,252000.84,108313.0,0.0,52086.1,304086.94,0
1,190438.61,30046.0,0.0,625002.4,815441.01,0
1,147937.2,0.0,0.0,8109028.24,8256965.44,0
0,218274.66,15476.0,0.0,0.0,218274.66,0
0,88899.89,0.0,0.0,726289.22,844914.22,0
1,231455.97,623.0,0.0,0.0,231455.97,0
1,286359.28,54696.0,0.0,578430.67,864789.95,0
1,276050.68,102123.0,0.0,10462859.15,10738909.83,0
1,241488.05,0.0,0.0,19274628.33,19169204.93,0
1,70430.02,0.0,0.0,99051.57,169481.59,0
0,252410.53,0.0,0.0,449272.22,701682.76,0
1,316585.53,3068.0,0.0,42865.69,359451.23,0
1,131219.68,6111.0,0.0,0.0,131219.68,0
1,87537.78,0.0,0.0,7414198.3,7501736.08,0
1,41987.38,10729.0,0.0,161553.21,203540.59,0
1,61318.02,0.0,0.0,1259384.17,1320702.18,0
0,972352.81,99843.0,0.0,1139645.44,2111998.25,0
0,3241593.3,133314.0,0.0,2187025.54,5428618.84,0
1,192636.62,5025.0,0.0,0.0,192636.62,0
0,74569.05,0.0,0.0,88192.47,162761.52,0
0,782841.9,19786.0,0.0,873758.45,1656600.35,0
0,143936.01,836.0,0.0,8694207.27,8838143.28,0
0,581108.09,7034.0,0.0,1660692.99,2241801.08,0
1,210485.77,0.0,0.0,1392651.58,1603137.35,0
1,358947.16,68481.0,0.0,0.0,358947.16,0
0,215317.68,0.0,0.0,1174217.23,1389534.91,0
1,84899.64,29761.0,0.0,0.0,84899.64,0
1,290153.11,30425.0,0.0,0.0,290153.11,0
1,17279.54,0.0,0.0,212746.79,230026.33,0
0,268992.78,0.0,0.0,2950294.23,3219287.01,0
1,53952.52,96.0,0.0,2231616.94,2285569.46,0
1,124001.56,92817.0,0.0,0.0,124001.56,0
1,139787.96,0.0,0.0,406493.01,546280.97,0
1,203292.64,31842.0,0.0,0.0,411600.52,0
0,550287.96,19106.0,0.0,0.0,550287.96,0
1,114021.47,0.0,0.0,2367506.99,2481528.46,0
0,772121.69,0.0,0.0,840179.35,1612301.03,0
1,97820.99,122.0,0.0,0.0,97820.99,0
1,233311.87,17030.0,0.0,1019477.22,1252789.09,0
0,148886.84,1569.0,0.0,277636.28,426523.11,0
1,208935.65,22810.0,0.0,0.0,208935.65,0
1,135354.95,669.0,0.0,157314.32,292669.27,0
1,144725.22,0.0,0.0,2174775.56,2319500.78,0
1,10169.01,0.0,0.0,4288101.64,4298270.65,0
1,46644.76,0.0,0.0,1799535.93,1846180.7,0
1,96739.95,0.0,0.0,10184652.72,10281392.66,0
1,151263.04,314.0,0.0,621524.2,772787.24,0
0,533018.31,0.0,0.0,2369008.06,2902026.37,0
1,171185.02,0.0,0.0,9376257.92,9547442.95,0
1,246045.59,0.0,0.0,567593.3,813638.89,0
0,1003327.51,2715.0,0.0,132559.57,1099252.71,0
1,93190.97,31817.0,0.0,0.0,93190.97,0
1,147060.84,0.0,0.0,2534783.25,2681844.09,0
1,195488.02,72858.0,0.0,421214.29,616702.31,0
1,284073.52,59805.0,0.0,0.0,199341.37,0
0,1501388.87,0.0,0.0,5385136.68,7104991.52,0
1,2665.75,0.0,0.0,2150731.34,2153397.1,0
1,174498.97,0.0,0.0,480094.5,654593.47,0
1,211677.12,135051.0,0.0,1146.46,165777.67,0
0,106989.47,6071.0,0.0,0.0,299211.65,0
1,102770.23,42147.0,0.0,0.0,0.0,0
1,61678.69,19051.0,0.0,3806954.48,3868633.18,0
0,653163.1,2033.0,0.0,0.0,653163.1,0
1,81428.64,19779.0,0.0,14652.98,96081.63,0
1,18986.79,5409.0,0.0,7281.99,26268.78,0
0,99102.93,115264.76,16161.82,1106388.55,1205491.48,0
1,161141.2,0.0,0.0,1726570.26,1887711.47,0
1,195225.56,15508.0,0.0,52111.04,247336.6,0
0,2489868.25,0.0,0.0,5996763.76,8486632.01,0
0,462497.43,0.0,0.0,483859.95,946357.38,0
1,46886.58,109.0,0.0,1031558.01,1527452.49,0
1,201008.84,0.0,0.0,10319774.93,10520783.78,0
1,210970.38,574869.0,363898.62,11092.56,222062.95,0
1,9786.27,288734.0,278947.73,1245927.81,1255714.08,0
1,237634.2,99066.0,0.0,5479932.29,5717566.48,0
1,140934.85,1064.0,0.0,7570433.34,7711368.19,0
1,28292.54,29420.0,1127.46,172872.09,201164.63,0
1,273872.46,0.0,0.0,5442405.34,5716277.8,0
1,131000.69,50933.0,0.0,79386.58,210387.27,0
1,358314.89,10149.0,0.0,4125691.5,4484006.4,0
1,82948.46,3664.0,0.0,0.0,82948.46,0
1,58799.47,14435.0,0.0,0.0,58799.47,0
1,305977.99,21162.0,0.0,218204.33,524182.32,0
1,84724.06,0.0,0.0,590835.45,675559.51,0
1,6258.91,121878.0,115619.09,103656.47,109915.38,0
1,126611.08,194399.2,67788.12,241849.54,368460.62,0
1,49860.96,64570.0,14709.04,232102.27,281963.22,0
1,236148.28,0.0,0.0,1391201.47,1627349.75,0
1,90139.03,0.0,0.0,176940.18,267079.2,0
0,470611.56,0.0,0.0,535814.93,1006426.49,0
1,401490.66,10457.0,0.0,10276506.72,10677997.39,0
1,105196.78,0.0,0.0,2459869.13,2565065.91,0
1,153145.26,11260.0,0.0,5204005.39,5357150.65,0
1,21538.81,0.0,0.0,269116.22,290655.04,0
1,305633.28,0.0,0.0,1186304.22,1491937.51,0
1,154994.66,65131.0,0.0,0.0,154994.66,0
1,497193.37,68174.0,0.0,4695993.23,5193186.59,0
1,113786.34,0.0,0.0,191588.61,305374.95,0
0,264016.32,0.0,0.0,1184477.13,1448493.45,0
1,117400.11,0.0,0.0,2384972.72,2502372.83,0
1,137753.18,0.0,0.0,158433.96,296187.14,0
1,128550.49,0.0,0.0,759117.83,887668.31,0
1,143246.91,0.0,0.0,622167.65,765414.55,0
0,158758.75,0.0,0.0,796743.81,955502.56,0
0,1182679.61,0.0,0.0,10919885.84,12102565.45,0
1,460939.53,0.0,0.0,16970422.02,17299376.93,0
0,1477447.99,3536.0,0.0,1228409.82,2705857.81,0
0,490859.24,0.0,0.0,2099128.48,2589987.72,0
1,308742.06,102266.0,0.0,697537.86,1141096.39,0
1,424645.48,0.0,0.0,542747.27,967392.76,0
1,71253.71,0.0,0.0,143472.05,214725.76,0
1,54664.37,11235.0,0.0,207471.13,262135.5,0
1,311391.89,52074.0,0.0,1543642.07,1855033.97,0
0,1376371.13,0.0,0.0,9413572.22,10789943.35,0
1,369661.7,40642.0,0.0,655572.97,1025234.67,0
1,264413.06,0.0,0.0,718668.55,983081.61,0
1,164308.28,0.0,0.0,1283654.74,1447963.02,0
1,148134.2,9033.0,0.0,6321884.64,6470018.84,0
1,63157.07,27795.68,0.0,850910.65,914067.72,0
1,360084.85,0.0,0.0,4033022.41,4393107.25,0
0,1022061.61,513.0,0.0,375198.7,1397260.31,0
1,148717.03,5517.0,0.0,5346458.58,5495175.61,0
1,314905.66,0.0,0.0,1952633.16,2267538.82,0
1,296353.46,0.0,0.0,407883.72,704237.17,0
1,489640.68,20953.0,0.0,0.0,489640.68,0
1,103248.81,26277.0,0.0,1024415.26,1127664.07,0
1,232443.35,39806.73,0.0,6318507.19,6700542.28,0
1,4980.79,14783.0,9802.21,0.0,4980.79,0
1,128169.82,14273.0,0.0,0.0,128169.82,0
1,53985.0,263.0,0.0,1583807.91,1637792.91,0
0,354220.21,0.0,0.0,578129.77,932349.98,0
1,185663.38,20976.0,0.0,508890.33,1554663.73,0
1,85871.29,0.0,0.0,403120.09,488991.38,0
0,121298.13,479454.84,358156.71,2515374.5,2636672.63,0
1,47377.65,0.0,0.0,74027.75,121405.4,0
0,185951.82,403933.0,217981.18,199153.91,385105.72,0
1,70507.63,0.0,0.0,167498.5,238006.13,0
1,312559.4,0.0,0.0,552811.37,865370.76,0
1,119790.27,120134.0,343.73,1115333.07,1235123.34,0
1,16478.56,0.0,0.0,485678.02,502156.58,0
1,135086.61,0.0,0.0,146716.6,281803.21,0
1,201277.59,218935.0,17657.41,0.0,201277.59,0
0,552463.24,0.0,0.0,557462.0,1109925.24,0
1,178790.11,0.0,0.0,330816.91,509607.02,0
0,2444314.2,0.0,0.0,11468776.82,13913091.02,0
1,33010.83,0.0,0.0,3087485.08,3120495.91,0
1,199260.59,0.0,0.0,1032105.89,1231366.48,0
1,198474.7,4318.0,0.0,0.0,198474.7,0
1,104694.74,0.0,0.0,111232.62,215927.36,0
0,898267.2,0.0,0.0,1428273.36,2326540.56,0
0,862760.87,65179.05,0.0,1348301.87,2211062.73,0
1,204071.4,15514.0,0.0,21458.0,225529.4,0
1,57807.3,2218.0,0.0,518075.86,575883.16,0
0,715191.41,0.0,0.0,4564518.46,5279709.87,0
1,134616.29,874.0,0.0,29581.04,164197.33,0
1,549950.74,20538.0,0.0,0.0,549950.74,0
1,130124.05,14556.0,0.0,153316.48,283440.53,0
1,66066.73,66066.73,0.0,0.0,66066.73,1
1,108983.78,52554.0,0.0,3426179.78,3535163.56,0
1,36064.42,54884.97,18820.55,1196160.35,1232224.77,0
1,122184.42,41534.0,0.0,856518.47,978702.89,0
1,283246.52,15647.0,0.0,330542.65,613789.18,0
1,424352.03,310867.0,0.0,528280.48,952632.51,0
1,88833.78,6965.0,0.0,147489.03,236322.8,0
0,71647.04,0.0,0.0,71877.89,143524.93,0
1,179992.15,122293.0,0.0,0.0,179992.15,0
1,63360.47,371301.25,307940.78,153824.12,217184.59,0
1,131271.22,0.0,0.0,1114944.32,1246215.54,0
0,458868.0,0.0,0.0,485326.1,944194.1,0
1,342799.93,11088.0,0.0,0.0,342799.93,0
1,639259.63,0.0,0.0,2490409.37,2883410.78,0
1,31275.49,10692.0,0.0,40939.2,72214.68,0
1,156580.69,49685.0,0.0,0.0,156580.69,0
1,65668.1,0.0,0.0,1355736.56,1421404.66,0
1,167905.36,0.0,0.0,454915.97,1287865.82,0
0,2165467.79,0.0,0.0,5579466.09,7744933.88,0
1,76951.7,0.0,0.0,13684849.95,13761801.65,0
1,2374.1,0.0,0.0,473889.51,476263.6,0
0,240061.24,355664.22,115602.98,351438.06,591499.3,0
1,41395.44,12999.0,0.0,0.0,41395.44,0
1,85261.89,45102.0,0.0,6077410.59,5731076.28,0
0,153400.2,0.0,0.0,1700099.43,1853499.63,0
1,127563.11,0.0,0.0,997095.65,1124658.76,0
1,129549.11,338005.0,208455.89,1256242.92,1385792.03,0
1,212341.0,0.0,0.0,710367.94,922708.95,0
1,55881.39,10149.0,0.0,172168.11,228049.51,0
1,43933.29,287022.56,243089.27,311915.24,355848.53,0
0,756622.72,16660.0,0.0,28046.81,784669.52,0
1,170637.02,29743.0,0.0,124246.42,294883.44,0
0,227787.78,4523.0,0.0,0.0,227787.78,0
1,197374.01,0.0,0.0,227722.06,425096.08,0
1,198808.51,0.0,0.0,2453177.25,2651985.75,0
1,114571.86,73795.0,0.0,128419.97,242991.83,0
1,9965.83,20223.0,10257.17,116381.89,2172.69,0
1,309772.8,0.0,0.0,1973502.54,2283275.33,0
1,96734.58,159597.51,62862.93,777385.6,1322505.7,0
1,62055.72,15076.0,0.0,0.0,62055.72,0
0,324035.49,14892.27,0.0,486655.03,810690.52,0
1,10486.17,344.0,0.0,1154697.55,1165183.72,0
1,34656.22,0.0,0.0,82392.52,117048.74,0
1,329278.55,0.0,0.0,1214525.36,1543803.92,0
1,184170.04,467.0,0.0,7382.7,191552.74,0
1,188507.33,0.0,0.0,1268662.97,1457170.29,0
1,133973.57,0.0,0.0,221538.91,355512.48,0
1,85565.44,26053.0,0.0,133782.77,219348.21,0
1,253544.19,0.0,0.0,2151057.31,2404601.5,0
1,10920.19,1123.0,0.0,1142274.38,1153194.57,0
0,3720955.03,0.0,0.0,6353347.93,10074302.96,0
0,233385.9,0.0,0.0,843567.19,1076953.09,0
1,399958.09,3229.0,0.0,0.0,399958.09,0
1,220333.57,333094.0,112760.43,1738707.33,1937055.81,0
1,68389.71,21365.0,0.0,8930602.9,8998992.61,0
1,135661.27,322590.0,186928.73,3637209.7,3772870.98,0
1,164915.68,120041.0,0.0,0.0,164915.68,0
1,243198.42,3619.0,0.0,559759.27,802957.69,0
1,198178.6,10383.0,0.0,49022.91,247201.52,0
1,220320.88,0.0,0.0,670073.2,890394.08,0
1,151868.11,0.0,0.0,346399.93,498268.04,0
1,355421.49,0.0,0.0,473495.03,828916.52,0
1,230862.81,11245.0,0.0,10279.44,241142.25,0
1,244964.74,0.0,0.0,5044567.21,5289531.96,0
1,262605.23,31053.0,0.0,585167.48,847772.71,0
0,205519.38,0.0,0.0,757149.59,962668.97,0
1,309977.61,31221.0,0.0,0.0,645547.82,0
1,327007.77,0.0,0.0,818643.22,1145650.99,0
0,1220094.82,29105.0,0.0,1284818.89,2504913.72,0
1,228329.59,11007.0,0.0,0.0,228329.59,0
1,128177.59,0.0,0.0,493764.38,621941.97,0
1,543772.98,0.0,0.0,1070449.18,1614222.16,0
0,546098.05,21404.0,0.0,0.0,546098.05,0
1,224926.33,330.0,0.0,0.0,224926.33,0
1,319699.35,3429.0,0.0,0.0,319699.35,0
1,148059.1,0.0,0.0,2292221.39,2440280.5,0
1,187358.46,0.0,0.0,291692.86,479051.32,0
1,89654.33,0.0,0.0,1443354.51,1805672.5,0
0,428385.66,0.0,0.0,1246968.11,1675353.78,0
0,1210236.68,0.0,0.0,3782747.83,4992984.52,0
1,167225.64,196.0,0.0,1051858.11,1219083.75,0
1,221354.39,0.0,0.0,236593.62,457948.01,0
1,215646.57,0.0,0.0,10744674.38,10960320.95,0
0,2686002.49,49528.0,0.0,0.0,2686002.49,0
1,367413.34,9967.0,0.0,0.0,367413.34,0
1,30493.69,21740.0,0.0,0.0,30493.69,0
1,16979.96,0.0,0.0,3020719.93,2963044.53,0
1,149560.36,214330.0,64769.64,0.0,149560.36,0
1,5428.97,22321.0,16892.03,0.0,5428.97,0
1,487768.64,0.0,0.0,617422.15,1105190.79,0
1,59428.41,0.0,0.0,292617.32,173670.9,0
0,730279.6,0.0,0.0,1405944.83,2136224.44,0
1,160334.98,0.0,0.0,731487.94,891822.91,0
1,206766.19,0.0,0.0,400760.4,607526.59,0
1,126454.39,203370.0,76915.61,66631.12,193085.51,0
0,194908.68,51375.0,0.0,449050.72,643959.4,0
0,382758.42,156.0,0.0,927470.3,1310228.72,0
1,113764.26,0.0,0.0,1110786.54,1424271.82,0
1,281242.49,20493.0,0.0,2852239.12,3133481.61,0
1,381869.12,610456.0,228586.88,824563.41,840914.07,0
0,811952.23,40660.0,0.0,0.0,811952.23,0
1,143901.77,0.0,0.0,2612611.67,3063496.89,0
0,103753.13,0.0,0.0,1699346.21,1803099.34,0
1,90947.38,62947.0,0.0,343199.6,434146.99,0
0,263445.63,21666.0,0.0,0.0,263445.63,0
1,358262.16,47118.0,0.0,1079192.68,1437454.84,0
1,92624.74,0.0,0.0,119160.03,211784.77,0
1,223429.67,0.0,0.0,357609.68,581039.35,0
1,198347.47,30922.0,0.0,506218.48,704565.96,0
1,318909.66,0.0,0.0,348419.88,667329.54,0
1,214046.5,21162.0,0.0,21167.0,235213.5,0
1,202816.24,72815.0,0.0,269799.97,472616.21,0
1,210793.96,0.0,0.0,5519340.88,5730134.84,0
1,77498.74,0.0,0.0,149910.36,81674.75,0
1,24945.85,4042.0,0.0,330554.65,355500.5,0
1,237821.91,0.0,0.0,540312.27,778134.18,0
1,320625.22,52952.68,0.0,2964496.63,3285121.85,0
0,174964.39,52391.0,0.0,673602.12,848566.51,0
1,196560.17,777.79,0.0,1874072.53,2070632.7,0
1,92475.67,31431.0,0.0,3749.48,96225.15,0
1,98006.87,0.0,0.0,320949.43,612179.14,0
1,274760.56,0.0,0.0,3750259.16,4025019.72,0
1,141427.05,91194.0,0.0,208104.7,349531.75,0
1,15839.8,83424.0,67584.2,0.0,15839.8,0
1,36448.64,0.0,0.0,148941.17,185389.8,0
0,360609.81,18709.29,0.0,0.0,297300.69,0
1,205405.66,151.0,0.0,223461.22,428866.88,0
1,371803.08,0.0,0.0,661983.79,1033786.87,0
1,349911.93,68348.0,0.0,109732.54,459644.47,0
0,462559.27,49829.0,0.0,0.0,462559.27,0
1,77974.97,0.0,0.0,2110924.72,2479213.18,0
1,296989.25,50053.0,0.0,849381.44,1146370.69,0
1,265655.07,0.0,0.0,1270339.69,1535994.76,0
1,201041.75,99794.0,0.0,46176.9,247218.66,0
1,218964.66,107307.12,0.0,2591924.92,2810889.58,0
1,60274.2,0.0,0.0,2181941.6,2242215.8,0
1,127614.28,30478.4,0.0,619205.09,746819.37,0
1,160406.02,2049.0,0.0,81525.38,241931.4,0
1,141167.22,69835.0,0.0,155122.86,296290.08,0
1,137723.12,0.0,0.0,2640694.6,2778417.72,0
1,82545.8,0.0,0.0,1588403.37,1670949.17,0
1,409815.67,0.0,0.0,737933.4,1147749.07,0
0,311770.29,16389.0,0.0,96367.95,408138.25,0
1,40417.84,31.0,0.0,177898.78,218316.62,0
1,301637.5,112271.0,0.0,2925383.96,3207281.36,0
0,92784.8,0.0,0.0,1072124.57,1164909.37,0
1,57445.32,0.0,0.0,1526292.57,1583737.89,0
1,229787.47,41340.0,0.0,788105.45,1017892.92,0
1,84388.37,0.0,0.0,304367.81,388756.18,0
1,191868.3,0.0,0.0,840409.75,1032278.04,0
1,233844.03,22299.0,0.0,108947.23,342791.26,0
1,301797.07,2258.0,0.0,708217.75,1010014.82,0
0,1498470.77,0.0,0.0,1820651.35,3319122.12,0
1,10261.26,201092.0,190830.74,0.0,10261.26,0
1,38038.37,0.0,0.0,150804.53,188842.9,0
1,149265.92,0.0,0.0,524464.63,673730.55,0
1,3763.81,36224.0,32460.19,179826.45,183590.26,0
1,86400.6,7553.0,0.0,1329400.53,1415801.13,0
1,52019.11,129313.0,77293.89,132308.0,184327.11,0
0,2196434.95,0.0,0.0,6390989.69,8587424.64,0
1,70716.02,0.0,0.0,2879570.7,2950286.72,0
0,381549.01,1090.0,0.0,1848885.9,2230434.91,0
1,39787.39,0.0,0.0,98138.56,137925.95,0
1,444411.67,72447.0,0.0,83141.61,527553.28,0
1,82499.77,0.0,0.0,632018.84,714518.62,0
1,427677.35,0.0,0.0,8196873.33,8624550.68,0
1,290361.5,105851.0,0.0,0.0,290361.5,0
1,129422.63,3586.0,0.0,963570.44,1092993.06,0
1,55261.2,0.0,0.0,8930310.93,8985572.13,0
1,156441.53,0.0,0.0,5153544.34,5309985.87,0
1,3885.55,175628.0,171742.45,3096999.67,3369662.71,0
1,62036.48,565.0,0.0,77950.25,139986.73,0
1,264064.65,971265.0,707200.35,2943097.46,3207162.11,0
1,510791.83,0.0,0.0,908318.79,1419110.62,0
1,165789.11,870.0,0.0,0.0,165789.11,0
1,270030.42,857.0,0.0,2391820.1,2661850.52,0
1,290465.93,0.0,0.0,1021102.04,1134660.69,0
1,223006.45,201616.0,0.0,399394.06,622400.51,0
1,39906.71,0.0,0.0,171658.34,211565.04,0
1,252663.07,11156.0,0.0,76684.18,329347.25,0
1,286676.17,62315.52,0.0,1310250.39,1596926.56,0
0,560799.3,0.0,0.0,2995711.68,3556510.98,0
1,10242.4,0.0,0.0,1544489.43,1554731.84,0
1,48524.06,272383.0,223858.94,448333.94,496858.0,0
1,114033.77,0.0,0.0,2015948.86,2129982.63,0
1,136356.18,0.0,0.0,1115299.31,1251655.48,0
0,235822.55,0.0,0.0,614988.85,850811.4,0
1,1460.7,0.0,0.0,1860396.1,1861856.81,0
1,54648.52,855506.56,800858.04,168.0,54816.52,0
1,44373.6,0.0,0.0,50383.0,666765.46,0
1,37122.42,47610.0,10487.58,0.0,37122.42,0
1,130511.42,103323.0,0.0,262340.91,392852.33,0
1,231518.86,2084.0,0.0,0.0,231518.86,0
1,99445.84,0.0,0.0,1563422.72,1662868.56,0
1,310729.11,16816.0,0.0,308409.42,619138.52,0
1,149673.69,20468.0,0.0,0.0,149673.69,0
0,1088869.79,0.0,0.0,2938650.77,4027520.56,0
1,102109.51,0.0,0.0,69684120.54,69786230.06,0
1,169519.14,307005.0,137485.86,2940185.87,3109705.01,0
1,78521.97,0.0,0.0,905896.43,984418.4,0
1,48005.34,0.0,0.0,1506059.5,1554064.83,0
1,296977.69,296977.69,0.0,250713.43,547691.11,1
1,42944.16,391.96,0.0,2008744.37,2051688.53,0
1,92275.02,0.0,0.0,945977.76,1038252.78,0
1,155503.73,11975.0,0.0,982435.93,1137939.66,0
1,199112.04,0.0,0.0,11381728.64,11580840.67,0
1,131903.73,10280.0,0.0,11100722.71,11232626.43,0
0,244107.09,0.0,0.0,13473751.35,13717858.44,0
1,291754.62,761.0,0.0,0.0,291754.62,0
1,497786.81,129.0,0.0,481303.23,979090.04,0
1,274767.74,45464.0,0.0,4119545.5,4394313.24,0
1,358629.54,0.0,0.0,1096238.48,1454868.02,0
0,390120.99,0.0,0.0,404667.67,794788.66,0
1,9930.8,21005.0,11074.2,1728659.32,1738590.12,0
1,155600.31,0.0,0.0,227750.92,383351.23,0
1,295167.29,0.0,0.0,6726396.6,7021563.9,0
1,277091.47,100094.0,0.0,330459.4,607550.87,0
0,208827.45,0.0,0.0,751674.31,960501.76,0
0,111183.19,0.0,0.0,640071.87,751255.06,0
1,48008.12,0.0,0.0,9565602.08,9613610.2,0
1,9217.25,11516.0,2298.75,10070536.24,10079753.49,0
1,176280.18,370025.0,193744.82,545140.17,438722.98,0
1,96930.33,14654.0,0.0,0.0,96930.33,0
1,168484.13,34873.0,0.0,89854.47,258338.6,0
1,8118.84,15930.0,7811.16,199782.67,207901.51,0
1,4058.54,0.0,0.0,6773225.51,6777284.05,0
1,137469.94,0.0,0.0,382595.59,594297.23,0
1,382389.05,11627.0,0.0,3138948.88,4833632.61,0
1,21487.06,0.0,0.0,211277.47,232764.53,0
0,601541.09,0.0,0.0,1234767.33,1836308.42,0
1,53075.93,0.0,0.0,329743.0,382818.93,0
1,56630.37,49714.0,0.0,6112661.93,6169292.3,0
1,19295.52,0.0,0.0,55786.4,75081.92,0
0,614980.78,0.0,0.0,12576464.99,13191445.77,0
0,9042324.9,0.0,0.0,10576657.93,19618982.83,0
1,258087.02,15647.0,0.0,217554.0,475641.02,0
1,116488.61,97363.0,0.0,0.0,116488.61,0
1,55934.58,11349.0,0.0,0.0,55934.58,0
0,386969.62,402284.0,15314.38,0.0,386969.62,0
1,135637.97,11435.0,0.0,169035.73,304673.69,0
0,408641.84,12502.0,0.0,27530.18,436172.01,0
1,108920.96,22069.0,0.0,0.0,108920.96,0
0,13189.06,18586.27,5397.21,80870.73,94059.79,0
1,275221.51,4078.0,0.0,0.0,275221.51,0
1,15149.43,465756.0,450606.57,50485.44,65634.88,0
1,115703.13,318793.0,203089.87,473976.93,589680.06,0
0,793129.1,0.0,0.0,841020.71,1634149.81,0
1,343456.53,0.0,0.0,563722.86,907179.39,0
1,62334.1,0.0,0.0,2136772.22,2199106.32,0
1,96643.05,14646.0,0.0,34798.68,131441.73,0
1,270296.87,0.0,0.0,3262059.02,3512142.98,0
0,29827.0,15438.0,0.0,5258824.14,5288651.14,0
1,111414.36,0.0,0.0,3122210.22,3233624.59,0
0,1022903.81,68259.0,0.0,0.0,2993240.39,0
1,174338.89,0.0,0.0,652057.86,826396.75,0
0,618124.96,0.0,0.0,894012.53,1512137.5,0
1,194849.32,0.0,0.0,7592520.97,7787370.29,0
0,577006.31,0.0,0.0,7758569.65,8335575.96,0
0,11056.59,0.0,0.0,11067282.59,11078339.18,0
1,156324.45,0.0,0.0,897296.96,1053621.4,0
1,425276.3,3355.0,0.0,1014943.54,1440219.84,0
1,257695.97,41888.0,0.0,212151.39,469847.37,0
1,489500.91,0.0,0.0,509984.89,999485.8,0
1,47251.12,0.0,0.0,458286.53,505537.65,0
1,487886.23,19948.0,0.0,19191.0,601152.08,0
1,44033.6,167.0,0.0,1811328.3,1855361.9,0
1,244020.97,144332.0,0.0,0.0,244020.97,0
1,272983.42,0.0,0.0,321801.35,594784.76,0
0,180865.81,0.0,0.0,1446371.28,1627237.08,0
1,50743.31,0.0,0.0,533813.1,584556.41,0
1,106561.33,0.0,0.0,535062.21,641623.54,0
1,130127.15,0.0,0.0,1409094.53,1539221.69,0
1,126838.75,0.0,0.0,356243.12,483081.87,0
0,561294.97,11430.0,0.0,1151065.54,1837960.65,0
1,25473.11,25473.11,0.0,4747.03,30220.14,1
1,255858.74,0.0,0.0,271803.01,527661.75,0
1,27680.24,183.0,0.0,0.0,27680.24,0
0,864534.96,32527.72,0.0,2086918.05,2951453.01,0
1,239278.8,118.0,0.0,1615154.99,1854433.79,0
1,66558.66,304.0,0.0,19638.28,29515.69,0
1,80320.68,146.0,0.0,132662.28,371985.57,0
1,351425.6,0.0,0.0,1569742.35,1921167.96,0
1,214965.25,0.0,0.0,583642.27,798607.51,0
0,599769.23,158.0,0.0,10124554.43,10724323.66,0
1,108803.75,0.0,0.0,366002.02,474805.77,0
1,378766.27,20687.0,0.0,141116.74,519883.01,0
1,123779.93,11763.0,0.0,651487.45,775267.38,0
0,36949.49,0.0,0.0,197305.21,234254.7,0
1,122725.92,0.0,0.0,185114.79,307840.71,0
1,27175.57,49826.0,22650.43,12313102.6,12340278.17,0
1,128188.91,7043.0,0.0,0.0,128188.91,0
1,34403.51,150203.0,115799.49,24974.52,59378.04,0
1,92796.04,5575.0,0.0,0.0,92796.04,0
0,257978.29,0.0,0.0,13859315.14,14117293.43,0
1,380591.65,0.0,0.0,3738542.75,4119134.4,0
1,48846.98,10505.0,0.0,5473.68,54320.66,0
1,80901.58,0.0,0.0,190193.26,271094.84,0
1,454085.29,0.0,0.0,1489642.34,1943727.63,0
1,435430.18,32389.0,0.0,1475891.02,1911321.2,0
1,56672.54,0.0,0.0,362323.15,418995.69,0
1,227946.73,476638.0,248691.27,255003.95,607840.66,0
0,123013.74,0.0,0.0,170290.0,293303.74,0
1,440239.2,55478.0,0.0,0.0,427968.62,0
0,1313126.28,0.0,0.0,8242904.17,9556030.45,0
0,459019.6,69851.0,0.0,257143.57,716163.17,0
1,491601.58,611628.0,120026.42,671931.73,1163533.31,0
1,184183.67,0.0,0.0,2106710.61,2290894.27,0
0,93300.56,0.0,0.0,171197.33,264497.89,0
1,175215.11,0.0,0.0,721418.85,896633.96,0
1,185433.98,103232.0,0.0,2812148.09,2997582.07,0
0,700505.06,0.0,0.0,1847894.8,2548399.86,0
0,150889.26,0.0,0.0,550376.61,567268.03,0
1,73893.86,0.0,0.0,579528.2,653422.06,0
1,19215.33,598576.0,579360.67,760812.51,780027.84,0
1,38803.76,0.0,0.0,4746923.92,4785727.68,0
1,139405.28,0.0,0.0,554064.55,693469.84,0
1,188352.98,0.0,0.0,424533.94,612886.91,0
1,62784.76,0.0,0.0,110206.16,172990.93,0
1,288099.58,0.0,0.0,1187767.08,1475866.66,0
1,134919.95,91294.0,0.0,213501.73,620297.26,0
1,161871.31,58597.0,0.0,6928.86,168800.17,0
1,219708.37,19944.0,0.0,9588.83,229297.2,0
1,666714.5,39108.0,0.0,0.0,997017.52,0
0,1167608.56,0.0,0.0,1389723.69,2557332.25,0
0,2575293.69,0.0,0.0,4888186.42,8459257.73,0
1,227603.26,41731.0,0.0,25760.28,253363.54,0
1,96694.84,0.0,0.0,1558999.5,1655694.34,0
1,106755.11,0.0,0.0,834573.5,941328.62,0
1,249838.69,0.0,0.0,1174147.84,1423986.52,0
1,103504.34,0.0,0.0,272661.71,376166.05,0
1,57921.58,43462.0,0.0,0.0,57921.58,0
1,22488.3,0.0,0.0,200353.97,222842.27,0
1,352807.12,0.0,0.0,2149849.5,2502656.62,0
0,2082592.91,0.0,0.0,2450830.08,4533422.99,0
1,132574.14,18911.0,0.0,0.0,132574.14,0
1,169751.16,8476.44,0.0,328168.3,497919.46,0
1,469322.72,18199.0,0.0,0.0,591641.73,0
1,239849.18,17053.0,0.0,0.0,239849.18,0
1,372387.74,0.0,0.0,2223385.37,2595773.1,0
1,187834.92,12099.0,0.0,1660824.07,1848659.0,0
1,83221.16,0.0,0.0,238316.04,321537.19,0
1,197885.04,178817.0,0.0,395857.51,593742.55,0
0,1013751.13,0.0,0.0,8256130.4,9092491.97,0
0,2100.0,2100.0,0.0,0.0,0.0,1
1,114149.09,0.0,0.0,557434.97,671584.06,0
1,33005.25,0.0,0.0,354932.7,387937.94,0
0,100336.81,610368.0,510031.19,153848.4,254185.21,0
1,436161.48,39005.0,0.0,626122.42,1062283.9,0
1,250271.39,28013.0,0.0,729256.88,979528.27,0
1,44603.87,2256.0,0.0,77793.14,122397.0,0
1,205880.75,0.0,0.0,3095550.16,3301430.91,0
1,316740.01,0.0,0.0,1766973.07,2083713.08,0
1,93163.92,396704.0,303540.08,1915797.42,2008961.33,0
0,1013324.96,10424.0,0.0,949343.65,1962668.61,0
0,380687.37,0.0,0.0,10972209.86,11352897.23,0
0,363184.0,914.0,0.0,183222.84,546406.84,0
0,1560615.93,290941.41,0.0,1967948.66,3528564.59,0
1,54110.71,0.0,0.0,2119969.25,2174079.96,0
0,949909.65,0.0,0.0,1205390.07,2155299.72,0
1,123469.12,113810.1,0.0,1458896.39,1582365.51,0
1,35375.59,0.0,0.0,246855.2,282230.79,0
1,148991.57,0.0,0.0,173060.96,322052.53,0
1,35098.3,301697.0,266598.7,145768.75,180867.05,0
1,19237.23,15077.0,0.0,0.0,19237.23,0
1,53954.36,22793.0,0.0,226325.86,280280.22,0
1,470009.15,198879.0,0.0,0.0,470009.15,0
0,626719.54,6.0,0.0,307695.5,697706.18,0
0,1600401.2,31475.0,0.0,0.0,1600401.2,0
1,305739.07,1079.0,0.0,893511.34,1199250.41,0
1,11756.15,0.0,0.0,1759246.75,1771002.9,0
1,46142.2,28408.66,0.0,1228597.92,1274740.11,0
1,243509.18,15220.23,0.0,914767.71,1158276.88,0
1,300187.55,6245.0,0.0,1026349.83,1326537.38,0
1,101651.42,0.0,0.0,112168.71,213820.13,0
1,59921.52,27297.0,0.0,0.0,59921.52,0
1,96953.72,10547.0,0.0,1281140.27,1378093.99,0
1,40312.02,81045.59,40733.56,112892.0,416467.55,0
1,38685.87,20496.0,0.0,576706.35,615392.22,0
1,145670.12,557392.0,411721.88,0.0,145670.12,0
1,250646.75,3013.0,0.0,656321.47,906968.22,0
1,153771.09,0.0,0.0,2997542.97,3151314.06,0
1,302648.41,0.0,0.0,388701.85,641170.09,0
0,1405566.36,0.0,0.0,5128342.07,6533908.43,0
1,128405.96,0.0,0.0,580224.86,708630.82,0
1,122343.43,0.0,0.0,3366318.87,3488662.31,0
1,202001.73,0.0,0.0,2163595.23,2365596.97,0
1,561015.34,32245.0,0.0,606023.74,1167039.08,0
1,198313.03,85305.0,0.0,0.0,198313.03,0
1,348746.71,59825.0,0.0,0.0,348746.71,0
0,390164.89,0.0,0.0,510123.68,900288.57,0
1,131167.7,10358.0,0.0,0.0,131167.7,0
1,107789.13,11154.0,0.0,0.0,107789.13,0
1,294759.59,20246.0,0.0,591799.71,886559.3,0
1,61295.78,0.0,0.0,68941.98,130237.76,0
0,788595.33,52585.0,0.0,0.0,788595.33,0
1,57185.39,0.0,0.0,858814.56,915999.95,0
1,19739.65,0.0,0.0,121551.0,141290.65,0
1,152532.17,0.0,0.0,616138.7,768670.87,0
1,138137.03,10378.0,0.0,474013.99,612151.03,0
1,82444.21,0.0,0.0,9451782.97,9534227.18,0
1,261409.92,1883.0,0.0,0.0,261409.92,0
0,1106823.83,6000.0,0.0,2355137.19,3461961.02,0
1,202955.54,174396.0,0.0,1614651.13,1817606.67,0
1,128136.61,0.0,0.0,1753484.22,1881620.83,0
1,222782.6,0.0,0.0,341268.18,584184.07,0
1,167984.21,298750.66,130766.45,184420.25,352404.46,0
1,77102.75,109351.0,32248.25,0.0,77102.75,0
1,49333.54,9910.0,0.0,0.0,49333.54,0
1,26613.12,0.0,0.0,60928.18,87541.3,0
1,85604.98,25239.0,0.0,923262.35,1008867.34,0
1,14919.8,21354.0,6434.2,0.0,14919.8,0
1,32995.34,62788.0,29792.66,30264.22,63259.56,0
1,119223.77,2567.0,0.0,3328913.02,3448136.79,0
1,14407.06,49731.0,35323.94,0.0,14407.06,0
1,109029.77,12859.0,0.0,329975.13,439004.9,0
1,142758.36,0.0,0.0,224653.55,367411.92,0
1,31236.74,20899.0,0.0,4749.61,35986.36,0
0,743718.74,0.0,0.0,1492532.86,2236251.59,0
0,1119620.5,0.0,0.0,1329427.9,2449048.4,0
1,460745.13,771.0,0.0,0.0,460745.13,0
0,1177926.56,99627.0,0.0,0.0,1177926.56,0
1,118891.88,0.0,0.0,169877.29,288769.18,0
1,286151.67,57363.0,0.0,238265.76,524417.43,0
1,171210.93,0.0,0.0,261501.79,432712.72,0
1,24304.34,0.0,0.0,1806212.27,2076380.67,0
1,18857.29,0.0,0.0,89328.06,108185.36,0
1,149724.38,0.0,0.0,322269.87,471994.26,0
0,408279.23,317.0,0.0,382076.48,790355.72,0
0,241763.03,22837.0,0.0,77608.08,319371.1,0
1,27257.5,137636.0,110378.5,427395.99,454653.49,0
0,1127193.04,40126.0,0.0,444237.24,1571430.28,0
0,90136.68,650324.0,560187.32,897189.61,987326.29,0
1,524106.86,0.0,0.0,1303115.69,2589169.83,0
1,465439.02,78164.2,0.0,912467.79,1471895.13,0
1,391279.76,543667.0,152387.24,0.0,391279.76,0
