{
    "block_no": 1,
    "block_hash": "00000427dd68ccb8775f899b56275aff72c2ee7bb4ea63341419a896bd45da5e",
    "previous_hash": "0000000000000000000000000000000000000000000000000000000000000000",
    "nonce": 121016,
    "data": {
        "taining_accuracy": 0.926723070811287,
        "testing_accuracy": 0.9288725115714734,
        "overall_accuracy": 0.9288725115714735,
        "precision": 0.93383637146092,
        "recall": 0.9288725115714735,
        "f1score": 0.9286684716755618,
        "fbeta": 0.9283307002127105,
        "true_positive_rate": 0.9823556374421426,
        "true_negative_rate": 0.8753893857008044,
        "false_positive_rate": 0.12461061429919561,
        "false_negative_rate": 0.046644362557857368,
        "hash": "8e5e79e98daedbe7491844f32768c370eb9e635018f451468d227406f0f926a8"
    }
}
