{
    "block_no": 2,
    "block_hash": "00078e1ebfa4d3998d0a59a42586f9cd24ab6b6f66982d76a2bd385f0f87198f",
    "previous_hash": "000c31a6f912e80b6f1ef9987e331099305b505f26d90c8899fe35afac69039f",
    "nonce": 3090,
    "data": {
        "taining_accuracy": 0.9482638195968869,
        "testing_accuracy": 0.9296716659910822,
        "overall_accuracy": 0.9296716659910823,
        "precision": 0.9298931785269424,
        "recall": 0.9296716659910822,
        "f1score": 0.9296626052432868,
        "fbeta": 0.9191243017195643,
        "true_positive_rate": 0.918321848398865,
        "true_negative_rate": 0.9410214835832995,
        "false_positive_rate": 0.05897851641670045,
        "false_negative_rate": 0.08167815160113498,
        "hash": "2af8d0beab489d90c8ec88ec58b02bd1e60f8e7ca6d5356d91ee9e36a8ffb216"
    }
}
