{
    "block_no": 2,
    "block_hash": "000008f0573d749198a41e17d1b74a47a985ae8d07a32490e5403323af2bcc2e",
    "previous_hash": "00000427dd68ccb8775f899b56275aff72c2ee7bb4ea63341419a896bd45da5e",
    "nonce": 1809558,
    "data": {
        "taining_accuracy": 0.9422316697104877,
        "testing_accuracy": 0.9394492066387015,
        "overall_accuracy": 0.9394492066387015,
        "precision": 0.9406481191580419,
        "recall": 0.9394492066387015,
        "f1score": 0.9394079920540135,
        "fbeta": 0.9152046783625731,
        "true_positive_rate": 0.9133685938354915,
        "true_negative_rate": 0.9655298194419114,
        "false_positive_rate": 0.03447018055808864,
        "false_negative_rate": 0.041723140616450848,
        "hash": "d27b3f386a6a27f6af86e88778031ee34658e80452a6360e29ae38f255d5799c"
    }
}
