{
    "block_no": 2,
    "block_hash": "0006aedef7ce2eda7148dc0296fe384b1ba51c2429e6ce1eed1e6033764d93bb",
    "previous_hash": "0000000000000000000000000000000000000000000000000000000000000000",
    "nonce": 319,
    "data": {
        "taining_accuracy": 0.8623526803963452,
        "testing_accuracy": 0.8621399361883793,
        "overall_accuracy": 0.8621399361883791,
        "precision": 0.8892602906575934,
        "recall": 0.862139936188379,
        "f1score": 0.8596961405502157,
        "fbeta": 0.9841258412841464,
        "true_positive_rate": 0.9941167483035995,
        "true_negative_rate": 0.7301631240731586,
        "false_positive_rate": 0.2698368759268413,
        "false_negative_rate": 0.005883251696400485,
        "hash": "02813ac8df722e5ab87a570279b0fba873aebbc94c8278b12b1c1f87e016bffb"
    }
}
