{
    "block_no": 3,
    "block_hash": "000007f2a67c8f2750c3202a2c04dfd2e83f77d6b151404fc248d2c3f732d84f",
    "previous_hash": "000008f0573d749198a41e17d1b74a47a985ae8d07a32490e5403323af2bcc2e",
    "nonce": 1049685,
    "data": {
        "taining_accuracy": 0.9441997304985776,
        "testing_accuracy": 0.9403375707073779,
        "overall_accuracy": 0.9503375707073779,
        "precision": 0.9505291134926642,
        "recall": 0.9503375707073779,
        "f1score": 0.9503322916416568,
        "fbeta": 0.9598859293369641,
        "true_positive_rate": 0.9606471625813515,
        "true_negative_rate": 0.9400279788334043,
        "false_positive_rate": 0.0599720211665957,
        "false_negative_rate": 0.0393528374186485,
        "hash": "bfecdde6afc678ff3f4c06d645d776aa55e2eb3a06e3da18e835685c66e21f37"
    }
}
