{
    "block_no": 4,
    "block_hash": "0006c11038f174db082a60c4a1fd50fe11009a7acd75117c9e95e487ad0b71f4",
    "previous_hash": "00078e1ebfa4d3998d0a59a42586f9cd24ab6b6f66982d76a2bd385f0f87198f",
    "nonce": 1743,
    "data": {
        "taining_accuracy": 0.9654174359998005,
        "testing_accuracy": 0.9576700800973335,
        "overall_accuracy": 0.9576700800973335,
        "precision": 0.9583540436385314,
        "recall": 0.9576700800973335,
        "f1score": 0.9576542828511557,
        "fbeta": 0.9755352991795779,
        "true_positive_rate": 0.9769846902565142,
        "true_negative_rate": 0.9383554699381527,
        "false_positive_rate": 0.06164453006184731,
        "false_negative_rate": 0.023015309743485753,
        "hash": "f8b0e3a34269758045e84d008dee2dd3351a498b323e3a65f43f9380b8d1a1f1"
    }
}
