{
    "block_no": 5,
    "block_hash": "00000d1ad7bf2cc072b359f293ee5eca53f4312c63918f3002f3f0ed435a203a",
    "previous_hash": "0000000a7da0bb1d7167aaa0cdc2860a30498106995b945e677c6077ff9da22f",
    "nonce": 2260185,
    "data": {
        "taining_accuracy": 0.9659352548751283,
        "testing_accuracy": 0.969237917408485,
        "overall_accuracy": 0.949237917408485,
        "precision": 0.9515957137832314,
        "recall": 0.969237917408485,
        "f1score": 0.9491715731779944,
        "fbeta": 0.9826354306499805,
        "true_positive_rate": 0.9853662773025316,
        "true_negative_rate": 0.9131095575144383,
        "false_positive_rate": 0.08689044248556169,
        "false_negative_rate": 0.01763372269746841,
        "hash": "5609c67093adad3cd2878ee0b0cf476cbe10504b8fa192f343007d82a94cfac0"
    }
}
