{
    "block_no": 5,
    "block_hash": "0000015583b2bc327b7ac0375d06762917a2f6d228c819b4354d8a75b965e669",
    "previous_hash": "00000adc09d038f0bb46b734b666bd5f8c1e4aac4dc40b09df66a2e5fa262192",
    "nonce": 1065891,
    "data": {
        "taining_accuracy": 0.9434514007405411,
        "testing_accuracy": 0.9517060420634599,
        "overall_accuracy": 0.9517060420634599,
        "precision": 0.9535879477247349,
        "recall": 0.95170604206346,
        "f1score": 0.9516558979625364,
        "fbeta": 0.9814806321290005,
        "true_positive_rate": 0.9839121449122665,
        "true_negative_rate": 0.9194999392146533,
        "false_positive_rate": 0.08050006078534667,
        "false_negative_rate": 0.016087855087733516,
        "hash": "8e118f830ead532a6d5f63129e3ece4359b00b482f30e4df123ba1abdde3d461"
    }
}
